	0.0	
339.41	0.00
339.79	109.00
340.17	110.20
340.55	110.80
340.94	111.40
341.32	113.00
341.70	115.60
342.08	116.40
342.46	117.00
342.84	117.40
343.22	119.20
343.60	118.80
343.98	118.00
344.36	117.60
344.74	118.60
345.12	120.20
345.50	119.40
345.88	118.40
346.26	119.00
346.64	119.00
347.02	119.20
347.40	119.00
347.78	118.80
348.15	117.40
348.53	119.20
348.91	120.20
349.29	121.20
349.67	122.80
350.05	122.60
350.43	122.20
350.81	121.60
351.19	122.20
351.57	123.00
351.95	122.40
352.33	123.40
352.71	123.80
353.09	123.60
353.47	124.40
353.84	125.00
354.22	125.00
354.60	125.20
354.98	125.00
355.36	124.40
355.74	125.00
356.12	123.40
356.50	123.60
356.88	126.40
357.25	126.40
357.63	126.00
358.01	126.00
358.39	126.80
358.77	126.20
359.15	127.00
359.53	127.20
359.90	127.60
360.28	127.80
360.66	125.80
361.04	125.60
361.42	126.40
361.80	128.00
362.17	128.60
362.55	129.60
362.93	130.60
363.31	129.40
363.69	130.20
364.06	128.60
364.44	129.80
364.82	131.20
365.20	131.00
365.58	130.20
365.95	131.00
366.33	130.40
366.71	130.80
367.09	130.60
367.46	130.60
367.84	131.40
368.22	131.20
368.60	130.60
368.97	132.20
369.35	133.00
369.73	132.20
370.11	133.00
370.48	133.00
370.86	132.80
371.24	132.40
371.62	132.60
371.99	134.80
372.37	135.00
372.75	135.40
373.12	136.60
373.50	136.20
373.88	135.40
374.25	136.00
374.63	136.40
375.01	137.00
375.38	137.00
375.76	137.40
376.14	137.40
376.51	138.60
376.89	137.00
377.27	138.80
377.64	139.20
378.02	140.60
378.40	140.80
378.77	141.20
379.15	143.00
379.53	144.20
379.90	144.60
380.28	144.80
380.66	142.20
381.03	144.80
381.41	145.00
381.78	146.20
382.16	146.20
382.54	145.40
382.91	146.80
383.29	147.80
383.66	148.80
384.04	149.20
384.42	150.40
384.79	150.20
385.17	153.00
385.54	152.60
385.92	154.00
386.29	153.40
386.67	153.60
387.05	152.60
387.42	156.80
387.80	154.60
388.17	154.80
388.55	158.00
388.92	158.80
389.30	159.20
389.67	159.60
390.05	161.40
390.42	162.00
390.80	164.80
391.17	165.00
391.55	164.00
391.92	161.60
392.30	167.20
392.67	170.20
393.05	169.20
393.42	170.80
393.80	169.20
394.17	171.60
394.55	172.80
394.92	173.80
395.30	173.60
395.67	174.00
396.05	176.00
396.42	178.20
396.80	177.60
397.17	177.60
397.55	180.80
397.92	182.00
398.29	181.40
398.67	187.20
399.04	183.20
399.42	184.40
399.79	185.60
400.17	189.00
400.54	190.20
400.91	189.00
401.29	190.00
401.66	193.40
402.04	193.40
402.41	194.40
402.78	194.60
403.16	200.60
403.53	198.20
403.90	198.80
404.28	199.20
404.65	202.80
405.03	202.40
405.40	206.00
405.77	207.80
406.15	207.40
406.52	204.40
406.89	210.80
407.27	206.80
407.64	210.80
408.01	212.80
408.39	213.40
408.76	216.00
409.13	214.40
409.51	219.80
409.88	224.60
410.25	221.80
410.62	220.00
411.00	226.40
411.37	224.60
411.74	222.80
412.12	231.40
412.49	228.80
412.86	233.80
413.23	234.40
413.61	237.20
413.98	243.80
414.35	238.80
414.73	241.80
415.10	237.00
415.47	246.00
415.84	245.20
416.22	244.80
416.59	245.40
416.96	251.40
417.33	248.80
417.70	254.80
418.08	259.60
418.45	258.00
418.82	258.80
419.19	262.00
419.57	264.80
419.94	267.20
420.31	274.20
420.68	267.60
421.05	267.40
421.42	271.20
421.80	271.60
422.17	273.80
422.54	287.00
422.91	280.40
423.28	278.20
423.65	279.20
424.03	290.80
424.40	284.80
424.77	289.60
425.14	290.60
425.51	290.20
425.88	294.40
426.25	297.60
426.63	303.00
427.00	300.40
427.37	310.40
427.74	314.20
428.11	306.00
428.48	312.80
428.85	321.40
429.22	320.40
429.59	325.80
429.97	324.60
430.34	325.80
430.71	329.80
431.08	335.80
431.45	345.00
431.82	339.80
432.19	340.60
432.56	345.80
432.93	341.40
433.30	343.20
433.67	354.20
434.04	351.20
434.41	362.60
434.78	359.40
435.15	362.20
435.52	371.40
435.89	374.40
436.26	373.60
436.63	372.60
437.00	379.60
437.37	381.20
437.74	380.20
438.11	395.20
438.48	386.80
438.85	395.40
439.22	402.40
439.59	415.80
439.96	406.60
440.33	411.40
440.70	426.00
441.07	419.80
441.44	430.00
441.81	422.20
442.18	423.20
442.55	424.40
442.92	435.80
443.29	436.00
443.66	431.80
444.03	439.40
444.40	438.40
444.77	452.20
445.14	446.80
445.51	459.00
445.88	452.20
446.24	456.80
446.61	463.20
446.98	457.20
447.35	475.00
447.72	476.20
448.09	468.40
448.46	461.60
448.83	478.80
449.20	481.20
449.56	478.20
449.93	485.00
450.30	477.60
450.67	496.80
451.04	482.00
451.41	481.80
451.78	498.00
452.14	494.20
452.51	495.20
452.88	492.00
453.25	495.60
453.62	505.00
453.99	505.60
454.35	511.40
454.72	518.40
455.09	518.40
455.46	530.40
455.83	535.60
456.19	532.80
456.56	534.20
456.93	532.40
457.30	538.60
457.66	534.60
458.03	548.20
458.40	540.60
458.77	546.60
459.14	562.00
459.50	561.80
459.87	543.80
460.24	568.80
460.61	565.20
460.97	567.60
461.34	569.80
461.71	570.40
462.07	569.80
462.44	592.00
462.81	598.60
463.18	600.60
463.54	590.00
463.91	613.00
464.28	606.40
464.64	603.60
465.01	606.60
465.38	624.40
465.75	616.20
466.11	624.00
466.48	624.80
466.85	625.60
467.21	625.60
467.58	635.80
467.95	649.40
468.31	650.60
468.68	652.20
469.04	672.20
469.41	685.40
469.78	671.60
470.14	683.80
470.51	690.00
470.88	698.20
471.24	695.60
471.61	717.00
471.98	711.80
472.34	724.80
472.71	728.80
473.07	743.60
473.44	739.60
473.81	756.40
474.17	748.80
474.54	766.80
474.90	771.00
475.27	772.40
475.63	785.80
476.00	797.60
476.37	791.20
476.73	794.00
477.10	824.80
477.46	830.80
477.83	823.20
478.19	840.40
478.56	854.20
478.92	861.00
479.29	873.00
479.65	864.20
480.02	878.60
480.38	894.80
480.75	906.80
481.11	905.40
481.48	926.60
481.84	926.80
482.21	933.80
482.57	948.40
482.94	946.20
483.30	966.80
483.67	974.60
484.03	977.80
484.40	992.40
484.76	995.60
485.13	1006.00
485.49	1015.60
485.86	1029.60
486.22	1032.80
486.59	1043.00
486.95	1036.40
487.31	1050.00
487.68	1059.20
488.04	1072.20
488.41	1084.20
488.77	1081.40
489.14	1092.40
489.50	1099.20
489.86	1107.60
490.23	1104.60
490.59	1116.00
490.96	1132.40
491.32	1124.60
491.68	1144.80
492.05	1148.80
492.41	1148.60
492.77	1161.20
493.14	1162.80
493.50	1185.40
493.87	1183.60
494.23	1176.20
494.59	1179.60
494.96	1203.40
495.32	1197.80
495.68	1220.60
496.05	1211.80
496.41	1213.60
496.77	1219.60
497.14	1226.20
497.50	1224.20
497.86	1232.60
498.23	1226.20
498.59	1235.20
498.95	1239.40
499.31	1255.20
499.68	1256.00
500.04	1259.60
500.40	1260.80
500.77	1259.40
501.13	1270.40
501.49	1271.40
501.85	1275.20
502.22	1268.80
502.58	1279.00
502.94	1289.20
503.30	1286.20
503.67	1282.80
504.03	1301.80
504.39	1287.80
504.75	1307.80
505.12	1303.40
505.48	1304.80
505.84	1318.00
506.20	1303.40
506.56	1310.20
506.93	1314.80
507.29	1332.80
507.65	1322.00
508.01	1337.20
508.37	1349.80
508.74	1333.40
509.10	1352.40
509.46	1348.00
509.82	1342.00
510.18	1360.20
510.54	1357.60
510.91	1354.20
511.27	1357.20
511.63	1368.80
511.99	1378.20
512.35	1372.20
512.71	1374.40
513.07	1379.60
513.43	1383.00
513.80	1383.00
514.16	1395.40
514.52	1404.80
514.88	1402.60
515.24	1411.00
515.60	1413.80
515.96	1416.80
516.32	1422.00
516.68	1440.00
517.04	1435.40
517.41	1423.40
517.77	1432.40
518.13	1439.60
518.49	1455.60
518.85	1452.00
519.21	1462.80
519.57	1468.40
519.93	1457.40
520.29	1465.60
520.65	1481.60
521.01	1483.80
521.37	1495.00
521.73	1490.60
522.09	1506.60
522.45	1509.00
522.81	1504.40
523.17	1526.20
523.53	1523.80
523.89	1508.20
524.25	1529.40
524.61	1531.80
524.97	1522.20
525.33	1540.40
525.69	1530.80
526.05	1554.20
526.41	1548.00
526.77	1554.00
527.13	1549.20
527.49	1575.20
527.85	1561.80
528.21	1581.00
528.57	1577.60
528.93	1582.80
529.29	1592.20
529.65	1588.80
530.00	1587.40
530.36	1589.80
530.72	1616.20
531.08	1605.00
531.44	1619.80
531.80	1616.80
532.16	1627.20
532.52	1616.20
532.88	1624.80
533.24	1617.60
533.59	1639.60
533.95	1622.80
534.31	1632.00
534.67	1632.60
535.03	1647.80
535.39	1631.40
535.75	1649.60
536.11	1645.40
536.46	1656.20
536.82	1654.80
537.18	1651.40
537.54	1660.80
537.90	1673.20
538.26	1654.40
538.61	1675.00
538.97	1685.20
539.33	1676.60
539.69	1682.60
540.05	1681.60
540.40	1670.40
540.76	1690.20
541.12	1689.80
541.48	1698.00
541.84	1687.80
542.19	1689.00
542.55	1689.20
542.91	1691.00
543.27	1703.60
543.62	1708.60
543.98	1707.40
544.34	1701.20
544.70	1713.80
545.05	1718.60
545.41	1728.60
545.77	1723.40
546.12	1718.40
546.48	1713.20
546.84	1719.40
547.20	1722.60
547.55	1726.80
547.91	1740.00
548.27	1731.60
548.62	1734.00
548.98	1735.20
549.34	1728.20
549.69	1746.20
550.05	1737.60
550.41	1756.40
550.77	1741.40
551.12	1746.00
551.48	1745.40
551.83	1756.00
552.19	1755.00
552.55	1769.80
552.90	1754.80
553.26	1777.40
553.62	1781.60
553.97	1773.20
554.33	1769.80
554.69	1783.60
555.04	1776.80
555.40	1796.00
555.75	1792.20
556.11	1811.00
556.47	1800.00
556.82	1808.00
557.18	1812.60
557.53	1796.20
557.89	1807.60
558.24	1827.60
558.60	1813.20
558.96	1827.60
559.31	1830.00
559.67	1835.40
560.02	1824.60
560.38	1826.00
560.73	1839.80
561.09	1850.00
561.44	1860.00
561.80	1846.40
562.16	1856.40
562.51	1861.20
562.87	1875.60
563.22	1872.60
563.58	1876.60
563.93	1883.40
564.29	1863.00
564.64	1887.20
565.00	1880.40
565.35	1889.40
565.71	1878.80
566.06	1891.00
566.41	1906.60
566.77	1892.60
567.12	1911.60
567.48	1902.00
567.83	1918.80
568.19	1913.00
568.54	1930.40
568.90	1914.60
569.25	1931.60
569.60	1945.40
569.96	1949.20
570.31	1931.00
570.67	1940.00
571.02	1953.00
571.38	1961.20
571.73	1948.40
572.08	1977.40
572.44	1950.00
572.79	1957.20
573.15	1972.80
573.50	1951.00
573.85	1980.00
574.21	1958.60
574.56	1951.00
574.91	1971.00
575.27	1961.20
575.62	1964.20
575.97	1979.60
576.33	1969.20
576.68	1979.40
577.03	1988.00
577.39	1978.00
577.74	1978.20
578.09	1981.00
578.45	1980.00
578.80	1981.60
579.15	1973.20
579.51	1980.40
579.86	1985.20
580.21	1986.20
580.57	2000.00
580.92	1980.20
581.27	1985.40
581.62	1972.60
581.98	1967.00
582.33	1978.00
582.68	1959.60
583.03	1976.40
583.39	1981.00
583.74	1981.40
584.09	1972.20
584.44	1977.40
584.80	1969.40
585.15	1963.00
585.50	1985.20
585.85	1967.00
586.21	1966.40
586.56	1983.00
586.91	1985.60
587.26	1973.40
587.61	1983.40
587.97	1954.60
588.32	1983.60
588.67	1976.40
589.02	1982.00
589.37	1955.60
589.73	1973.00
590.08	1982.80
590.43	1964.40
590.78	1964.80
591.13	1969.20
591.48	1974.00
591.83	1944.20
592.19	1962.00
592.54	1963.40
592.89	1959.80
593.24	1967.20
593.59	1966.20
593.94	1972.40
594.29	1973.80
594.64	1971.40
595.00	1972.60
595.35	1973.00
595.70	1960.40
596.05	1959.40
596.40	1962.60
596.75	1978.00
597.10	1981.40
597.45	1981.00
597.80	1972.40
598.15	1992.40
598.50	1990.80
598.85	1975.40
599.20	1972.00
599.55	1985.20
599.90	1966.20
600.26	1981.40
600.61	1996.00
600.96	1989.80
601.31	1986.80
601.66	1985.00
602.01	1987.00
602.36	1983.40
602.71	1981.60
603.06	1987.40
603.41	1989.40
603.76	2005.80
604.11	2006.80
604.46	1981.80
604.81	1999.40
605.16	1987.80
605.50	2019.80
605.85	2008.80
606.20	2020.60
606.55	2014.40
606.90	2002.60
607.25	2017.60
607.60	2013.40
607.95	2015.00
608.30	2019.20
608.65	2027.80
609.00	2041.40
609.35	2018.60
609.70	2040.00
610.05	2023.80
610.40	2036.80
610.74	2034.20
611.09	2037.20
611.44	2035.20
611.79	2036.40
612.14	2049.60
612.49	2053.80
612.84	2037.00
613.19	2053.20
613.53	2042.20
613.88	2060.20
614.23	2047.20
614.58	2036.20
614.93	2052.00
615.28	2050.60
615.62	2049.40
615.97	2055.40
616.32	2059.80
616.67	2045.80
617.02	2041.60
617.37	2056.00
617.71	2065.80
618.06	2074.20
618.41	2071.20
618.76	2072.20
619.11	2068.00
619.45	2080.20
619.80	2082.60
620.15	2071.40
620.50	2060.20
620.84	2084.20
621.19	2075.80
621.54	2060.20
621.89	2076.40
622.23	2062.40
622.58	2069.20
622.93	2058.00
623.28	2075.60
623.62	2040.80
623.97	2072.00
624.32	2054.60
624.66	2061.80
625.01	2066.40
625.36	2056.00
625.71	2052.60
626.05	2065.60
626.40	2058.00
626.75	2053.60
627.09	2057.20
627.44	2049.20
627.79	2070.60
628.13	2031.80
628.48	2059.00
628.83	2042.00
629.17	2020.40
629.52	2050.60
629.87	2039.60
630.21	2057.00
630.56	2054.20
630.90	2054.20
631.25	2040.40
631.60	2034.60
631.94	2035.40
632.29	2032.20
632.63	2044.00
632.98	2020.20
633.33	2014.60
633.67	2001.60
634.02	2013.80
634.36	2002.00
634.71	1985.60
635.06	2006.20
635.40	1982.20
635.75	2004.60
636.09	1969.20
636.44	1986.00
636.78	1970.80
637.13	1969.80
637.47	1959.00
637.82	1969.00
638.16	1949.20
638.51	1965.40
638.86	1957.40
639.20	1969.20
639.55	1953.40
639.89	1952.20
640.24	1951.60
640.58	1955.20
640.93	1937.80
641.27	1936.20
641.62	1940.00
641.96	1924.00
642.30	1925.40
642.65	1915.20
642.99	1929.80
643.34	1912.60
643.68	1912.80
644.03	1928.00
644.37	1912.60
644.72	1895.00
645.06	1909.40
645.40	1903.20
645.75	1899.80
646.09	1888.40
646.44	1906.60
646.78	1882.20
647.13	1878.40
647.47	1867.00
647.81	1876.60
648.16	1858.40
648.50	1878.00
648.85	1861.80
649.19	1863.60
649.53	1854.40
649.88	1862.00
650.22	1873.20
650.56	1865.20
650.91	1848.00
651.25	1859.40
651.59	1844.80
651.94	1851.20
652.28	1865.60
652.62	1856.60
652.97	1867.80
653.31	1840.00
653.65	1849.20
654.00	1851.00
654.34	1853.00
654.68	1845.40
655.03	1832.20
655.37	1841.20
655.71	1838.00
656.05	1825.60
656.40	1815.60
656.74	1818.80
657.08	1828.80
657.43	1841.20
657.77	1803.80
658.11	1816.80
658.45	1818.60
658.80	1814.20
659.14	1824.00
659.48	1818.20
659.82	1808.80
660.16	1812.40
660.51	1809.00
660.85	1811.20
661.19	1826.00
661.53	1826.60
661.87	1810.40
662.22	1812.20
662.56	1814.80
662.90	1832.20
663.24	1810.40
663.58	1797.80
663.93	1810.60
664.27	1796.40
664.61	1817.80
664.95	1826.00
665.29	1806.00
665.63	1796.80
665.98	1815.20
666.32	1808.40
666.66	1803.20
667.00	1810.80
667.34	1802.60
667.68	1805.00
668.02	1787.20
668.36	1797.00
668.70	1805.20
669.05	1787.40
669.39	1799.00
669.73	1798.00
670.07	1781.00
670.41	1792.40
670.75	1787.00
671.09	1793.80
671.43	1784.00
671.77	1791.80
672.11	1795.00
672.45	1790.40
672.79	1777.20
673.13	1782.20
673.47	1766.60
673.81	1792.60
674.16	1774.80
674.50	1778.20
674.84	1774.80
675.18	1765.80
675.52	1778.60
675.86	1772.60
676.20	1781.00
676.54	1760.00
676.88	1772.20
677.22	1766.60
677.56	1745.20
677.90	1757.60
678.23	1746.80
678.57	1757.20
678.91	1744.00
679.25	1751.20
679.59	1755.80
679.93	1736.40
680.27	1733.80
680.61	1735.40
680.95	1734.60
681.29	1730.20
681.63	1713.00
681.97	1721.60
682.31	1709.60
682.65	1708.20
682.99	1726.20
683.32	1701.20
683.66	1715.40
684.00	1705.40
684.34	1693.00
684.68	1683.40
685.02	1679.20
685.36	1676.60
685.70	1681.00
686.03	1676.40
686.37	1682.60
686.71	1681.00
687.05	1674.20
687.39	1663.60
687.73	1660.60
688.07	1649.20
688.40	1658.60
688.74	1653.60
689.08	1632.60
689.42	1636.20
689.76	1633.00
690.09	1631.60
690.43	1619.80
690.77	1636.40
691.11	1605.40
691.45	1600.80
691.78	1617.40
692.12	1606.00
692.46	1601.20
692.80	1592.20
693.13	1603.40
693.47	1585.00
693.81	1583.40
694.15	1580.20
694.48	1576.40
694.82	1571.40
695.16	1575.00
695.50	1559.00
695.83	1550.80
696.17	1546.20
696.51	1544.40
696.84	1547.00
697.18	1538.60
697.52	1536.80
697.85	1527.00
698.19	1519.60
698.53	1525.40
698.87	1493.80
699.20	1491.20
699.54	1486.80
699.88	1486.20
700.21	1486.80
700.55	1468.20
700.88	1476.20
701.22	1466.40
701.56	1467.40
701.89	1462.40
702.23	1445.80
702.57	1451.80
702.90	1438.00
703.24	1450.20
703.57	1431.60
703.91	1430.00
704.25	1438.00
704.58	1432.00
704.92	1430.60
705.25	1419.40
705.59	1419.20
705.93	1410.60
706.26	1415.60
706.60	1413.60
706.93	1395.80
707.27	1396.60
707.60	1412.00
707.94	1392.60
708.27	1394.40
708.61	1395.20
708.95	1375.40
709.28	1372.80
709.62	1381.60
709.95	1386.40
710.29	1371.60
710.62	1360.20
710.96	1367.00
711.29	1358.60
711.63	1360.20
711.96	1357.20
712.30	1353.80
712.63	1343.60
712.96	1327.40
713.30	1339.00
713.63	1328.20
713.97	1338.00
714.30	1316.20
714.64	1310.40
714.97	1321.80
715.31	1315.40
715.64	1310.40
715.97	1310.80
716.31	1316.60
716.64	1296.00
716.98	1313.00
717.31	1306.00
717.64	1300.20
717.98	1290.40
718.31	1299.00
718.65	1288.80
718.98	1286.20
719.31	1287.20
719.65	1285.20
719.98	1278.00
720.32	1285.20
720.65	1285.00
720.98	1284.00
721.32	1267.40
721.65	1281.80
721.98	1269.00
722.32	1287.60
722.65	1283.60
722.98	1271.00
723.32	1268.80
723.65	1262.00
723.98	1275.00
724.31	1245.00
724.65	1264.40
724.98	1260.00
725.31	1263.20
725.65	1264.60
725.98	1260.60
726.31	1250.60
726.64	1242.80
726.98	1252.60
727.31	1237.40
727.64	1246.40
727.97	1225.20
728.31	1237.20
728.64	1235.60
728.97	1232.40
729.30	1233.40
729.64	1251.20
729.97	1225.80
730.30	1223.80
730.63	1215.00
730.96	1227.00
731.30	1227.60
731.63	1232.80
731.96	1209.60
732.29	1222.60
732.62	1221.20
732.96	1217.80
733.29	1214.80
733.62	1215.40
733.95	1215.80
734.28	1214.60
734.61	1199.60
734.94	1213.20
735.28	1206.00
735.61	1205.60
735.94	1213.60
736.27	1198.80
736.60	1210.20
736.93	1209.60
737.26	1194.60
737.59	1189.60
737.92	1200.80
738.26	1202.60
738.59	1193.60
738.92	1190.00
739.25	1189.00
739.58	1185.00
739.91	1195.60
740.24	1188.00
740.57	1178.40
740.90	1180.80
741.23	1176.00
741.56	1175.00
741.89	1184.00
742.22	1166.00
742.55	1176.40
742.88	1166.60
743.21	1160.60
743.54	1162.60
743.87	1163.80
744.20	1163.60
744.53	1152.40
744.86	1161.00
745.19	1145.80
745.52	1146.60
745.85	1154.80
746.18	1154.20
746.51	1142.60
746.84	1147.60
747.17	1137.00
747.50	1126.80
747.83	1126.60
748.16	1128.40
748.49	1130.80
748.82	1127.00
749.15	1124.80
749.48	1127.40
749.81	1125.40
750.14	1114.00
750.46	1121.20
750.79	1105.60
751.12	1111.80
751.45	1111.00
751.78	1100.60
752.11	1103.40
752.44	1100.00
752.77	1091.60
753.10	1095.40
753.42	1087.20
753.75	1085.20
754.08	1079.40
754.41	1076.80
754.74	1073.80
755.07	1071.60
755.39	1070.60
755.72	1058.80
756.05	1056.80
756.38	1061.20
756.71	1057.80
757.04	1055.60
757.36	1048.80
757.69	1044.00
758.02	1055.40
758.35	1042.00
758.67	1039.60
759.00	1032.20
759.33	1036.40
759.66	1022.40
759.99	1006.60
760.31	1014.80
760.64	1009.00
760.97	1010.40
761.30	1003.80
761.62	1004.60
761.95	1004.00
762.28	998.00
762.60	981.00
762.93	978.00
763.26	985.20
763.59	977.80
763.91	977.20
764.24	963.80
764.57	980.60
764.89	968.20
765.22	957.80
765.55	962.40
765.87	959.40
766.20	946.20
766.53	953.40
766.85	953.00
767.18	942.20
767.51	944.80
767.83	937.60
768.16	917.20
768.48	920.40
768.81	925.20
769.14	915.00
769.46	914.20
769.79	910.20
770.12	908.40
770.44	897.20
770.77	902.00
771.09	884.20
771.42	885.00
771.74	883.40
772.07	883.40
772.40	868.00
772.72	881.00
773.05	879.40
773.37	865.60
773.70	857.60
774.02	857.80
774.35	855.40
774.67	841.00
775.00	844.60
775.32	843.60
775.65	833.00
775.97	837.80
776.30	835.60
776.63	825.80
776.95	827.40
777.27	816.60
777.60	812.60
777.92	812.00
778.25	809.80
778.57	807.20
778.90	804.40
779.22	798.40
779.55	798.20
779.87	794.20
780.20	795.20
780.52	790.00
780.85	781.60
781.17	772.40
781.49	768.00
781.82	772.00
782.14	769.60
782.47	766.00
782.79	761.80
783.11	764.20
783.44	754.00
783.76	755.40
784.09	739.20
784.41	744.80
784.73	741.60
785.06	731.00
785.38	727.80
785.70	728.80
786.03	736.60
786.35	720.00
786.67	725.00
787.00	721.60
787.32	711.00
787.64	717.40
787.97	714.20
788.29	709.00
788.61	702.60
788.94	709.80
789.26	702.60
789.58	702.20
789.91	710.60
790.23	712.20
790.55	705.00
790.87	695.80
791.20	707.00
791.52	702.00
791.84	696.80
792.16	696.60
792.49	697.40
792.81	692.20
793.13	696.60
793.45	697.80
793.78	700.60
794.10	692.20
794.42	695.00
794.74	687.00
795.06	698.60
795.39	706.60
795.71	694.40
796.03	695.60
796.35	697.80
796.67	699.00
797.00	700.80
797.32	693.60
797.64	698.80
797.96	701.80
798.28	703.20
798.60	708.60
798.93	704.80
799.25	703.80
799.57	704.40
799.89	705.80
800.21	698.60
800.53	698.60
800.85	710.40
801.17	699.40
801.50	699.40
801.82	691.80
802.14	693.00
802.46	687.20
802.78	694.40
803.10	699.80
803.42	700.00
803.74	689.80
804.06	689.60
804.38	690.60
804.70	688.40
805.02	691.80
805.34	698.80
805.66	696.40
805.98	696.40
806.30	701.20
806.62	691.40
806.94	692.80
807.26	690.60
807.58	684.40
807.90	691.40
808.22	680.80
808.54	682.80
808.86	695.20
809.18	674.40
809.50	688.40
809.82	685.20
810.14	685.20
810.46	679.00
810.78	680.40
811.10	685.20
811.42	691.00
811.74	676.40
812.06	689.60
812.38	678.00
812.70	671.40
813.02	675.00
813.34	676.80
813.66	671.40
813.97	678.20
814.29	673.20
814.61	667.00
814.93	674.40
815.25	672.40
815.57	669.60
815.89	671.20
816.21	667.60
816.52	670.00
816.84	665.40
817.16	661.60
817.48	665.60
817.80	662.00
818.12	660.80
818.43	660.80
818.75	658.00
819.07	652.60
819.39	653.40
819.71	654.60
820.03	653.20
820.34	654.20
820.66	650.60
820.98	645.40
821.30	651.40
821.61	641.60
821.93	646.80
822.25	645.40
822.57	644.00
822.88	644.60
823.20	638.20
823.52	635.80
823.84	641.80
824.15	634.40
824.47	633.60
824.79	648.20
825.11	641.20
825.42	639.20
825.74	635.20
826.06	640.20
826.37	631.80
826.69	631.20
827.01	627.00
827.32	629.00
827.64	627.80
827.96	623.00
828.27	629.80
828.59	616.40
828.91	623.60
829.22	623.80
829.54	622.00
829.86	619.20
830.17	622.60
830.49	623.00
830.81	614.00
831.12	616.40
831.44	612.60
831.75	615.00
832.07	616.40
832.39	614.40
832.70	605.60
833.02	606.60
833.33	606.80
833.65	608.40
833.96	606.20
834.28	603.40
834.60	600.20
834.91	601.40
835.23	604.40
835.54	596.20
835.86	598.80
836.17	600.40
836.49	595.00
836.80	597.40
837.12	595.80
837.43	592.60
837.75	595.20
838.06	593.80
838.38	586.40
838.69	590.40
839.01	583.20
839.32	588.20
839.64	581.60
839.95	583.60
840.27	581.60
840.58	569.80
840.90	574.80
841.21	579.60
841.53	569.80
841.84	569.20
842.15	564.60
842.47	562.80
842.78	562.20
843.10	565.60
843.41	562.80
843.72	557.80
844.04	557.80
844.35	551.80
844.67	551.20
844.98	546.00
845.29	551.20
845.61	549.60
845.92	541.80
846.23	542.40
846.55	540.20
846.86	543.40
847.18	538.40
847.49	539.40
847.80	539.60
848.12	531.80
848.43	530.40
848.74	536.00
849.05	529.60
849.37	524.40
849.68	530.80
849.99	523.60
850.31	516.80
850.62	517.60
850.93	516.60
851.24	513.40
851.56	511.40
851.87	512.40
852.18	508.40
852.50	506.80
852.81	513.40
853.12	505.80
853.43	511.00
853.74	504.00
854.06	503.20
854.37	500.40
854.68	495.40
854.99	495.20
855.31	499.80
855.62	491.60
855.93	488.00
856.24	487.40
856.55	478.00
856.87	480.40
857.18	481.20
857.49	481.20
857.80	479.20
858.11	471.40
858.42	470.40
858.73	478.60
859.05	471.20
859.36	460.40
859.67	462.60
859.98	457.60
860.29	460.60
860.60	461.40
860.91	454.00
861.22	459.80
861.54	454.60
861.85	455.40
862.16	458.80
862.47	449.20
862.78	446.80
863.09	440.40
863.40	446.00
863.71	439.60
864.02	434.80
864.33	435.00
864.64	433.20
864.95	434.80
865.26	426.60
865.57	428.40
865.88	421.00
866.19	423.80
866.50	420.60
866.81	419.80
867.12	420.20
867.43	419.80
867.74	412.20
868.05	418.40
868.36	414.80
868.67	410.20
868.98	412.80
869.29	404.00
869.60	408.80
869.91	403.80
870.22	397.40
870.53	402.80
870.84	394.20
871.15	394.00
871.46	394.80
871.77	389.20
872.08	387.80
872.39	383.60
872.69	389.80
873.00	384.00
873.31	382.40
873.62	382.40
873.93	377.80
874.24	377.00
874.55	376.20
874.86	375.60
875.16	369.40
875.47	369.80
875.78	365.60
876.09	364.00
876.40	361.00
876.71	363.80
877.01	358.40
877.32	357.00
877.63	352.00
877.94	356.20
878.25	357.20
878.56	350.80
878.86	351.60
879.17	348.80
879.48	352.40
879.79	344.00
880.09	338.80
880.40	340.40
880.71	343.20
881.02	340.20
881.32	332.40
881.63	340.40
881.94	333.80
882.25	334.20
882.55	340.20
882.86	336.20
883.17	330.00
883.48	334.20
883.78	334.60
884.09	330.00
884.40	323.40
884.70	330.00
885.01	329.80
885.32	323.60
885.62	322.00
885.93	328.00
886.24	323.60
886.54	325.00
886.85	321.60
887.16	326.20
887.46	317.80
887.77	323.00
888.08	316.20
888.38	319.60
888.69	321.00
888.99	320.80
889.30	318.00
889.61	316.40
889.91	321.60
890.22	314.00
890.52	313.60
890.83	314.20
891.14	313.00
891.44	311.40
891.75	315.00
892.05	311.60
892.36	316.20
892.66	311.20
892.97	309.00
893.27	309.00
893.58	312.00
893.89	315.20
894.19	311.80
894.50	311.40
894.80	313.80
895.11	309.00
895.41	316.60
895.72	316.80
896.02	316.00
896.33	315.60
896.63	315.80
896.93	311.00
897.24	313.80
897.54	314.40
897.85	314.40
898.15	311.60
898.46	311.20
898.76	312.20
899.07	312.20
899.37	314.80
899.67	316.60
899.98	313.80
900.28	311.60
900.59	316.20
900.89	310.40
901.19	309.40
901.50	313.20
901.80	314.40
902.11	315.40
902.41	313.40
902.71	311.60
903.02	313.40
903.32	309.00
903.62	309.60
903.93	310.20
904.23	313.80
904.53	311.40
904.84	312.00
905.14	307.40
905.44	309.40
905.75	309.40
906.05	310.60
906.35	307.60
906.66	306.00
906.96	309.80
907.26	309.00
907.56	306.40
907.87	308.80
908.17	307.40
908.47	310.40
908.77	305.40
909.08	306.80
909.38	310.80
909.68	309.80
909.98	302.80
910.29	304.40
910.59	305.40
910.89	307.00
911.19	307.00
911.50	305.80
911.80	300.40
912.10	302.40
912.40	306.00
912.70	297.80
913.00	301.20
913.31	303.00
913.61	302.20
913.91	299.20
914.21	295.20
914.51	298.60
914.81	299.40
915.12	297.60
915.42	297.60
915.72	298.60
916.02	295.00
916.32	290.60
916.62	296.40
916.92	296.20
917.22	295.40
917.52	292.60
917.83	290.40
918.13	289.60
918.43	292.00
918.73	296.40
919.03	292.20
919.33	289.60
919.63	286.00
919.93	288.20
920.23	288.80
920.53	288.00
920.83	286.00
921.13	287.60
921.43	282.00
921.73	282.40
922.03	285.60
922.33	280.20
922.63	281.20
922.93	282.20
923.23	277.80
923.53	281.60
923.83	277.40
924.13	281.00
924.43	279.60
924.73	274.00
925.03	280.60
925.33	273.00
925.63	280.60
925.93	279.40
926.23	273.00
926.53	270.60
926.83	272.80
927.13	273.60
927.42	270.20
927.72	271.80
928.02	268.80
928.32	271.00
928.62	273.20
928.92	269.40
929.22	269.00
929.52	268.20
929.82	267.20
930.11	266.00
930.41	266.00
930.71	267.00
931.01	263.60
931.31	264.20
931.61	266.80
931.90	256.80
932.20	261.00
932.50	258.20
932.80	259.40
933.10	258.60
933.39	261.20
933.69	254.60
933.99	258.00
934.29	256.00
934.59	256.20
934.88	253.60
935.18	254.60
935.48	253.80
935.78	255.80
936.07	249.20
936.37	250.00
936.67	251.60
936.97	245.20
937.26	251.40
937.56	249.80
937.86	246.00
938.15	247.80
938.45	245.60
938.75	245.40
939.05	245.40
939.34	245.20
939.64	245.20
939.94	241.60
940.23	242.80
940.53	241.20
940.83	239.80
941.12	239.80
941.42	239.20
941.71	238.20
942.01	237.80
942.31	237.40
942.60	235.80
942.90	233.80
943.20	236.00
943.49	236.40
943.79	236.60
944.08	233.40
944.38	232.20
944.68	229.80
944.97	232.60
945.27	233.80
945.56	231.60
945.86	229.40
946.15	231.80
946.45	229.20
946.74	227.80
947.04	228.80
947.34	227.20
947.63	226.20
947.93	224.80
948.22	224.00
948.52	223.80
948.81	224.80
949.11	224.00
949.40	223.00
949.70	220.40
949.99	221.80
950.29	220.20
950.58	221.00
950.87	217.60
951.17	217.00
951.46	217.20
951.76	213.80
952.05	215.60
952.35	215.40
952.64	212.60
952.94	213.60
953.23	215.40
953.52	211.20
953.82	210.20
954.11	211.60
954.41	212.00
954.70	210.20
954.99	211.20
955.29	208.60
955.58	209.80
955.87	206.60
956.17	204.40
956.46	207.40
956.76	206.20
957.05	203.20
957.34	205.00
957.64	203.20
957.93	203.60
958.22	199.40
958.52	202.80
958.81	202.80
959.10	203.00
959.39	199.40
959.69	198.20
959.98	197.20
960.27	200.80
960.57	198.80
960.86	196.40
961.15	195.00
961.44	196.60
961.74	195.20
962.03	197.00
962.32	195.20
962.61	194.40
962.91	191.60
963.20	191.80
963.49	193.20
963.78	190.20
964.07	190.60
964.37	188.20
964.66	188.80
964.95	191.80
965.24	188.40
965.53	187.20
965.83	186.20
966.12	188.40
966.41	186.80
966.70	183.60
966.99	185.40
967.28	183.00
967.57	181.20
967.87	186.80
968.16	182.00
968.45	182.60
968.74	183.00
969.03	181.80
969.32	180.00
969.61	180.20
969.90	178.00
970.19	180.60
970.49	181.40
970.78	180.60
971.07	180.80
971.36	179.40
971.65	174.00
971.94	173.20
972.23	175.40
972.52	175.80
972.81	174.60
973.10	172.00
973.39	172.40
973.68	172.40
973.97	172.00
974.26	169.60
974.55	170.60
974.84	170.60
975.13	169.80
975.42	171.00
975.71	169.00
976.00	168.00
976.29	167.80
976.58	169.20
976.87	169.40
977.16	167.00
977.45	166.80
977.74	169.00
978.03	166.20
978.32	163.40
978.60	166.00
978.89	164.80
979.18	161.60
979.47	164.80
979.76	162.40
980.05	163.00
980.34	161.20
980.63	162.60
980.92	162.60
981.20	160.40
981.49	159.80
981.78	162.60
982.07	161.40
982.36	160.60
982.65	158.20
982.94	159.20
983.22	158.00
983.51	158.20
983.80	157.60
984.09	158.20
984.38	158.20
984.66	157.80
984.95	158.20
985.24	155.80
985.53	155.20
985.82	155.20
986.10	155.80
986.39	154.20
986.68	155.00
986.97	154.40
987.25	156.80
987.54	151.80
987.83	153.80
988.12	154.60
988.40	154.80
988.69	155.00
988.98	151.60
989.26	151.40
989.55	150.40
989.84	151.40
990.12	153.00
990.41	151.20
990.70	152.00
990.98	150.80
991.27	148.60
991.56	149.80
991.84	151.80
992.13	150.20
992.42	149.20
992.70	150.20
992.99	147.80
993.28	150.20
993.56	147.00
993.85	146.00
994.13	146.40
994.42	146.60
994.71	147.40
994.99	146.80
995.28	145.60
995.56	146.00
995.85	147.00
996.14	145.60
996.42	144.80
996.71	146.20
996.99	146.60
997.28	144.60
997.56	143.60
997.85	145.60
998.13	144.60
998.42	144.20
998.70	143.20
998.99	144.20
999.27	142.60
999.56	142.40
999.84	143.20
1000.13	142.40
1000.41	142.40
1000.70	142.60
1000.98	140.40
1001.27	140.40
1001.55	141.20
1001.84	141.20
1002.12	140.20
1002.40	139.60
1002.69	139.80
1002.97	141.80
1003.26	140.20
1003.54	140.60
1003.83	139.40
1004.11	139.20
1004.39	140.20
1004.68	139.80
1004.96	138.60
1005.24	139.40
1005.53	139.60
1005.81	138.40
1006.10	138.20
1006.38	136.40
1006.66	135.80
1006.95	135.60
1007.23	137.40
1007.51	137.80
1007.80	134.80
1008.08	136.00
1008.36	138.00
1008.65	137.40
1008.93	136.80
1009.21	136.20
1009.49	136.00
1009.78	136.00
1010.06	134.00
1010.34	133.40
1010.63	134.80
1010.91	136.20
1011.19	135.20
1011.47	133.40
1011.76	133.00
1012.04	132.20
1012.32	134.20
1012.60	134.20
1012.88	135.00
1013.17	133.40
1013.45	131.40
1013.73	131.00
1014.01	131.60
1014.29	133.00
1014.58	133.00
1014.86	130.80
1015.14	131.80
1015.42	132.40
1015.70	132.40
1015.98	132.80
1016.27	131.60
1016.55	132.20
1016.83	131.60
1017.11	130.80
1017.39	131.20
1017.67	131.20
1017.95	130.20
1018.23	130.60
1018.52	130.80
1018.80	131.00
1019.08	132.00
1019.36	129.20
1019.64	130.40
1019.92	129.40
1020.20	130.40
1020.48	131.20
1020.76	130.80
1021.04	130.60
1021.32	128.80
1021.60	129.60
1021.88	130.80
1022.16	130.40
1022.44	129.60
1022.72	129.00
