	0.0	
339.41	0.00
339.79	109.40
340.17	111.00
340.55	112.40
340.94	113.20
341.32	114.00
341.70	115.60
342.08	116.80
342.46	116.80
342.84	116.40
343.22	118.60
343.60	117.80
343.98	118.40
344.36	119.20
344.74	119.40
345.12	119.40
345.50	119.20
345.88	118.20
346.26	119.80
346.64	119.80
347.02	118.20
347.40	118.60
347.78	119.60
348.15	119.20
348.53	119.40
348.91	120.60
349.29	120.80
349.67	123.00
350.05	122.00
350.43	122.40
350.81	122.60
351.19	122.80
351.57	122.20
351.95	123.60
352.33	124.20
352.71	124.20
353.09	122.40
353.47	121.20
353.84	122.40
354.22	122.00
354.60	122.20
354.98	121.80
355.36	121.60
355.74	123.00
356.12	122.60
356.50	123.60
356.88	123.60
357.25	124.00
357.63	124.00
358.01	123.60
358.39	125.60
358.77	124.60
359.15	125.20
359.53	125.20
359.90	125.20
360.28	124.60
360.66	124.20
361.04	124.80
361.42	126.40
361.80	126.20
362.17	126.00
362.55	127.40
362.93	125.60
363.31	125.20
363.69	126.00
364.06	127.40
364.44	128.60
364.82	128.60
365.20	127.40
365.58	128.80
365.95	128.20
366.33	129.40
366.71	129.60
367.09	129.40
367.46	127.80
367.84	128.00
368.22	128.80
368.60	130.80
368.97	131.80
369.35	130.80
369.73	129.80
370.11	131.20
370.48	130.60
370.86	131.40
371.24	132.40
371.62	133.20
371.99	132.00
372.37	132.60
372.75	132.20
373.12	131.20
373.50	133.60
373.88	133.20
374.25	133.20
374.63	132.80
375.01	134.00
375.38	134.40
375.76	135.00
376.14	135.60
376.51	134.20
376.89	135.60
377.27	136.40
377.64	136.40
378.02	136.40
378.40	138.00
378.77	137.40
379.15	138.00
379.53	138.40
379.90	138.60
380.28	139.60
380.66	140.40
381.03	140.60
381.41	141.00
381.78	140.60
382.16	143.20
382.54	142.40
382.91	142.80
383.29	144.00
383.66	143.20
384.04	145.20
384.42	146.60
384.79	144.40
385.17	144.80
385.54	146.60
385.92	149.20
386.29	147.80
386.67	149.00
387.05	148.20
387.42	148.40
387.80	150.20
388.17	153.80
388.55	152.00
388.92	151.20
389.30	149.80
389.67	151.60
390.05	156.20
390.42	154.80
390.80	154.80
391.17	158.20
391.55	156.20
391.92	160.40
392.30	155.60
392.67	159.80
393.05	161.00
393.42	159.80
393.80	160.60
394.17	163.00
394.55	163.20
394.92	163.60
395.30	163.20
395.67	166.20
396.05	165.80
396.42	167.80
396.80	167.60
397.17	167.40
397.55	167.60
397.92	173.20
398.29	173.20
398.67	172.00
399.04	174.20
399.42	174.60
399.79	179.40
400.17	175.00
400.54	176.00
400.91	175.60
401.29	180.80
401.66	180.60
402.04	182.00
402.41	179.00
402.78	182.60
403.16	182.60
403.53	185.20
403.90	188.20
404.28	185.60
404.65	187.60
405.03	187.20
405.40	191.20
405.77	189.60
406.15	191.80
406.52	191.00
406.89	192.00
407.27	191.60
407.64	196.80
408.01	199.00
408.39	199.20
408.76	197.20
409.13	201.60
409.51	204.00
409.88	203.00
410.25	205.20
410.62	207.40
411.00	210.00
411.37	211.00
411.74	210.80
412.12	212.60
412.49	212.40
412.86	211.60
413.23	216.00
413.61	214.40
413.98	222.80
414.35	219.80
414.73	219.00
415.10	220.60
415.47	223.00
415.84	228.60
416.22	222.80
416.59	223.40
416.96	227.40
417.33	229.00
417.70	232.40
418.08	238.40
418.45	238.00
418.82	233.00
419.19	240.60
419.57	238.80
419.94	236.40
420.31	251.80
420.68	246.40
421.05	243.20
421.42	244.60
421.80	246.80
422.17	247.60
422.54	257.40
422.91	253.40
423.28	254.80
423.65	258.00
424.03	257.80
424.40	258.40
424.77	261.00
425.14	264.00
425.51	261.20
425.88	268.00
426.25	268.40
426.63	271.00
427.00	274.00
427.37	279.40
427.74	290.80
428.11	275.80
428.48	284.80
428.85	287.60
429.22	286.80
429.59	286.00
429.97	290.00
430.34	293.20
430.71	288.20
431.08	292.40
431.45	301.00
431.82	301.40
432.19	304.20
432.56	309.20
432.93	309.00
433.30	308.60
433.67	317.60
434.04	317.40
434.41	321.80
434.78	320.40
435.15	321.20
435.52	334.40
435.89	333.40
436.26	335.40
436.63	329.60
437.00	338.00
437.37	333.40
437.74	336.80
438.11	349.60
438.48	345.00
438.85	350.40
439.22	361.60
439.59	362.80
439.96	360.00
440.33	361.60
440.70	371.80
441.07	365.60
441.44	381.80
441.81	365.00
442.18	370.60
442.55	375.80
442.92	385.80
443.29	385.80
443.66	372.00
444.03	384.80
444.40	385.60
444.77	398.40
445.14	391.20
445.51	403.20
445.88	397.80
446.24	399.40
446.61	409.00
446.98	397.60
447.35	415.60
447.72	418.20
448.09	409.20
448.46	405.60
448.83	409.60
449.20	418.80
449.56	413.80
449.93	420.40
450.30	418.00
450.67	430.40
451.04	418.40
451.41	420.60
451.78	431.00
452.14	429.00
452.51	429.00
452.88	431.60
453.25	432.00
453.62	445.20
453.99	436.20
454.35	445.00
454.72	451.80
455.09	451.60
455.46	457.40
455.83	465.00
456.19	461.20
456.56	465.00
456.93	458.00
457.30	467.00
457.66	469.80
458.03	476.40
458.40	474.40
458.77	478.80
459.14	484.40
459.50	479.80
459.87	468.00
460.24	491.60
460.61	489.40
460.97	491.80
461.34	496.20
461.71	491.60
462.07	493.40
462.44	510.60
462.81	519.80
463.18	512.40
463.54	511.00
463.91	527.20
464.28	520.00
464.64	522.00
465.01	522.40
465.38	540.60
465.75	530.80
466.11	545.00
466.48	537.60
466.85	539.20
467.21	539.20
467.58	549.40
467.95	557.00
468.31	556.80
468.68	565.00
469.04	574.80
469.41	586.00
469.78	581.60
470.14	589.40
470.51	591.00
470.88	599.60
471.24	595.80
471.61	616.00
471.98	609.80
472.34	624.80
472.71	622.00
473.07	632.60
473.44	632.20
473.81	644.20
474.17	644.80
474.54	654.20
474.90	660.60
475.27	652.80
475.63	674.80
476.00	673.60
476.37	677.60
476.73	684.60
477.10	704.80
477.46	709.00
477.83	700.80
478.19	718.00
478.56	731.00
478.92	738.20
479.29	738.00
479.65	734.00
480.02	749.40
480.38	760.60
480.75	767.40
481.11	770.80
481.48	782.80
481.84	785.20
482.21	791.00
482.57	797.20
482.94	806.40
483.30	820.00
483.67	829.20
484.03	827.60
484.40	832.20
484.76	840.60
485.13	859.60
485.49	859.40
485.86	865.60
486.22	873.00
486.59	887.80
486.95	884.80
487.31	897.80
487.68	891.40
488.04	910.20
488.41	915.40
488.77	907.60
489.14	923.00
489.50	924.00
489.86	935.40
490.23	942.80
490.59	944.60
490.96	956.60
491.32	957.60
491.68	971.00
492.05	968.80
492.41	975.80
492.77	983.40
493.14	981.00
493.50	988.40
493.87	993.20
494.23	999.00
494.59	1001.80
494.96	1009.40
495.32	1006.60
495.68	1019.20
496.05	1024.80
496.41	1023.20
496.77	1026.60
497.14	1035.60
497.50	1034.40
497.86	1047.20
498.23	1046.00
498.59	1032.60
498.95	1048.20
499.31	1056.40
499.68	1057.80
500.04	1061.20
500.40	1065.80
500.77	1064.60
501.13	1070.20
501.49	1065.20
501.85	1073.60
502.22	1076.20
502.58	1081.60
502.94	1073.00
503.30	1092.20
503.67	1087.40
504.03	1091.00
504.39	1089.60
504.75	1100.60
505.12	1096.60
505.48	1106.40
505.84	1098.60
506.20	1104.00
506.56	1115.60
506.93	1101.60
507.29	1124.40
507.65	1115.20
508.01	1129.00
508.37	1124.20
508.74	1121.80
509.10	1128.40
509.46	1124.40
509.82	1139.00
510.18	1143.00
510.54	1138.60
510.91	1144.60
511.27	1143.60
511.63	1149.80
511.99	1156.00
512.35	1155.60
512.71	1157.40
513.07	1165.20
513.43	1160.80
513.80	1167.60
514.16	1174.60
514.52	1184.60
514.88	1178.40
515.24	1179.60
515.60	1192.60
515.96	1185.80
516.32	1197.20
516.68	1203.80
517.04	1209.60
517.41	1207.60
517.77	1213.20
518.13	1206.20
518.49	1218.00
518.85	1219.80
519.21	1234.80
519.57	1244.20
519.93	1237.00
520.29	1241.40
520.65	1247.80
521.01	1247.20
521.37	1259.60
521.73	1240.80
522.09	1263.20
522.45	1262.60
522.81	1258.40
523.17	1267.80
523.53	1269.40
523.89	1266.40
524.25	1285.00
524.61	1278.60
524.97	1280.00
525.33	1296.20
525.69	1292.20
526.05	1298.20
526.41	1308.80
526.77	1304.80
527.13	1303.80
527.49	1321.20
527.85	1309.20
528.21	1327.40
528.57	1323.20
528.93	1329.00
529.29	1326.40
529.65	1326.20
530.00	1335.60
530.36	1335.60
530.72	1341.80
531.08	1343.40
531.44	1345.20
531.80	1362.60
532.16	1364.60
532.52	1352.00
532.88	1361.40
533.24	1359.40
533.59	1367.80
533.95	1363.80
534.31	1377.60
534.67	1364.80
535.03	1378.00
535.39	1370.80
535.75	1381.80
536.11	1374.40
536.46	1375.20
536.82	1377.60
537.18	1384.60
537.54	1381.20
537.90	1387.80
538.26	1382.00
538.61	1390.40
538.97	1402.20
539.33	1401.60
539.69	1409.40
540.05	1406.40
540.40	1405.80
540.76	1408.20
541.12	1407.40
541.48	1426.40
541.84	1410.00
542.19	1409.20
542.55	1416.60
542.91	1419.20
543.27	1423.60
543.62	1431.40
543.98	1421.60
544.34	1410.80
544.70	1438.20
545.05	1440.60
545.41	1439.80
545.77	1451.60
546.12	1442.20
546.48	1430.20
546.84	1431.80
547.20	1434.40
547.55	1440.40
547.91	1459.40
548.27	1451.40
548.62	1444.60
548.98	1452.20
549.34	1448.40
549.69	1466.20
550.05	1463.40
550.41	1463.80
550.77	1450.80
551.12	1456.00
551.48	1465.20
551.83	1480.40
552.19	1473.20
552.55	1478.80
552.90	1478.00
553.26	1487.20
553.62	1487.00
553.97	1491.60
554.33	1493.00
554.69	1501.00
555.04	1489.60
555.40	1506.40
555.75	1504.20
556.11	1514.60
556.47	1510.00
556.82	1518.80
557.18	1524.60
557.53	1501.00
557.89	1521.00
558.24	1527.00
558.60	1514.20
558.96	1522.20
559.31	1533.80
559.67	1538.20
560.02	1543.60
560.38	1523.00
560.73	1547.00
561.09	1551.20
561.44	1554.80
561.80	1550.40
562.16	1559.20
562.51	1560.80
562.87	1562.40
563.22	1562.40
563.58	1561.40
563.93	1572.00
564.29	1561.40
564.64	1576.00
565.00	1572.40
565.35	1578.40
565.71	1569.60
566.06	1591.20
566.41	1597.00
566.77	1571.20
567.12	1601.20
567.48	1592.40
567.83	1600.80
568.19	1605.80
568.54	1611.00
568.90	1616.00
569.25	1618.60
569.60	1619.80
569.96	1630.00
570.31	1607.00
570.67	1618.00
571.02	1621.00
571.38	1628.20
571.73	1634.20
572.08	1649.40
572.44	1631.00
572.79	1639.80
573.15	1648.20
573.50	1623.40
573.85	1655.60
574.21	1634.40
574.56	1631.20
574.91	1648.00
575.27	1641.40
575.62	1638.80
575.97	1649.60
576.33	1642.40
576.68	1661.40
577.03	1647.80
577.39	1649.00
577.74	1649.80
578.09	1654.00
578.45	1647.80
578.80	1660.60
579.15	1642.80
579.51	1654.60
579.86	1647.20
580.21	1656.80
580.57	1658.20
580.92	1652.60
581.27	1653.60
581.62	1655.60
581.98	1637.80
582.33	1657.40
582.68	1636.20
583.03	1639.00
583.39	1654.40
583.74	1639.60
584.09	1643.60
584.44	1651.40
584.80	1636.80
585.15	1625.60
585.50	1635.00
585.85	1643.40
586.21	1630.60
586.56	1647.80
586.91	1642.80
587.26	1650.60
587.61	1650.20
587.97	1628.20
588.32	1644.00
588.67	1637.80
589.02	1652.20
589.37	1628.00
589.73	1643.80
590.08	1658.00
590.43	1634.20
590.78	1642.80
591.13	1638.20
591.48	1641.60
591.83	1624.40
592.19	1629.20
592.54	1632.80
592.89	1634.00
593.24	1641.20
593.59	1638.60
593.94	1634.40
594.29	1643.00
594.64	1639.40
595.00	1638.00
595.35	1646.00
595.70	1636.80
596.05	1630.00
596.40	1629.20
596.75	1642.00
597.10	1652.00
597.45	1643.60
597.80	1657.80
598.15	1645.80
598.50	1644.20
598.85	1646.60
599.20	1645.40
599.55	1654.20
599.90	1646.40
600.26	1649.60
600.61	1658.60
600.96	1650.80
601.31	1658.40
601.66	1668.00
602.01	1659.60
602.36	1658.80
602.71	1662.20
603.06	1661.40
603.41	1655.40
603.76	1661.40
604.11	1674.20
604.46	1658.40
604.81	1660.40
605.16	1665.40
605.50	1670.00
605.85	1678.60
606.20	1682.20
606.55	1681.20
606.90	1669.00
607.25	1676.00
607.60	1674.20
607.95	1687.20
608.30	1688.80
608.65	1697.40
609.00	1694.80
609.35	1687.80
609.70	1697.00
610.05	1684.20
610.40	1696.40
610.74	1693.80
611.09	1693.00
611.44	1687.60
611.79	1702.00
612.14	1717.40
612.49	1710.40
612.84	1697.80
613.19	1715.40
613.53	1710.60
613.88	1736.00
614.23	1707.80
614.58	1704.80
614.93	1715.80
615.28	1705.40
615.62	1705.20
615.97	1721.20
616.32	1721.00
616.67	1715.40
617.02	1721.00
617.37	1725.60
617.71	1724.60
618.06	1742.20
618.41	1727.40
618.76	1739.80
619.11	1735.00
619.45	1742.40
619.80	1739.60
620.15	1730.40
620.50	1719.60
620.84	1731.40
621.19	1744.80
621.54	1739.40
621.89	1742.60
622.23	1730.60
622.58	1732.20
622.93	1725.00
623.28	1733.20
623.62	1709.80
623.97	1730.00
624.32	1726.80
624.66	1730.20
625.01	1718.60
625.36	1729.20
625.71	1730.80
626.05	1718.00
626.40	1723.60
626.75	1721.40
627.09	1722.20
627.44	1712.20
627.79	1726.20
628.13	1695.80
628.48	1716.40
628.83	1701.40
629.17	1697.80
629.52	1711.80
629.87	1707.60
630.21	1704.80
630.56	1729.60
630.90	1705.40
631.25	1712.40
631.60	1694.60
631.94	1696.40
632.29	1698.40
632.63	1697.20
632.98	1680.40
633.33	1684.60
633.67	1683.00
634.02	1687.40
634.36	1675.40
634.71	1659.80
635.06	1684.60
635.40	1657.00
635.75	1674.80
636.09	1647.60
636.44	1659.80
636.78	1644.40
637.13	1650.00
637.47	1650.00
637.82	1647.00
638.16	1625.80
638.51	1645.20
638.86	1624.00
639.20	1641.80
639.55	1635.80
639.89	1628.40
640.24	1618.80
640.58	1631.40
640.93	1615.60
641.27	1606.00
641.62	1614.60
641.96	1605.80
642.30	1597.40
642.65	1596.00
642.99	1597.20
643.34	1600.60
643.68	1598.40
644.03	1591.20
644.37	1592.20
644.72	1594.00
645.06	1585.80
645.40	1583.80
645.75	1590.80
646.09	1561.60
646.44	1594.00
646.78	1570.40
647.13	1572.20
647.47	1559.00
647.81	1558.40
648.16	1560.00
648.50	1561.80
648.85	1563.20
649.19	1554.40
649.53	1540.20
649.88	1544.00
650.22	1556.00
650.56	1545.00
650.91	1542.00
651.25	1542.80
651.59	1537.60
651.94	1534.60
652.28	1551.00
652.62	1532.80
652.97	1544.00
653.31	1541.00
653.65	1526.80
654.00	1538.20
654.34	1543.80
654.68	1538.80
655.03	1525.40
655.37	1536.20
655.71	1537.60
656.05	1525.00
656.40	1518.80
656.74	1522.60
657.08	1533.80
657.43	1537.60
657.77	1501.00
658.11	1512.00
658.45	1511.60
658.80	1512.20
659.14	1511.60
659.48	1500.80
659.82	1517.00
660.16	1511.60
660.51	1499.60
660.85	1502.00
661.19	1515.80
661.53	1507.60
661.87	1505.00
662.22	1505.40
662.56	1492.40
662.90	1522.80
663.24	1504.40
663.58	1499.80
663.93	1502.20
664.27	1499.40
664.61	1509.20
664.95	1511.60
665.29	1505.00
665.63	1496.20
665.98	1499.60
666.32	1510.80
666.66	1504.80
667.00	1503.20
667.34	1503.20
667.68	1510.00
668.02	1485.20
668.36	1513.40
668.70	1498.60
669.05	1494.80
669.39	1496.40
669.73	1495.20
670.07	1496.00
670.41	1493.80
670.75	1493.40
671.09	1489.20
671.43	1474.60
671.77	1494.00
672.11	1485.40
672.45	1475.60
672.79	1476.40
673.13	1500.40
673.47	1480.00
673.81	1493.60
674.16	1471.80
674.50	1477.40
674.84	1466.20
675.18	1465.80
675.52	1482.00
675.86	1472.60
676.20	1478.00
676.54	1466.40
676.88	1455.60
677.22	1468.80
677.56	1458.00
677.90	1465.20
678.23	1454.80
678.57	1463.20
678.91	1459.20
679.25	1460.80
679.59	1447.80
679.93	1445.20
680.27	1454.20
680.61	1459.20
680.95	1447.60
681.29	1451.80
681.63	1428.00
681.97	1436.00
682.31	1426.80
682.65	1429.00
682.99	1441.20
683.32	1421.80
683.66	1429.40
684.00	1426.40
684.34	1412.00
684.68	1404.80
685.02	1431.80
685.36	1404.60
685.70	1414.00
686.03	1403.40
686.37	1398.40
686.71	1387.40
687.05	1406.80
687.39	1378.40
687.73	1390.20
688.07	1377.60
688.40	1386.00
688.74	1374.80
689.08	1377.80
689.42	1374.00
689.76	1362.80
690.09	1365.80
690.43	1354.20
690.77	1378.00
691.11	1347.20
691.45	1339.00
691.78	1338.40
692.12	1333.60
692.46	1337.40
692.80	1331.60
693.13	1338.80
693.47	1324.00
693.81	1320.40
694.15	1317.20
694.48	1315.80
694.82	1305.80
695.16	1311.00
695.50	1306.20
695.83	1295.20
696.17	1299.60
696.51	1291.40
696.84	1289.60
697.18	1287.60
697.52	1295.60
697.85	1267.40
698.19	1275.20
698.53	1268.20
698.87	1257.40
699.20	1258.40
699.54	1244.00
699.88	1258.20
700.21	1244.60
700.55	1243.20
700.88	1230.00
701.22	1217.40
701.56	1235.20
701.89	1225.80
702.23	1218.80
702.57	1219.80
702.90	1201.80
703.24	1204.00
703.57	1202.00
703.91	1196.40
704.25	1194.20
704.58	1196.00
704.92	1196.20
705.25	1184.80
705.59	1187.40
705.93	1184.20
706.26	1181.80
706.60	1175.20
706.93	1165.60
707.27	1166.20
707.60	1170.60
707.94	1157.40
708.27	1160.00
708.61	1165.00
708.95	1153.00
709.28	1143.80
709.62	1142.60
709.95	1156.80
710.29	1153.00
710.62	1136.80
710.96	1138.60
711.29	1136.00
711.63	1144.80
711.96	1128.40
712.30	1137.00
712.63	1128.40
712.96	1121.40
713.30	1124.20
713.63	1113.60
713.97	1108.20
714.30	1121.60
714.64	1105.80
714.97	1102.80
715.31	1108.40
715.64	1101.40
715.97	1108.20
716.31	1106.60
716.64	1088.60
716.98	1096.40
717.31	1096.40
717.64	1087.60
717.98	1084.60
718.31	1076.40
718.65	1079.60
718.98	1062.00
719.31	1078.00
719.65	1076.80
719.98	1071.60
720.32	1079.40
720.65	1069.00
720.98	1063.80
721.32	1064.00
721.65	1064.40
721.98	1060.20
722.32	1063.40
722.65	1058.20
722.98	1050.40
723.32	1063.00
723.65	1056.20
723.98	1061.60
724.31	1041.80
724.65	1053.80
724.98	1043.20
725.31	1050.40
725.65	1055.20
725.98	1040.20
726.31	1045.60
726.64	1039.20
726.98	1035.40
727.31	1031.60
727.64	1045.00
727.97	1032.60
728.31	1039.40
728.64	1035.80
728.97	1036.20
729.30	1031.00
729.64	1043.00
729.97	1022.20
730.30	1029.00
730.63	1029.80
730.96	1028.20
731.30	1030.80
731.63	1029.80
731.96	1023.40
732.29	1023.80
732.62	1021.20
732.96	1012.40
733.29	1015.00
733.62	1016.00
733.95	1011.40
734.28	1017.20
734.61	1003.60
734.94	1012.40
735.28	1007.60
735.61	1004.40
735.94	1002.60
736.27	1002.80
736.60	1001.60
736.93	1002.60
737.26	997.20
737.59	1002.00
737.92	993.60
738.26	997.20
738.59	991.40
738.92	990.40
739.25	990.40
739.58	987.20
739.91	986.00
740.24	988.80
740.57	982.60
740.90	989.00
741.23	985.60
741.56	985.80
741.89	984.60
742.22	972.00
742.55	985.00
742.88	979.20
743.21	968.00
743.54	982.20
743.87	980.20
744.20	978.60
744.53	964.80
744.86	967.80
745.19	964.80
745.52	960.40
745.85	971.00
746.18	961.00
746.51	968.20
746.84	956.80
747.17	954.40
747.50	948.00
747.83	951.20
748.16	951.80
748.49	948.40
748.82	940.00
749.15	945.80
749.48	943.80
749.81	946.20
750.14	933.00
750.46	940.80
750.79	929.00
751.12	925.60
751.45	929.40
751.78	922.00
752.11	928.60
752.44	916.80
752.77	920.20
753.10	915.20
753.42	903.40
753.75	907.00
754.08	910.20
754.41	900.40
754.74	900.60
755.07	894.60
755.39	888.80
755.72	901.80
756.05	882.20
756.38	889.80
756.71	887.60
757.04	884.60
757.36	885.40
757.69	882.40
758.02	878.00
758.35	872.00
758.67	874.20
759.00	869.20
759.33	862.00
759.66	855.60
759.99	854.20
760.31	846.00
760.64	846.80
760.97	856.80
761.30	837.40
761.62	849.20
761.95	842.40
762.28	839.80
762.60	834.40
762.93	827.00
763.26	831.20
763.59	822.20
763.91	822.60
764.24	817.00
764.57	818.20
764.89	818.60
765.22	808.40
765.55	818.20
765.87	811.60
766.20	800.40
766.53	797.00
766.85	799.00
767.18	787.00
767.51	796.00
767.83	786.80
768.16	782.80
768.48	776.80
768.81	772.60
769.14	773.20
769.46	774.80
769.79	770.40
770.12	767.40
770.44	754.00
770.77	759.60
771.09	750.40
771.42	746.00
771.74	745.80
772.07	742.60
772.40	736.20
772.72	736.40
773.05	734.20
773.37	733.00
773.70	720.80
774.02	728.20
774.35	718.60
774.67	709.40
775.00	714.40
775.32	712.60
775.65	705.80
775.97	711.00
776.30	699.60
776.63	695.00
776.95	705.40
777.27	695.00
777.60	687.60
777.92	689.40
778.25	686.00
778.57	678.00
778.90	681.40
779.22	677.20
779.55	673.20
779.87	669.80
780.20	667.40
780.52	663.00
780.85	660.00
781.17	659.40
781.49	654.40
781.82	653.60
782.14	648.20
782.47	648.00
782.79	650.80
783.11	643.20
783.44	634.80
783.76	633.80
784.09	626.80
784.41	629.60
784.73	620.40
785.06	622.00
785.38	618.20
785.70	621.00
786.03	615.60
786.35	611.00
786.67	610.80
787.00	610.00
787.32	607.20
787.64	611.80
787.97	605.80
788.29	602.80
788.61	602.20
788.94	602.60
789.26	597.00
789.58	594.40
789.91	594.80
790.23	598.00
790.55	602.20
790.87	591.20
791.20	597.00
791.52	592.40
791.84	589.60
792.16	590.20
792.49	588.60
792.81	586.20
793.13	589.00
793.45	585.80
793.78	592.20
794.10	587.40
794.42	584.20
794.74	586.00
795.06	586.20
795.39	587.80
795.71	592.20
796.03	586.60
796.35	591.40
796.67	586.60
797.00	587.80
797.32	592.40
797.64	590.40
797.96	589.80
798.28	595.00
798.60	602.60
798.93	590.80
799.25	595.20
799.57	595.40
799.89	592.60
800.21	586.00
800.53	589.40
800.85	594.20
801.17	592.60
801.50	593.20
801.82	589.20
802.14	595.80
802.46	586.00
802.78	587.00
803.10	585.80
803.42	585.20
803.74	586.20
804.06	582.80
804.38	584.20
804.70	584.80
805.02	588.60
805.34	586.40
805.66	588.00
805.98	586.20
806.30	587.40
806.62	583.80
806.94	583.80
807.26	576.20
807.58	578.60
807.90	581.20
808.22	584.80
808.54	581.60
808.86	583.20
809.18	574.00
809.50	587.80
809.82	580.80
810.14	574.60
810.46	583.00
810.78	579.60
811.10	581.60
811.42	581.20
811.74	580.80
812.06	579.00
812.38	578.00
812.70	569.40
813.02	570.20
813.34	572.00
813.66	566.20
813.97	572.80
814.29	570.20
814.61	563.80
814.93	568.60
815.25	570.20
815.57	567.60
815.89	565.40
816.21	559.20
816.52	563.20
816.84	565.80
817.16	560.00
817.48	556.60
817.80	560.60
818.12	560.20
818.43	560.40
818.75	562.20
819.07	554.40
819.39	556.80
819.71	560.80
820.03	556.60
820.34	556.60
820.66	546.40
820.98	548.80
821.30	553.40
821.61	544.00
821.93	549.40
822.25	547.80
822.57	549.60
822.88	544.60
823.20	539.40
823.52	540.20
823.84	542.80
824.15	544.60
824.47	543.00
824.79	548.20
825.11	540.20
825.42	543.20
825.74	543.40
826.06	535.00
826.37	533.60
826.69	531.40
827.01	534.60
827.32	534.80
827.64	532.80
827.96	529.80
828.27	536.20
828.59	533.20
828.91	531.40
829.22	522.60
829.54	524.20
829.86	522.60
830.17	528.40
830.49	527.00
830.81	516.80
831.12	525.60
831.44	523.40
831.75	526.00
832.07	516.40
832.39	523.40
832.70	519.40
833.02	513.20
833.33	513.20
833.65	513.80
833.96	518.80
834.28	518.00
834.60	510.00
834.91	512.00
835.23	513.40
835.54	511.20
835.86	506.00
836.17	505.40
836.49	505.80
836.80	505.60
837.12	507.80
837.43	505.80
837.75	504.20
838.06	509.60
838.38	500.00
838.69	502.60
839.01	497.20
839.32	503.00
839.64	498.80
839.95	497.60
840.27	491.60
840.58	491.80
840.90	492.00
841.21	492.40
841.53	484.20
841.84	490.80
842.15	487.00
842.47	487.80
842.78	486.00
843.10	481.00
843.41	478.00
843.72	481.60
844.04	476.20
844.35	472.20
844.67	474.20
844.98	477.20
845.29	477.80
845.61	468.00
845.92	467.80
846.23	469.60
846.55	470.60
846.86	467.40
847.18	459.60
847.49	460.00
847.80	460.20
848.12	459.20
848.43	458.20
848.74	463.20
849.05	459.60
849.37	450.80
849.68	449.20
849.99	444.80
850.31	447.80
850.62	443.40
850.93	445.40
851.24	444.40
851.56	444.80
851.87	439.40
852.18	434.60
852.50	441.00
852.81	441.20
853.12	439.00
853.43	435.00
853.74	432.20
854.06	431.40
854.37	434.80
854.68	429.00
854.99	430.40
855.31	424.60
855.62	425.40
855.93	427.40
856.24	424.20
856.55	418.40
856.87	418.20
857.18	412.20
857.49	418.20
857.80	415.60
858.11	408.00
858.42	406.60
858.73	410.20
859.05	404.60
859.36	404.60
859.67	406.00
859.98	397.80
860.29	399.80
860.60	402.60
860.91	399.00
861.22	394.60
861.54	386.80
861.85	396.00
862.16	393.20
862.47	388.00
862.78	389.40
863.09	389.00
863.40	385.40
863.71	383.20
864.02	383.00
864.33	381.20
864.64	377.00
864.95	376.20
865.26	365.20
865.57	368.00
865.88	367.60
866.19	369.80
866.50	365.60
866.81	365.20
867.12	360.80
867.43	363.00
867.74	366.20
868.05	354.40
868.36	358.80
868.67	358.20
868.98	355.60
869.29	354.00
869.60	350.80
869.91	350.40
870.22	350.60
870.53	347.40
870.84	344.40
871.15	346.80
871.46	344.60
871.77	339.40
872.08	339.80
872.39	338.80
872.69	338.00
873.00	335.00
873.31	332.40
873.62	331.40
873.93	332.20
874.24	329.60
874.55	327.60
874.86	325.60
875.16	321.00
875.47	326.80
875.78	319.80
876.09	320.00
876.40	323.60
876.71	316.80
877.01	313.80
877.32	312.00
877.63	312.80
877.94	313.20
878.25	309.40
878.56	314.20
878.86	309.60
879.17	306.80
879.48	305.60
879.79	305.60
880.09	303.20
880.40	299.80
880.71	298.80
881.02	298.00
881.32	298.20
881.63	297.40
881.94	299.60
882.25	296.80
882.55	296.00
882.86	293.40
883.17	294.80
883.48	295.20
883.78	292.20
884.09	288.80
884.40	291.20
884.70	291.20
885.01	291.00
885.32	289.00
885.62	288.80
885.93	287.60
886.24	287.00
886.54	284.80
886.85	288.20
887.16	289.40
887.46	287.40
887.77	286.80
888.08	281.20
888.38	283.80
888.69	284.40
888.99	279.40
889.30	281.20
889.61	280.00
889.91	283.20
890.22	283.80
890.52	282.40
890.83	280.20
891.14	280.40
891.44	281.60
891.75	280.40
892.05	280.60
892.36	275.60
892.66	282.20
892.97	278.60
893.27	282.40
893.58	275.00
893.89	281.20
894.19	277.20
894.50	278.40
894.80	279.00
895.11	277.40
895.41	281.80
895.72	278.60
896.02	277.80
896.33	280.60
896.63	278.00
896.93	276.60
897.24	277.40
897.54	283.00
897.85	276.80
898.15	279.20
898.46	280.00
898.76	280.00
899.07	276.20
899.37	276.40
899.67	279.20
899.98	280.80
900.28	276.40
900.59	277.60
900.89	280.80
901.19	276.40
901.50	276.00
901.80	283.40
902.11	279.00
902.41	281.80
902.71	277.00
903.02	282.00
903.32	275.60
903.62	276.00
903.93	278.60
904.23	277.60
904.53	280.40
904.84	278.80
905.14	276.80
905.44	274.80
905.75	273.40
906.05	278.00
906.35	276.60
906.66	275.60
906.96	271.80
907.26	278.20
907.56	271.60
907.87	273.80
908.17	274.00
908.47	271.60
908.77	273.40
909.08	276.00
909.38	271.80
909.68	272.20
909.98	267.40
910.29	275.40
910.59	272.60
910.89	273.60
911.19	273.60
911.50	271.20
911.80	269.20
912.10	271.40
912.40	268.20
912.70	266.40
913.00	266.40
913.31	264.40
913.61	265.80
913.91	268.40
914.21	268.60
914.51	267.80
914.81	270.40
915.12	265.00
915.42	265.80
915.72	266.20
916.02	259.80
916.32	263.40
916.62	268.20
916.92	264.20
917.22	264.80
917.52	260.80
917.83	260.20
918.13	256.60
918.43	263.60
918.73	260.20
919.03	258.80
919.33	259.40
919.63	259.40
919.93	256.40
920.23	256.60
920.53	260.60
920.83	255.20
921.13	257.60
921.43	252.40
921.73	251.60
922.03	251.40
922.33	252.20
922.63	252.80
922.93	252.80
923.23	254.60
923.53	254.00
923.83	247.40
924.13	250.40
924.43	252.40
924.73	248.40
925.03	248.40
925.33	244.60
925.63	247.00
925.93	248.40
926.23	246.40
926.53	242.80
926.83	248.60
927.13	243.80
927.42	244.40
927.72	245.60
928.02	239.60
928.32	244.00
928.62	242.60
928.92	241.20
929.22	242.40
929.52	242.00
929.82	241.60
930.11	241.00
930.41	236.40
930.71	239.00
931.01	236.40
931.31	238.20
931.61	234.80
931.90	239.00
932.20	234.20
932.50	237.60
932.80	235.60
933.10	235.60
933.39	235.00
933.69	230.40
933.99	232.20
934.29	231.80
934.59	228.80
934.88	229.80
935.18	227.40
935.48	228.20
935.78	228.20
936.07	226.00
936.37	227.80
936.67	230.80
936.97	224.80
937.26	228.00
937.56	225.20
937.86	226.20
938.15	223.80
938.45	223.40
938.75	226.80
939.05	219.60
939.34	220.60
939.64	225.60
939.94	218.40
940.23	217.40
940.53	219.80
940.83	219.40
941.12	215.00
941.42	218.00
941.71	217.00
942.01	217.20
942.31	217.20
942.60	214.40
942.90	214.60
943.20	212.40
943.49	215.60
943.79	211.60
944.08	207.20
944.38	209.20
944.68	210.80
944.97	210.60
945.27	211.40
945.56	209.60
945.86	208.80
946.15	210.40
946.45	211.00
946.74	209.80
947.04	208.40
947.34	208.00
947.63	204.40
947.93	204.80
948.22	205.00
948.52	204.00
948.81	202.40
949.11	205.00
949.40	200.00
949.70	202.60
949.99	200.40
950.29	206.00
950.58	200.80
950.87	198.20
951.17	198.80
951.46	199.40
951.76	199.20
952.05	200.20
952.35	200.20
952.64	199.40
952.94	194.60
953.23	196.80
953.52	195.80
953.82	197.80
954.11	197.20
954.41	194.20
954.70	191.20
954.99	192.40
955.29	191.20
955.58	190.20
955.87	189.20
956.17	189.60
956.46	188.20
956.76	190.60
957.05	189.20
957.34	188.60
957.64	186.60
957.93	187.40
958.22	187.80
958.52	188.00
958.81	184.00
959.10	188.20
959.39	182.40
959.69	185.00
959.98	184.60
960.27	180.60
960.57	182.40
960.86	184.60
961.15	181.20
961.44	179.20
961.74	182.00
962.03	181.00
962.32	181.60
962.61	178.60
962.91	179.00
963.20	177.00
963.49	177.80
963.78	178.20
964.07	176.20
964.37	177.20
964.66	175.40
964.95	176.80
965.24	177.40
965.53	173.20
965.83	172.80
966.12	172.20
966.41	174.60
966.70	171.40
966.99	173.00
967.28	171.80
967.57	173.60
967.87	173.80
968.16	171.00
968.45	171.00
968.74	169.60
969.03	170.40
969.32	169.20
969.61	169.00
969.90	168.60
970.19	168.20
970.49	167.60
970.78	169.80
971.07	166.60
971.36	166.40
971.65	164.00
971.94	165.40
972.23	167.00
972.52	164.20
972.81	168.80
973.10	163.20
973.39	165.00
973.68	163.40
973.97	163.00
974.26	160.60
974.55	162.80
974.84	163.60
975.13	162.80
975.42	159.00
975.71	158.20
976.00	161.60
976.29	160.20
976.58	157.60
976.87	157.60
977.16	157.40
977.45	157.60
977.74	157.40
978.03	158.80
978.32	157.80
978.60	155.40
978.89	156.20
979.18	153.80
979.47	154.80
979.76	156.40
980.05	155.00
980.34	152.00
980.63	153.20
980.92	154.40
981.20	153.80
981.49	154.20
981.78	152.40
982.07	151.60
982.36	151.00
982.65	150.20
982.94	151.40
983.22	152.20
983.51	150.20
983.80	149.60
984.09	152.00
984.38	149.80
984.66	150.20
984.95	149.00
985.24	149.20
985.53	149.40
985.82	150.20
986.10	149.20
986.39	149.20
986.68	146.60
986.97	146.20
987.25	147.20
987.54	147.20
987.83	147.80
988.12	147.60
988.40	145.20
988.69	144.80
988.98	144.60
989.26	144.80
989.55	144.20
989.84	145.60
990.12	146.20
990.41	145.40
990.70	144.20
990.98	147.40
991.27	144.80
991.56	143.40
991.84	144.20
992.13	143.40
992.42	143.60
992.70	142.20
992.99	143.40
993.28	144.40
993.56	144.80
993.85	142.40
994.13	141.20
994.42	141.40
994.71	141.80
994.99	142.00
995.28	143.40
995.56	140.80
995.85	140.00
996.14	141.60
996.42	141.40
996.71	141.00
996.99	139.80
997.28	139.60
997.56	140.40
997.85	141.00
998.13	139.20
998.42	138.20
998.70	137.80
998.99	137.20
999.27	136.80
999.56	137.80
999.84	138.00
1000.13	138.40
1000.41	138.00
1000.70	137.20
1000.98	136.60
1001.27	137.40
1001.55	137.00
1001.84	136.60
1002.12	136.60
1002.40	136.00
1002.69	135.20
1002.97	136.20
1003.26	134.60
1003.54	136.20
1003.83	135.80
1004.11	136.20
1004.39	135.60
1004.68	135.80
1004.96	134.40
1005.24	133.60
1005.53	134.20
1005.81	134.60
1006.10	134.80
1006.38	134.60
1006.66	133.80
1006.95	134.20
1007.23	135.40
1007.51	134.40
1007.80	135.60
1008.08	134.40
1008.36	134.20
1008.65	132.20
1008.93	131.00
1009.21	131.80
1009.49	132.40
1009.78	132.40
1010.06	132.60
1010.34	131.60
1010.63	133.20
1010.91	133.20
1011.19	133.40
1011.47	131.40
1011.76	130.60
1012.04	133.00
1012.32	132.80
1012.60	132.60
1012.88	130.80
1013.17	130.60
1013.45	130.80
1013.73	130.80
1014.01	131.60
1014.29	133.00
1014.58	132.20
1014.86	130.60
1015.14	129.60
1015.42	129.60
1015.70	129.00
1015.98	130.80
1016.27	130.00
1016.55	129.40
1016.83	128.20
1017.11	128.40
1017.39	129.80
1017.67	129.20
1017.95	128.00
1018.23	128.40
1018.52	127.00
1018.80	127.60
1019.08	129.20
1019.36	128.60
1019.64	126.00
1019.92	127.20
1020.20	127.60
1020.48	128.00
1020.76	126.60
1021.04	126.80
1021.32	126.60
1021.60	127.60
1021.88	127.80
1022.16	126.40
1022.44	125.80
1022.72	127.20
