	0.0	
339.41	0.00
339.79	110.00
340.17	111.40
340.55	113.00
340.94	113.80
341.32	115.40
341.70	115.60
342.08	115.20
342.46	116.00
342.84	116.80
343.22	116.40
343.60	117.40
343.98	118.00
344.36	118.40
344.74	118.80
345.12	118.80
345.50	118.40
345.88	117.80
346.26	117.20
346.64	117.80
347.02	116.80
347.40	117.60
347.78	118.20
348.15	118.20
348.53	119.00
348.91	120.60
349.29	121.80
349.67	121.20
350.05	122.20
350.43	124.00
350.81	124.00
351.19	122.80
351.57	123.40
351.95	123.80
352.33	121.80
352.71	122.20
353.09	123.00
353.47	123.60
353.84	123.60
354.22	124.00
354.60	123.40
354.98	124.00
355.36	124.00
355.74	125.00
356.12	124.40
356.50	125.40
356.88	125.20
357.25	126.20
357.63	125.80
358.01	125.80
358.39	126.20
358.77	126.00
359.15	125.40
359.53	125.80
359.90	125.80
360.28	127.40
360.66	127.40
361.04	127.60
361.42	128.20
361.80	127.20
362.17	128.00
362.55	128.80
362.93	128.00
363.31	128.40
363.69	128.00
364.06	128.60
364.44	129.00
364.82	128.60
365.20	128.00
365.58	128.80
365.95	130.60
366.33	129.20
366.71	130.60
367.09	129.60
367.46	132.60
367.84	129.60
368.22	131.60
368.60	129.80
368.97	129.00
369.35	129.60
369.73	129.40
370.11	131.80
370.48	132.20
370.86	133.40
371.24	133.20
371.62	133.40
371.99	134.20
372.37	133.80
372.75	133.80
373.12	134.80
373.50	133.80
373.88	133.80
374.25	135.80
374.63	135.40
375.01	136.00
375.38	137.40
375.76	137.20
376.14	135.60
376.51	135.40
376.89	136.80
377.27	138.20
377.64	137.60
378.02	140.20
378.40	139.60
378.77	141.80
379.15	140.80
379.53	141.20
379.90	142.20
380.28	143.60
380.66	143.20
381.03	142.60
381.41	143.60
381.78	144.60
382.16	145.00
382.54	143.20
382.91	146.00
383.29	146.60
383.66	148.00
384.04	148.80
384.42	148.40
384.79	147.80
385.17	150.40
385.54	151.80
385.92	152.20
386.29	152.00
386.67	152.80
387.05	152.80
387.42	153.60
387.80	156.60
388.17	154.80
388.55	154.20
388.92	155.80
389.30	156.00
389.67	158.40
390.05	160.40
390.42	161.00
390.80	159.80
391.17	160.20
391.55	164.40
391.92	165.20
392.30	163.40
392.67	163.20
393.05	165.00
393.42	166.60
393.80	167.80
394.17	171.80
394.55	170.40
394.92	170.00
395.30	170.80
395.67	170.80
396.05	174.40
396.42	174.60
396.80	177.40
397.17	174.40
397.55	177.20
397.92	178.20
398.29	181.40
398.67	181.20
399.04	181.80
399.42	182.80
399.79	185.40
400.17	187.60
400.54	185.80
400.91	189.20
401.29	186.00
401.66	190.60
402.04	190.40
402.41	190.20
402.78	191.40
403.16	191.80
403.53	195.20
403.90	199.20
404.28	194.60
404.65	198.80
405.03	196.20
405.40	199.40
405.77	204.60
406.15	202.00
406.52	204.80
406.89	205.60
407.27	204.40
407.64	205.40
408.01	208.20
408.39	210.00
408.76	212.60
409.13	210.40
409.51	218.40
409.88	213.40
410.25	219.20
410.62	216.20
411.00	222.40
411.37	221.40
411.74	219.20
412.12	225.80
412.49	223.40
412.86	228.80
413.23	226.60
413.61	229.40
413.98	237.40
414.35	232.00
414.73	235.40
415.10	230.40
415.47	238.00
415.84	236.60
416.22	238.80
416.59	241.00
416.96	243.80
417.33	241.40
417.70	250.00
418.08	256.60
418.45	251.40
418.82	255.00
419.19	252.40
419.57	261.80
419.94	257.00
420.31	264.20
420.68	261.40
421.05	259.60
421.42	262.20
421.80	263.60
422.17	270.40
422.54	278.20
422.91	268.40
423.28	269.00
423.65	271.80
424.03	278.00
424.40	274.60
424.77	283.20
425.14	284.40
425.51	281.60
425.88	287.40
426.25	290.20
426.63	290.20
427.00	289.80
427.37	298.60
427.74	306.80
428.11	299.40
428.48	302.20
428.85	309.00
429.22	306.40
429.59	310.80
429.97	311.20
430.34	308.60
430.71	315.80
431.08	321.20
431.45	325.80
431.82	324.60
432.19	326.60
432.56	332.00
432.93	332.20
433.30	335.60
433.67	342.40
434.04	339.80
434.41	348.20
434.78	347.20
435.15	348.80
435.52	361.60
435.89	361.60
436.26	359.00
436.63	359.60
437.00	369.60
437.37	366.60
437.74	367.60
438.11	385.40
438.48	375.20
438.85	384.20
439.22	395.60
439.59	399.20
439.96	390.00
440.33	396.80
440.70	406.20
441.07	407.20
441.44	419.00
441.81	405.20
442.18	411.40
442.55	414.40
442.92	422.40
443.29	418.80
443.66	410.60
444.03	424.60
444.40	423.80
444.77	438.40
445.14	435.20
445.51	444.20
445.88	436.20
446.24	438.80
446.61	450.40
446.98	441.40
447.35	456.00
447.72	461.60
448.09	457.40
448.46	451.80
448.83	460.20
449.20	461.20
449.56	456.60
449.93	466.40
450.30	462.20
450.67	479.00
451.04	460.00
451.41	460.80
451.78	485.20
452.14	477.00
452.51	479.80
452.88	477.20
453.25	475.80
453.62	485.20
453.99	487.60
454.35	493.80
454.72	495.40
455.09	501.40
455.46	511.40
455.83	517.00
456.19	513.00
456.56	510.60
456.93	516.20
457.30	523.20
457.66	525.80
458.03	526.20
458.40	523.20
458.77	531.40
459.14	540.20
459.50	539.60
459.87	520.80
460.24	544.40
460.61	547.00
460.97	553.60
461.34	542.20
461.71	554.60
462.07	550.80
462.44	562.60
462.81	583.00
463.18	568.60
463.54	571.80
463.91	591.60
464.28	579.60
464.64	587.00
465.01	586.00
465.38	608.80
465.75	592.60
466.11	605.40
466.48	609.00
466.85	602.60
467.21	606.60
467.58	611.80
467.95	622.40
468.31	625.80
468.68	634.20
469.04	641.80
469.41	654.80
469.78	649.20
470.14	664.20
470.51	662.20
470.88	672.20
471.24	670.40
471.61	687.40
471.98	685.60
472.34	707.80
472.71	701.40
473.07	712.00
473.44	708.40
473.81	720.20
474.17	716.60
474.54	742.00
474.90	749.20
475.27	736.60
475.63	756.60
476.00	755.60
476.37	760.80
476.73	773.80
477.10	794.20
477.46	801.80
477.83	788.80
478.19	810.40
478.56	822.20
478.92	828.20
479.29	840.40
479.65	841.00
480.02	848.20
480.38	865.60
480.75	862.40
481.11	877.20
481.48	888.40
481.84	884.60
482.21	900.60
482.57	911.40
482.94	923.80
483.30	930.20
483.67	937.00
484.03	942.60
484.40	957.20
484.76	951.80
485.13	969.40
485.49	975.80
485.86	991.20
486.22	994.60
486.59	1000.00
486.95	1010.40
487.31	1021.40
487.68	1023.60
488.04	1035.20
488.41	1043.60
488.77	1026.00
489.14	1050.20
489.50	1052.40
489.86	1065.80
490.23	1076.60
490.59	1075.80
490.96	1080.80
491.32	1091.00
491.68	1096.20
492.05	1096.40
492.41	1108.20
492.77	1109.20
493.14	1117.60
493.50	1136.80
493.87	1135.60
494.23	1129.80
494.59	1150.20
494.96	1154.40
495.32	1157.20
495.68	1165.00
496.05	1173.00
496.41	1167.00
496.77	1179.20
497.14	1184.00
497.50	1187.20
497.86	1191.60
498.23	1183.80
498.59	1177.20
498.95	1186.00
499.31	1208.00
499.68	1207.00
500.04	1212.20
500.40	1217.20
500.77	1215.40
501.13	1211.20
501.49	1223.80
501.85	1232.40
502.22	1228.60
502.58	1236.80
502.94	1236.80
503.30	1232.60
503.67	1234.60
504.03	1252.60
504.39	1248.20
504.75	1262.60
505.12	1244.40
505.48	1260.80
505.84	1260.20
506.20	1258.60
506.56	1264.60
506.93	1264.60
507.29	1283.00
507.65	1261.40
508.01	1282.40
508.37	1297.20
508.74	1280.20
509.10	1299.00
509.46	1303.20
509.82	1300.00
510.18	1302.20
510.54	1310.80
510.91	1308.00
511.27	1302.40
511.63	1312.20
511.99	1319.60
512.35	1315.80
512.71	1323.40
513.07	1322.60
513.43	1320.80
513.80	1338.40
514.16	1347.20
514.52	1351.20
514.88	1359.00
515.24	1367.60
515.60	1359.80
515.96	1357.80
516.32	1372.60
516.68	1379.00
517.04	1388.40
517.41	1376.20
517.77	1386.20
518.13	1383.60
518.49	1391.00
518.85	1404.20
519.21	1413.20
519.57	1408.80
519.93	1426.20
520.29	1417.60
520.65	1425.60
521.01	1427.00
521.37	1446.40
521.73	1427.80
522.09	1437.80
522.45	1451.20
522.81	1444.60
523.17	1457.40
523.53	1460.00
523.89	1453.80
524.25	1463.80
524.61	1470.40
524.97	1470.40
525.33	1485.00
525.69	1479.60
526.05	1496.40
526.41	1496.00
526.77	1501.00
527.13	1500.00
527.49	1522.60
527.85	1500.00
528.21	1515.40
528.57	1516.80
528.93	1520.00
529.29	1520.60
529.65	1524.40
530.00	1533.20
530.36	1529.80
530.72	1553.20
531.08	1540.60
531.44	1547.80
531.80	1559.20
532.16	1559.60
532.52	1561.80
532.88	1564.60
533.24	1558.00
533.59	1570.60
533.95	1555.00
534.31	1581.00
534.67	1565.80
535.03	1582.00
535.39	1575.20
535.75	1590.40
536.11	1582.80
536.46	1582.00
536.82	1577.00
537.18	1584.20
537.54	1595.00
537.90	1596.40
538.26	1593.00
538.61	1598.80
538.97	1615.60
539.33	1614.00
539.69	1607.20
540.05	1613.40
540.40	1611.20
540.76	1609.20
541.12	1623.80
541.48	1633.80
541.84	1623.60
542.19	1612.40
542.55	1626.40
542.91	1635.20
543.27	1633.60
543.62	1639.00
543.98	1623.40
544.34	1622.80
544.70	1641.80
545.05	1645.40
545.41	1649.80
545.77	1651.60
546.12	1660.40
546.48	1651.00
546.84	1651.20
547.20	1654.40
547.55	1660.80
547.91	1680.20
548.27	1664.60
548.62	1665.80
548.98	1676.40
549.34	1667.40
549.69	1700.00
550.05	1670.60
550.41	1691.20
550.77	1674.80
551.12	1686.20
551.48	1687.80
551.83	1709.20
552.19	1682.40
552.55	1701.00
552.90	1694.60
553.26	1700.60
553.62	1714.60
553.97	1718.00
554.33	1714.60
554.69	1718.00
555.04	1713.60
555.40	1712.60
555.75	1726.80
556.11	1734.40
556.47	1732.80
556.82	1730.60
557.18	1757.40
557.53	1729.80
557.89	1746.20
558.24	1754.20
558.60	1731.60
558.96	1760.20
559.31	1745.80
559.67	1760.00
560.02	1761.60
560.38	1756.00
560.73	1775.20
561.09	1771.00
561.44	1788.00
561.80	1769.60
562.16	1783.40
562.51	1792.20
562.87	1819.80
563.22	1793.00
563.58	1791.20
563.93	1810.40
564.29	1804.80
564.64	1822.40
565.00	1807.40
565.35	1816.00
565.71	1810.80
566.06	1829.40
566.41	1848.60
566.77	1824.20
567.12	1845.60
567.48	1840.20
567.83	1852.60
568.19	1848.00
568.54	1872.40
568.90	1859.20
569.25	1867.40
569.60	1869.00
569.96	1878.20
570.31	1862.20
570.67	1876.80
571.02	1875.40
571.38	1869.00
571.73	1873.20
572.08	1897.00
572.44	1882.20
572.79	1888.20
573.15	1900.00
573.50	1877.40
573.85	1912.40
574.21	1893.40
574.56	1884.60
574.91	1905.20
575.27	1907.00
575.62	1894.00
575.97	1900.00
576.33	1901.60
576.68	1908.80
577.03	1909.40
577.39	1905.80
577.74	1908.00
578.09	1913.60
578.45	1912.40
578.80	1908.20
579.15	1902.60
579.51	1890.40
579.86	1905.40
580.21	1913.20
580.57	1905.00
580.92	1910.80
581.27	1907.00
581.62	1907.20
581.98	1894.40
582.33	1911.60
582.68	1892.60
583.03	1890.60
583.39	1901.00
583.74	1906.40
584.09	1901.00
584.44	1898.40
584.80	1891.80
585.15	1880.40
585.50	1890.60
585.85	1907.40
586.21	1886.60
586.56	1902.40
586.91	1903.80
587.26	1899.20
587.61	1902.40
587.97	1877.20
588.32	1906.20
588.67	1900.00
589.02	1905.80
589.37	1873.80
589.73	1887.80
590.08	1911.80
590.43	1878.00
590.78	1897.40
591.13	1872.20
591.48	1885.80
591.83	1886.00
592.19	1885.20
592.54	1891.40
592.89	1882.20
593.24	1904.40
593.59	1896.40
593.94	1901.40
594.29	1899.20
594.64	1903.40
595.00	1908.40
595.35	1897.00
595.70	1893.00
596.05	1880.60
596.40	1891.20
596.75	1898.80
597.10	1901.40
597.45	1896.20
597.80	1898.60
598.15	1899.80
598.50	1906.20
598.85	1902.80
599.20	1893.80
599.55	1910.20
599.90	1905.60
600.26	1921.00
600.61	1918.20
600.96	1921.20
601.31	1921.40
601.66	1927.20
602.01	1917.40
602.36	1917.40
602.71	1909.80
603.06	1924.60
603.41	1922.00
603.76	1929.40
604.11	1933.00
604.46	1921.60
604.81	1927.40
605.16	1925.20
605.50	1933.00
605.85	1944.40
606.20	1944.20
606.55	1936.80
606.90	1935.00
607.25	1926.80
607.60	1937.60
607.95	1935.20
608.30	1945.20
608.65	1947.00
609.00	1950.60
609.35	1928.60
609.70	1953.80
610.05	1951.60
610.40	1965.60
610.74	1957.20
611.09	1960.60
611.44	1958.60
611.79	1967.40
612.14	1978.80
612.49	1971.20
612.84	1961.60
613.19	1966.80
613.53	1977.20
613.88	1990.60
614.23	1979.80
614.58	1962.40
614.93	1982.20
615.28	1973.80
615.62	1972.60
615.97	1976.80
616.32	1973.40
616.67	1967.80
617.02	1983.00
617.37	1991.40
617.71	1981.80
618.06	1986.20
618.41	1985.20
618.76	1994.00
619.11	1997.20
619.45	1999.40
619.80	2009.40
620.15	1990.60
620.50	1989.60
620.84	2002.60
621.19	2006.80
621.54	1995.00
621.89	2005.20
622.23	2005.20
622.58	2000.60
622.93	1998.40
623.28	2001.60
623.62	1988.20
623.97	1997.20
624.32	1995.20
624.66	1999.20
625.01	2003.00
625.36	2005.60
625.71	1998.20
626.05	2004.60
626.40	1989.20
626.75	1973.40
627.09	1992.60
627.44	1980.80
627.79	1993.60
628.13	1957.00
628.48	1978.80
628.83	1970.80
629.17	1955.60
629.52	1973.80
629.87	1969.60
630.21	1976.60
630.56	1976.40
630.90	1976.60
631.25	1962.40
631.60	1959.20
631.94	1967.60
632.29	1969.80
632.63	1974.40
632.98	1957.20
633.33	1945.00
633.67	1941.00
634.02	1951.20
634.36	1938.80
634.71	1921.00
635.06	1947.80
635.40	1923.60
635.75	1938.60
636.09	1907.00
636.44	1926.80
636.78	1905.00
637.13	1915.60
637.47	1888.60
637.82	1910.00
638.16	1866.60
638.51	1896.20
638.86	1885.80
639.20	1902.20
639.55	1884.60
639.89	1885.20
640.24	1874.00
640.58	1892.40
640.93	1855.40
641.27	1868.20
641.62	1873.20
641.96	1861.40
642.30	1850.60
642.65	1866.00
642.99	1860.40
643.34	1852.00
643.68	1845.00
644.03	1842.40
644.37	1831.00
644.72	1838.60
645.06	1842.20
645.40	1841.80
645.75	1844.20
646.09	1820.80
646.44	1833.40
646.78	1828.20
647.13	1816.20
647.47	1801.20
647.81	1811.60
648.16	1792.20
648.50	1811.80
648.85	1815.00
649.19	1801.80
649.53	1788.60
649.88	1796.40
650.22	1794.40
650.56	1791.40
650.91	1792.80
651.25	1789.20
651.59	1785.80
651.94	1791.60
652.28	1786.20
652.62	1783.60
652.97	1776.80
653.31	1779.20
653.65	1787.80
654.00	1781.00
654.34	1782.40
654.68	1774.00
655.03	1763.20
655.37	1786.00
655.71	1792.40
656.05	1771.20
656.40	1758.20
656.74	1753.40
657.08	1765.20
657.43	1766.00
657.77	1750.40
658.11	1762.80
658.45	1773.80
658.80	1757.60
659.14	1762.00
659.48	1749.00
659.82	1767.60
660.16	1760.80
660.51	1747.40
660.85	1751.20
661.19	1748.80
661.53	1765.20
661.87	1761.60
662.22	1752.40
662.56	1751.60
662.90	1769.60
663.24	1752.80
663.58	1749.60
663.93	1753.00
664.27	1741.80
664.61	1763.60
664.95	1753.40
665.29	1743.00
665.63	1744.20
665.98	1756.60
666.32	1749.00
666.66	1741.60
667.00	1735.40
667.34	1751.40
667.68	1744.20
668.02	1717.60
668.36	1736.00
668.70	1742.80
669.05	1725.00
669.39	1739.60
669.73	1737.60
670.07	1730.60
670.41	1730.00
670.75	1736.40
671.09	1734.40
671.43	1728.40
671.77	1737.20
672.11	1746.20
672.45	1744.60
672.79	1713.20
673.13	1732.40
673.47	1713.60
673.81	1728.60
674.16	1711.60
674.50	1721.60
674.84	1717.60
675.18	1711.60
675.52	1723.00
675.86	1707.00
676.20	1722.80
676.54	1699.40
676.88	1704.60
677.22	1706.40
677.56	1694.80
677.90	1698.00
678.23	1690.20
678.57	1706.60
678.91	1698.40
679.25	1696.40
679.59	1685.00
679.93	1669.40
680.27	1681.60
680.61	1679.00
680.95	1667.80
681.29	1678.80
681.63	1657.60
681.97	1663.60
682.31	1642.20
682.65	1655.20
682.99	1664.00
683.32	1640.60
683.66	1655.00
684.00	1644.20
684.34	1638.00
684.68	1624.80
685.02	1652.60
685.36	1628.80
685.70	1634.80
686.03	1620.20
686.37	1619.80
686.71	1633.60
687.05	1614.20
687.39	1601.60
687.73	1606.40
688.07	1605.60
688.40	1599.80
688.74	1600.60
689.08	1585.00
689.42	1594.00
689.76	1570.40
690.09	1584.00
690.43	1573.20
690.77	1584.40
691.11	1554.20
691.45	1549.60
691.78	1556.20
692.12	1552.00
692.46	1555.40
692.80	1531.80
693.13	1538.00
693.47	1527.60
693.81	1535.40
694.15	1528.20
694.48	1521.20
694.82	1505.60
695.16	1507.60
695.50	1514.40
695.83	1493.80
696.17	1499.00
696.51	1487.40
696.84	1485.00
697.18	1485.60
697.52	1488.60
697.85	1465.60
698.19	1474.80
698.53	1474.40
698.87	1449.80
699.20	1450.80
699.54	1442.60
699.88	1452.20
700.21	1441.40
700.55	1437.40
700.88	1430.60
701.22	1417.80
701.56	1431.80
701.89	1420.00
702.23	1410.80
702.57	1420.00
702.90	1391.20
703.24	1396.40
703.57	1384.40
703.91	1395.80
704.25	1389.40
704.58	1397.20
704.92	1380.60
705.25	1377.20
705.59	1382.20
705.93	1370.20
706.26	1375.40
706.60	1360.00
706.93	1358.80
707.27	1347.40
707.60	1358.00
707.94	1343.20
708.27	1342.40
708.61	1353.60
708.95	1339.40
709.28	1338.00
709.62	1328.80
709.95	1342.40
710.29	1322.60
710.62	1322.20
710.96	1321.40
711.29	1309.00
711.63	1309.00
711.96	1302.20
712.30	1312.60
712.63	1291.20
712.96	1297.40
713.30	1302.60
713.63	1285.20
713.97	1287.00
714.30	1286.00
714.64	1277.80
714.97	1272.80
715.31	1280.80
715.64	1277.80
715.97	1274.20
716.31	1271.80
716.64	1257.80
716.98	1264.00
717.31	1266.40
717.64	1257.80
717.98	1251.80
718.31	1256.80
718.65	1261.40
718.98	1254.20
719.31	1253.40
719.65	1254.60
719.98	1236.60
720.32	1246.60
720.65	1249.00
720.98	1240.80
721.32	1228.80
721.65	1228.60
721.98	1223.00
722.32	1238.40
722.65	1231.60
722.98	1223.40
723.32	1219.00
723.65	1212.00
723.98	1220.00
724.31	1207.40
724.65	1221.20
724.98	1215.60
725.31	1215.80
725.65	1226.40
725.98	1220.00
726.31	1208.80
726.64	1206.60
726.98	1208.20
727.31	1193.80
727.64	1217.00
727.97	1186.80
728.31	1192.60
728.64	1201.20
728.97	1194.40
729.30	1197.60
729.64	1205.80
729.97	1179.60
730.30	1188.00
730.63	1191.20
730.96	1195.20
731.30	1187.40
731.63	1193.80
731.96	1185.20
732.29	1188.20
732.62	1183.20
732.96	1173.20
733.29	1176.40
733.62	1186.20
733.95	1174.20
734.28	1180.60
734.61	1173.40
734.94	1169.60
735.28	1173.80
735.61	1167.00
735.94	1161.40
736.27	1172.00
736.60	1153.40
736.93	1159.80
737.26	1149.00
737.59	1157.00
737.92	1162.00
738.26	1158.60
738.59	1152.20
738.92	1148.20
739.25	1158.60
739.58	1148.60
739.91	1152.40
740.24	1153.40
740.57	1141.20
740.90	1150.40
741.23	1143.00
741.56	1128.80
741.89	1135.80
742.22	1130.00
742.55	1135.20
742.88	1133.20
743.21	1115.00
743.54	1128.80
743.87	1129.00
744.20	1130.20
744.53	1115.40
744.86	1124.40
745.19	1113.40
745.52	1109.20
745.85	1130.80
746.18	1115.00
746.51	1108.60
746.84	1115.60
747.17	1108.20
747.50	1099.60
747.83	1095.80
748.16	1100.80
748.49	1093.60
748.82	1092.60
749.15	1096.20
749.48	1095.80
749.81	1092.40
750.14	1081.40
750.46	1078.20
750.79	1083.00
751.12	1064.80
751.45	1081.20
751.78	1078.00
752.11	1072.20
752.44	1070.00
752.77	1056.00
753.10	1053.40
753.42	1048.40
753.75	1047.60
754.08	1047.60
754.41	1035.80
754.74	1038.40
755.07	1040.00
755.39	1030.20
755.72	1026.20
756.05	1020.20
756.38	1023.00
756.71	1031.60
757.04	1020.60
757.36	1013.60
757.69	1016.40
758.02	1014.40
758.35	999.80
758.67	1004.20
759.00	1008.20
759.33	995.20
759.66	996.40
759.99	992.00
760.31	983.20
760.64	978.20
760.97	989.40
761.30	969.80
761.62	967.80
761.95	971.00
762.28	974.80
762.60	959.20
762.93	952.80
763.26	955.20
763.59	943.80
763.91	952.00
764.24	939.40
764.57	946.00
764.89	941.20
765.22	932.60
765.55	932.60
765.87	938.40
766.20	921.60
766.53	919.80
766.85	920.00
767.18	908.40
767.51	912.00
767.83	900.20
768.16	898.80
768.48	900.40
768.81	888.20
769.14	886.80
769.46	888.20
769.79	885.60
770.12	871.20
770.44	873.20
770.77	876.60
771.09	859.40
771.42	851.60
771.74	855.80
772.07	854.20
772.40	844.40
772.72	847.20
773.05	850.80
773.37	844.60
773.70	835.80
774.02	833.80
774.35	831.60
774.67	820.80
775.00	819.80
775.32	809.00
775.65	811.20
775.97	814.60
776.30	807.80
776.63	801.40
776.95	802.00
777.27	804.40
777.60	789.40
777.92	790.80
778.25	798.80
778.57	785.00
778.90	782.20
779.22	773.60
779.55	772.80
779.87	773.20
780.20	770.40
780.52	762.20
780.85	760.60
781.17	755.00
781.49	750.60
781.82	752.40
782.14	749.40
782.47	744.60
782.79	739.60
783.11	738.40
783.44	728.40
783.76	736.80
784.09	714.00
784.41	724.40
784.73	716.20
785.06	709.60
785.38	716.60
785.70	711.00
786.03	704.60
786.35	702.40
786.67	702.60
787.00	699.60
787.32	694.00
787.64	701.80
787.97	692.20
788.29	693.20
788.61	690.80
788.94	686.40
789.26	682.40
789.58	686.00
789.91	686.00
790.23	684.80
790.55	682.40
790.87	675.40
791.20	679.40
791.52	682.80
791.84	675.00
792.16	678.80
792.49	667.00
792.81	675.00
793.13	679.60
793.45	679.00
793.78	680.80
794.10	675.40
794.42	677.00
794.74	677.20
795.06	685.80
795.39	676.20
795.71	669.00
796.03	680.40
796.35	678.80
796.67	679.20
797.00	681.20
797.32	677.40
797.64	665.40
797.96	681.20
798.28	681.60
798.60	684.40
798.93	686.00
799.25	674.40
799.57	680.80
799.89	680.00
800.21	678.40
800.53	671.40
800.85	684.00
801.17	672.80
801.50	679.60
801.82	667.60
802.14	677.00
802.46	673.60
802.78	675.20
803.10	682.80
803.42	672.20
803.74	674.00
804.06	674.00
804.38	674.40
804.70	671.60
805.02	677.60
805.34	667.00
805.66	668.80
805.98	676.00
806.30	674.80
806.62	671.40
806.94	672.80
807.26	664.00
807.58	665.20
807.90	667.60
808.22	667.60
808.54	667.60
808.86	666.20
809.18	661.60
809.50	672.60
809.82	663.20
810.14	652.00
810.46	663.40
810.78	657.60
811.10	663.80
811.42	658.60
811.74	656.20
812.06	667.40
812.38	656.20
812.70	653.20
813.02	654.80
813.34	653.60
813.66	649.00
813.97	654.40
814.29	649.20
814.61	648.40
814.93	656.00
815.25	652.80
815.57	650.80
815.89	646.80
816.21	639.00
816.52	640.40
816.84	641.00
817.16	642.60
817.48	638.80
817.80	638.40
818.12	639.60
818.43	638.40
818.75	639.40
819.07	634.60
819.39	638.20
819.71	635.60
820.03	631.60
820.34	637.80
820.66	631.00
820.98	630.20
821.30	633.40
821.61	631.00
821.93	630.40
822.25	624.40
822.57	627.40
822.88	619.80
823.20	628.60
823.52	624.60
823.84	627.40
824.15	625.00
824.47	614.20
824.79	621.60
825.11	620.20
825.42	626.80
825.74	617.80
826.06	621.60
826.37	618.80
826.69	609.40
827.01	614.00
827.32	609.20
827.64	607.20
827.96	604.40
828.27	612.20
828.59	610.60
828.91	609.20
829.22	605.00
829.54	608.20
829.86	603.80
830.17	604.00
830.49	598.20
830.81	597.40
831.12	596.00
831.44	590.20
831.75	599.60
832.07	591.80
832.39	595.80
832.70	592.20
833.02	589.80
833.33	582.80
833.65	587.00
833.96	591.40
834.28	584.40
834.60	583.20
834.91	581.20
835.23	586.20
835.54	578.40
835.86	579.40
836.17	573.40
836.49	576.40
836.80	571.80
837.12	574.00
837.43	572.20
837.75	567.60
838.06	568.40
838.38	571.20
838.69	573.00
839.01	566.80
839.32	563.20
839.64	570.40
839.95	564.20
840.27	563.40
840.58	564.80
840.90	563.00
841.21	562.60
841.53	558.80
841.84	557.00
842.15	549.40
842.47	553.60
842.78	546.60
843.10	546.40
843.41	550.60
843.72	548.40
844.04	547.20
844.35	540.20
844.67	538.00
844.98	537.20
845.29	538.40
845.61	536.20
845.92	532.00
846.23	528.20
846.55	531.40
846.86	530.60
847.18	524.20
847.49	522.60
847.80	527.40
848.12	522.00
848.43	513.60
848.74	524.40
849.05	516.60
849.37	512.80
849.68	514.80
849.99	507.80
850.31	506.40
850.62	505.00
850.93	504.40
851.24	499.60
851.56	498.20
851.87	494.20
852.18	496.20
852.50	496.00
852.81	492.40
853.12	494.40
853.43	488.20
853.74	489.20
854.06	487.60
854.37	482.60
854.68	479.00
854.99	487.80
855.31	479.00
855.62	475.80
855.93	474.00
856.24	471.80
856.55	469.80
856.87	467.80
857.18	463.20
857.49	464.80
857.80	470.60
858.11	460.40
858.42	459.60
858.73	458.20
859.05	456.40
859.36	454.00
859.67	448.00
859.98	446.60
860.29	449.80
860.60	450.80
860.91	447.80
861.22	444.00
861.54	439.40
861.85	438.20
862.16	434.40
862.47	436.80
862.78	431.40
863.09	433.40
863.40	429.40
863.71	430.20
864.02	427.60
864.33	426.40
864.64	416.00
864.95	418.00
865.26	413.20
865.57	416.40
865.88	416.60
866.19	411.00
866.50	409.60
866.81	410.20
867.12	409.00
867.43	408.60
867.74	408.20
868.05	404.20
868.36	404.60
868.67	401.20
868.98	405.00
869.29	397.20
869.60	394.40
869.91	392.80
870.22	392.20
870.53	392.40
870.84	387.00
871.15	382.40
871.46	385.00
871.77	377.80
872.08	378.00
872.39	374.60
872.69	372.80
873.00	379.20
873.31	367.20
873.62	368.60
873.93	372.00
874.24	367.20
874.55	368.80
874.86	360.00
875.16	362.40
875.47	360.60
875.78	356.60
876.09	360.20
876.40	356.40
876.71	355.00
877.01	352.80
877.32	351.80
877.63	347.40
877.94	348.00
878.25	347.20
878.56	348.60
878.86	342.20
879.17	346.60
879.48	343.20
879.79	336.80
880.09	340.00
880.40	339.60
880.71	339.00
881.02	335.40
881.32	331.80
881.63	331.60
881.94	331.80
882.25	331.80
882.55	330.60
882.86	323.60
883.17	328.80
883.48	326.80
883.78	323.20
884.09	321.00
884.40	322.80
884.70	317.60
885.01	318.20
885.32	316.00
885.62	316.60
885.93	317.80
886.24	318.80
886.54	314.40
886.85	308.00
887.16	318.40
887.46	309.20
887.77	315.20
888.08	310.20
888.38	312.00
888.69	314.00
888.99	307.20
889.30	308.80
889.61	306.20
889.91	311.20
890.22	305.40
890.52	317.00
890.83	306.20
891.14	312.40
891.44	310.00
891.75	312.80
892.05	304.20
892.36	307.40
892.66	305.80
892.97	305.40
893.27	306.20
893.58	307.40
893.89	308.40
894.19	309.20
894.50	305.00
894.80	309.80
895.11	307.00
895.41	309.60
895.72	307.80
896.02	301.00
896.33	305.60
896.63	312.40
896.93	306.80
897.24	302.80
897.54	305.60
897.85	303.80
898.15	306.40
898.46	304.60
898.76	310.20
899.07	306.80
899.37	308.20
899.67	305.20
899.98	309.60
900.28	305.20
900.59	310.60
900.89	302.80
901.19	309.40
901.50	303.80
901.80	306.60
902.11	305.00
902.41	308.40
902.71	303.80
903.02	304.00
903.32	306.20
903.62	301.60
903.93	305.40
904.23	306.40
904.53	308.20
904.84	306.80
905.14	302.20
905.44	301.80
905.75	302.60
906.05	302.60
906.35	303.40
906.66	300.60
906.96	297.40
907.26	300.00
907.56	300.40
907.87	304.40
908.17	298.20
908.47	297.40
908.77	300.20
909.08	297.00
909.38	300.20
909.68	300.20
909.98	293.80
910.29	296.20
910.59	301.40
910.89	299.40
911.19	300.00
911.50	297.20
911.80	296.00
912.10	299.40
912.40	298.00
912.70	296.00
913.00	295.00
913.31	293.80
913.61	294.80
913.91	296.40
914.21	289.40
914.51	293.40
914.81	295.00
915.12	293.20
915.42	292.60
915.72	294.20
916.02	289.00
916.32	291.80
916.62	288.20
916.92	290.80
917.22	288.40
917.52	286.20
917.83	284.40
918.13	282.60
918.43	286.20
918.73	282.20
919.03	283.80
919.33	285.00
919.63	283.40
919.93	278.20
920.23	280.80
920.53	283.20
920.83	284.80
921.13	279.20
921.43	278.00
921.73	276.40
922.03	282.80
922.33	276.80
922.63	280.40
922.93	275.60
923.23	280.20
923.53	273.00
923.83	273.40
924.13	271.20
924.43	276.80
924.73	270.80
925.03	272.20
925.33	272.00
925.63	270.80
925.93	267.40
926.23	268.60
926.53	268.20
926.83	266.40
927.13	265.00
927.42	264.40
927.72	267.20
928.02	269.40
928.32	262.60
928.62	264.80
928.92	264.20
929.22	261.60
929.52	262.40
929.82	261.60
930.11	262.80
930.41	262.00
930.71	262.40
931.01	259.00
931.31	260.00
931.61	258.60
931.90	255.80
932.20	255.80
932.50	254.20
932.80	259.40
933.10	254.80
933.39	256.20
933.69	249.40
933.99	253.60
934.29	249.00
934.59	252.60
934.88	249.00
935.18	250.40
935.48	247.80
935.78	250.00
936.07	246.80
936.37	245.80
936.67	246.40
936.97	246.00
937.26	245.60
937.56	244.60
937.86	246.80
938.15	240.20
938.45	245.40
938.75	240.00
939.05	239.40
939.34	240.40
939.64	238.20
939.94	236.80
940.23	237.20
940.53	239.60
940.83	239.80
941.12	232.80
941.42	232.80
941.71	236.20
942.01	232.60
942.31	234.20
942.60	232.40
942.90	232.40
943.20	230.20
943.49	233.00
943.79	233.60
944.08	226.80
944.38	227.00
944.68	230.40
944.97	228.20
945.27	229.60
945.56	224.40
945.86	226.00
946.15	224.80
946.45	228.40
946.74	224.80
947.04	227.20
947.34	224.20
947.63	223.00
947.93	223.80
948.22	223.80
948.52	221.80
948.81	220.40
949.11	220.00
949.40	216.00
949.70	216.40
949.99	219.80
950.29	215.80
950.58	214.00
950.87	215.80
951.17	214.00
951.46	214.00
951.76	215.80
952.05	210.80
952.35	211.20
952.64	214.40
952.94	214.80
953.23	212.00
953.52	211.60
953.82	212.00
954.11	209.00
954.41	205.20
954.70	204.80
954.99	205.20
955.29	203.20
955.58	202.80
955.87	205.40
956.17	204.00
956.46	201.60
956.76	203.20
957.05	201.20
957.34	200.40
957.64	198.80
957.93	198.80
958.22	200.20
958.52	198.80
958.81	197.80
959.10	197.80
959.39	197.20
959.69	195.40
959.98	195.20
960.27	195.60
960.57	196.40
960.86	193.80
961.15	193.00
961.44	192.40
961.74	193.40
962.03	191.40
962.32	192.40
962.61	190.60
962.91	191.20
963.20	188.60
963.49	186.40
963.78	188.40
964.07	188.20
964.37	186.20
964.66	185.60
964.95	185.80
965.24	186.60
965.53	184.60
965.83	184.60
966.12	184.20
966.41	184.00
966.70	183.60
966.99	182.00
967.28	183.40
967.57	182.40
967.87	182.60
968.16	179.80
968.45	179.40
968.74	180.80
969.03	178.00
969.32	177.60
969.61	176.00
969.90	175.40
970.19	178.40
970.49	176.80
970.78	177.20
971.07	175.60
971.36	174.80
971.65	175.20
971.94	176.60
972.23	174.00
972.52	173.80
972.81	173.80
973.10	172.20
973.39	171.80
973.68	171.80
973.97	172.20
974.26	170.60
974.55	170.00
974.84	170.40
975.13	170.80
975.42	169.00
975.71	168.60
976.00	168.60
976.29	167.20
976.58	168.60
976.87	168.40
977.16	166.60
977.45	164.20
977.74	165.20
978.03	166.40
978.32	165.80
978.60	164.20
978.89	163.80
979.18	164.00
979.47	162.00
979.76	162.00
980.05	162.40
980.34	163.20
980.63	161.20
980.92	160.00
981.20	159.80
981.49	161.40
981.78	159.80
982.07	157.20
982.36	158.00
982.65	156.80
982.94	155.60
983.22	156.00
983.51	156.80
983.80	159.40
984.09	156.60
984.38	155.60
984.66	156.20
984.95	156.20
985.24	155.20
985.53	155.60
985.82	153.60
986.10	154.60
986.39	154.60
986.68	152.40
986.97	153.20
987.25	154.00
987.54	154.60
987.83	153.40
988.12	152.00
988.40	152.20
988.69	154.20
988.98	150.60
989.26	151.20
989.55	150.40
989.84	150.00
990.12	149.60
990.41	149.20
990.70	150.80
990.98	148.60
991.27	150.80
991.56	148.80
991.84	147.80
992.13	149.60
992.42	149.60
992.70	147.60
992.99	146.40
993.28	147.40
993.56	147.20
993.85	146.40
994.13	148.40
994.42	147.20
994.71	145.40
994.99	143.80
995.28	143.80
995.56	144.20
995.85	144.60
996.14	142.80
996.42	143.20
996.71	143.20
996.99	143.20
997.28	141.40
997.56	143.40
997.85	144.00
998.13	142.80
998.42	143.80
998.70	141.80
998.99	142.20
999.27	140.00
999.56	141.20
999.84	140.80
1000.13	140.00
1000.41	142.00
1000.70	141.20
1000.98	139.60
1001.27	140.20
1001.55	138.60
1001.84	140.20
1002.12	141.80
1002.40	141.40
1002.69	140.40
1002.97	140.20
1003.26	141.20
1003.54	141.80
1003.83	138.80
1004.11	137.40
1004.39	138.60
1004.68	137.40
1004.96	137.60
1005.24	137.80
1005.53	136.40
1005.81	137.00
1006.10	135.00
1006.38	137.80
1006.66	138.40
1006.95	135.60
1007.23	137.40
1007.51	136.80
1007.80	137.20
1008.08	135.20
1008.36	135.00
1008.65	134.80
1008.93	136.00
1009.21	136.00
1009.49	136.00
1009.78	135.80
1010.06	136.40
1010.34	134.40
1010.63	134.20
1010.91	133.80
1011.19	134.80
1011.47	134.60
1011.76	134.60
1012.04	134.00
1012.32	133.20
1012.60	133.40
1012.88	132.80
1013.17	133.40
1013.45	134.40
1013.73	131.80
1014.01	131.20
1014.29	131.20
1014.58	133.20
1014.86	132.40
1015.14	131.60
1015.42	132.40
1015.70	131.00
1015.98	131.20
1016.27	130.40
1016.55	131.40
1016.83	130.00
1017.11	130.20
1017.39	131.00
1017.67	130.80
1017.95	130.00
1018.23	129.60
1018.52	130.00
1018.80	129.40
1019.08	131.20
1019.36	131.20
1019.64	128.20
1019.92	130.40
1020.20	130.40
1020.48	128.80
1020.76	128.40
1021.04	129.20
1021.32	128.60
1021.60	126.20
1021.88	127.40
1022.16	128.60
1022.44	129.00
1022.72	128.80
