	0.0	
339.41	0.00
339.79	109.20
340.17	111.40
340.55	112.40
340.94	113.20
341.32	113.20
341.70	114.20
342.08	115.80
342.46	117.00
342.84	117.20
343.22	118.60
343.60	119.20
343.98	117.60
344.36	118.00
344.74	120.00
345.12	118.80
345.50	118.60
345.88	118.20
346.26	117.80
346.64	117.80
347.02	117.80
347.40	118.40
347.78	119.20
348.15	118.40
348.53	117.60
348.91	120.60
349.29	122.00
349.67	123.20
350.05	123.00
350.43	122.80
350.81	123.20
351.19	124.20
351.57	124.20
351.95	124.00
352.33	122.60
352.71	122.80
353.09	122.80
353.47	122.20
353.84	123.00
354.22	123.20
354.60	123.80
354.98	124.00
355.36	124.20
355.74	124.60
356.12	124.20
356.50	125.20
356.88	125.00
357.25	124.40
357.63	125.40
358.01	125.40
358.39	126.20
358.77	125.80
359.15	125.40
359.53	127.40
359.90	126.80
360.28	127.20
360.66	127.80
361.04	128.40
361.42	127.80
361.80	128.80
362.17	128.40
362.55	127.60
362.93	128.80
363.31	129.40
363.69	130.00
364.06	129.80
364.44	130.20
364.82	130.20
365.20	130.00
365.58	130.60
365.95	130.40
366.33	130.40
366.71	130.00
367.09	130.00
367.46	130.60
367.84	130.80
368.22	131.20
368.60	132.60
368.97	132.40
369.35	133.60
369.73	134.20
370.11	134.20
370.48	135.00
370.86	136.60
371.24	135.20
371.62	135.60
371.99	136.40
372.37	136.80
372.75	135.80
373.12	135.40
373.50	136.40
373.88	135.60
374.25	135.80
374.63	136.60
375.01	136.80
375.38	136.20
375.76	138.00
376.14	139.20
376.51	140.00
376.89	138.60
377.27	140.80
377.64	141.60
378.02	140.60
378.40	140.80
378.77	141.80
379.15	143.80
379.53	143.20
379.90	144.80
380.28	143.80
380.66	144.60
381.03	145.80
381.41	145.80
381.78	146.20
382.16	146.40
382.54	147.80
382.91	148.00
383.29	149.80
383.66	150.60
384.04	152.40
384.42	152.60
384.79	150.20
385.17	153.80
385.54	151.60
385.92	152.20
386.29	153.60
386.67	156.80
387.05	155.20
387.42	157.80
387.80	158.40
388.17	156.60
388.55	158.20
388.92	163.00
389.30	163.00
389.67	161.00
390.05	164.20
390.42	163.40
390.80	165.80
391.17	166.80
391.55	166.00
391.92	169.00
392.30	170.40
392.67	168.80
393.05	171.00
393.42	172.40
393.80	172.60
394.17	173.60
394.55	176.40
394.92	174.80
395.30	178.40
395.67	176.00
396.05	179.60
396.42	178.80
396.80	181.80
397.17	184.20
397.55	182.80
397.92	184.00
398.29	188.40
398.67	188.20
399.04	189.80
399.42	191.40
399.79	191.00
400.17	194.20
400.54	190.60
400.91	193.00
401.29	192.20
401.66	197.40
402.04	198.60
402.41	194.60
402.78	200.00
403.16	199.00
403.53	203.80
403.90	205.40
404.28	205.60
404.65	206.00
405.03	206.60
405.40	212.00
405.77	208.20
406.15	210.20
406.52	212.40
406.89	214.60
407.27	213.40
407.64	217.20
408.01	217.60
408.39	222.20
408.76	223.60
409.13	222.20
409.51	226.40
409.88	229.60
410.25	228.80
410.62	227.80
411.00	235.00
411.37	231.40
411.74	234.20
412.12	236.80
412.49	235.00
412.86	240.60
413.23	241.80
413.61	240.00
413.98	249.60
414.35	243.80
414.73	248.20
415.10	244.20
415.47	251.60
415.84	248.00
416.22	248.60
416.59	252.40
416.96	259.60
417.33	257.20
417.70	263.80
418.08	269.20
418.45	264.40
418.82	265.00
419.19	272.00
419.57	276.20
419.94	270.00
420.31	281.20
420.68	276.60
421.05	276.20
421.42	279.60
421.80	280.20
422.17	284.00
422.54	290.80
422.91	288.80
423.28	288.80
423.65	291.20
424.03	293.00
424.40	295.80
424.77	300.60
425.14	301.20
425.51	300.40
425.88	308.40
426.25	307.80
426.63	309.20
427.00	309.80
427.37	320.40
427.74	325.80
428.11	316.80
428.48	324.60
428.85	329.40
429.22	327.20
429.59	330.80
429.97	331.80
430.34	335.80
430.71	339.80
431.08	343.40
431.45	351.20
431.82	349.00
432.19	351.60
432.56	355.20
432.93	354.80
433.30	365.20
433.67	364.80
434.04	364.60
434.41	375.40
434.78	375.80
435.15	377.40
435.52	386.20
435.89	386.60
436.26	389.60
436.63	393.20
437.00	393.20
437.37	401.60
437.74	395.00
438.11	409.80
438.48	402.80
438.85	413.60
439.22	422.80
439.59	431.60
439.96	418.20
440.33	429.80
440.70	434.60
441.07	433.60
441.44	444.80
441.81	431.40
442.18	437.80
442.55	449.00
442.92	453.40
443.29	452.00
443.66	446.40
444.03	451.40
444.40	465.00
444.77	473.20
445.14	465.40
445.51	481.80
445.88	471.20
446.24	474.40
446.61	484.40
446.98	475.80
447.35	499.40
447.72	496.80
448.09	492.20
448.46	488.80
448.83	498.40
449.20	495.60
449.56	495.80
449.93	503.00
450.30	497.80
450.67	523.60
451.04	499.00
451.41	496.40
451.78	521.80
452.14	515.00
452.51	515.80
452.88	519.40
453.25	518.40
453.62	534.60
453.99	527.40
454.35	530.20
454.72	539.80
455.09	538.20
455.46	543.00
455.83	557.60
456.19	565.00
456.56	555.80
456.93	559.20
457.30	560.20
457.66	565.20
458.03	572.60
458.40	572.40
458.77	572.40
459.14	582.60
459.50	584.00
459.87	565.20
460.24	589.60
460.61	582.20
460.97	599.40
461.34	590.40
461.71	598.00
462.07	594.80
462.44	614.00
462.81	626.00
463.18	625.20
463.54	607.20
463.91	636.40
464.28	627.60
464.64	635.00
465.01	629.00
465.38	652.40
465.75	640.20
466.11	653.40
466.48	657.40
466.85	650.20
467.21	655.60
467.58	666.80
467.95	680.60
468.31	680.20
468.68	688.60
469.04	696.20
469.41	716.40
469.78	704.80
470.14	716.00
470.51	715.80
470.88	734.80
471.24	725.00
471.61	750.60
471.98	743.60
472.34	762.80
472.71	763.40
473.07	776.00
473.44	775.40
473.81	785.60
474.17	783.40
474.54	800.00
474.90	807.60
475.27	801.60
475.63	819.00
476.00	820.60
476.37	826.60
476.73	836.00
477.10	865.00
477.46	867.60
477.83	859.40
478.19	879.60
478.56	894.40
478.92	904.40
479.29	911.00
479.65	912.60
480.02	914.40
480.38	934.60
480.75	945.20
481.11	946.00
481.48	963.60
481.84	966.60
482.21	972.80
482.57	998.60
482.94	998.40
483.30	1012.00
483.67	1016.20
484.03	1024.60
484.40	1036.00
484.76	1035.60
485.13	1055.80
485.49	1056.00
485.86	1076.20
486.22	1080.40
486.59	1084.80
486.95	1089.80
487.31	1106.60
487.68	1108.00
488.04	1130.60
488.41	1140.60
488.77	1131.00
489.14	1150.20
489.50	1159.40
489.86	1160.60
490.23	1156.80
490.59	1168.20
490.96	1182.40
491.32	1179.60
491.68	1201.00
492.05	1197.40
492.41	1209.60
492.77	1216.20
493.14	1224.00
493.50	1229.60
493.87	1235.60
494.23	1242.20
494.59	1249.40
494.96	1253.80
495.32	1246.80
495.68	1272.80
496.05	1270.00
496.41	1272.60
496.77	1283.80
497.14	1282.20
497.50	1289.20
497.86	1297.60
498.23	1290.00
498.59	1292.20
498.95	1301.40
499.31	1314.20
499.68	1316.20
500.04	1321.80
500.40	1315.60
500.77	1316.00
501.13	1329.60
501.49	1322.00
501.85	1337.60
502.22	1333.80
502.58	1337.40
502.94	1345.40
503.30	1340.80
503.67	1338.40
504.03	1362.40
504.39	1352.60
504.75	1365.00
505.12	1364.60
505.48	1374.80
505.84	1376.40
506.20	1373.60
506.56	1373.00
506.93	1372.00
507.29	1393.60
507.65	1387.60
508.01	1399.20
508.37	1402.20
508.74	1389.20
509.10	1411.20
509.46	1404.40
509.82	1396.60
510.18	1415.60
510.54	1425.40
510.91	1423.80
511.27	1410.80
511.63	1432.60
511.99	1426.60
512.35	1424.20
512.71	1439.00
513.07	1448.60
513.43	1446.60
513.80	1446.80
514.16	1457.40
514.52	1466.20
514.88	1469.80
515.24	1480.40
515.60	1482.20
515.96	1477.60
516.32	1484.00
516.68	1496.80
517.04	1502.20
517.41	1490.20
517.77	1502.80
518.13	1506.60
518.49	1525.80
518.85	1519.00
519.21	1525.20
519.57	1541.80
519.93	1547.20
520.29	1557.80
520.65	1546.80
521.01	1548.20
521.37	1563.80
521.73	1547.40
522.09	1576.00
522.45	1579.80
522.81	1577.20
523.17	1591.40
523.53	1593.60
523.89	1578.20
524.25	1601.80
524.61	1600.80
524.97	1603.40
525.33	1606.40
525.69	1598.80
526.05	1618.60
526.41	1627.20
526.77	1623.80
527.13	1632.40
527.49	1646.60
527.85	1628.40
528.21	1650.80
528.57	1659.20
528.93	1657.60
529.29	1661.00
529.65	1650.20
530.00	1667.60
530.36	1655.80
530.72	1678.80
531.08	1667.20
531.44	1679.80
531.80	1690.20
532.16	1706.80
532.52	1696.80
532.88	1705.00
533.24	1691.60
533.59	1713.40
533.95	1706.00
534.31	1717.00
534.67	1710.00
535.03	1722.60
535.39	1709.40
535.75	1737.00
536.11	1722.60
536.46	1724.80
536.82	1724.80
537.18	1719.40
537.54	1734.80
537.90	1736.60
538.26	1728.80
538.61	1730.80
538.97	1761.00
539.33	1743.00
539.69	1759.00
540.05	1755.60
540.40	1750.20
540.76	1776.80
541.12	1763.00
541.48	1784.20
541.84	1767.40
542.19	1765.20
542.55	1772.80
542.91	1770.00
543.27	1779.20
543.62	1791.00
543.98	1777.40
544.34	1767.40
544.70	1795.00
545.05	1799.60
545.41	1799.80
545.77	1798.20
546.12	1796.20
546.48	1802.80
546.84	1796.20
547.20	1793.20
547.55	1806.60
547.91	1827.80
548.27	1818.80
548.62	1806.00
548.98	1819.80
549.34	1821.00
549.69	1835.00
550.05	1826.60
550.41	1844.00
550.77	1831.40
551.12	1844.00
551.48	1833.60
551.83	1848.80
552.19	1849.00
552.55	1851.60
552.90	1842.20
553.26	1865.60
553.62	1865.80
553.97	1861.40
554.33	1857.80
554.69	1874.60
555.04	1860.20
555.40	1868.60
555.75	1877.00
556.11	1902.20
556.47	1877.20
556.82	1896.20
557.18	1898.80
557.53	1881.20
557.89	1904.60
558.24	1909.00
558.60	1897.20
558.96	1913.20
559.31	1914.00
559.67	1915.40
560.02	1909.80
560.38	1895.00
560.73	1920.40
561.09	1934.40
561.44	1949.80
561.80	1931.80
562.16	1945.20
562.51	1954.40
562.87	1963.00
563.22	1957.80
563.58	1958.80
563.93	1965.80
564.29	1953.80
564.64	1990.80
565.00	1967.00
565.35	1972.00
565.71	1964.40
566.06	1996.80
566.41	2006.60
566.77	1979.80
567.12	2004.60
567.48	1990.00
567.83	2016.40
568.19	1999.00
568.54	2020.60
568.90	2015.40
569.25	2019.80
569.60	2029.20
569.96	2049.20
570.31	2009.20
570.67	2040.00
571.02	2034.20
571.38	2039.40
571.73	2044.00
572.08	2073.80
572.44	2050.00
572.79	2050.20
573.15	2055.20
573.50	2034.00
573.85	2061.80
574.21	2056.20
574.56	2060.00
574.91	2074.60
575.27	2073.40
575.62	2055.80
575.97	2071.60
576.33	2069.00
576.68	2063.20
577.03	2067.00
577.39	2069.80
577.74	2069.20
578.09	2072.80
578.45	2072.00
578.80	2067.80
579.15	2051.80
579.51	2056.20
579.86	2064.80
580.21	2079.20
580.57	2081.20
580.92	2078.20
581.27	2067.00
581.62	2079.60
581.98	2053.60
582.33	2065.00
582.68	2071.80
583.03	2059.40
583.39	2062.80
583.74	2062.00
584.09	2066.40
584.44	2071.00
584.80	2054.40
585.15	2045.00
585.50	2054.20
585.85	2071.00
586.21	2045.60
586.56	2059.20
586.91	2059.20
587.26	2060.20
587.61	2055.20
587.97	2043.60
588.32	2059.60
588.67	2058.60
589.02	2069.20
589.37	2034.40
589.73	2056.20
590.08	2054.20
590.43	2046.20
590.78	2061.80
591.13	2046.00
591.48	2052.20
591.83	2034.80
592.19	2050.40
592.54	2051.00
592.89	2040.80
593.24	2058.00
593.59	2056.60
593.94	2055.20
594.29	2069.40
594.64	2053.00
595.00	2072.80
595.35	2070.60
595.70	2039.00
596.05	2056.20
596.40	2047.60
596.75	2065.00
597.10	2073.00
597.45	2047.60
597.80	2067.40
598.15	2066.00
598.50	2066.80
598.85	2058.80
599.20	2051.80
599.55	2058.00
599.90	2055.60
600.26	2055.00
600.61	2078.80
600.96	2072.80
601.31	2089.80
601.66	2078.40
602.01	2062.00
602.36	2081.40
602.71	2081.40
603.06	2085.20
603.41	2080.00
603.76	2086.00
604.11	2096.20
604.46	2071.60
604.81	2094.20
605.16	2086.60
605.50	2096.00
605.85	2100.60
606.20	2109.00
606.55	2102.40
606.90	2086.40
607.25	2088.00
607.60	2099.80
607.95	2097.40
608.30	2104.80
608.65	2116.00
609.00	2112.60
609.35	2107.80
609.70	2127.80
610.05	2103.40
610.40	2120.80
610.74	2113.80
611.09	2116.40
611.44	2113.20
611.79	2121.80
612.14	2133.80
612.49	2131.80
612.84	2126.40
613.19	2135.00
613.53	2149.20
613.88	2163.80
614.23	2140.40
614.58	2148.00
614.93	2155.20
615.28	2137.00
615.62	2142.60
615.97	2153.40
616.32	2153.20
616.67	2156.00
617.02	2147.60
617.37	2152.60
617.71	2169.80
618.06	2170.40
618.41	2153.00
618.76	2160.40
619.11	2169.80
619.45	2166.80
619.80	2176.60
620.15	2167.60
620.50	2159.40
620.84	2169.40
621.19	2162.80
621.54	2172.40
621.89	2176.20
622.23	2149.40
622.58	2155.80
622.93	2162.60
623.28	2161.80
623.62	2143.20
623.97	2158.60
624.32	2163.00
624.66	2157.20
625.01	2163.60
625.36	2161.20
625.71	2146.20
626.05	2157.40
626.40	2150.20
626.75	2158.40
627.09	2157.40
627.44	2135.80
627.79	2138.40
628.13	2119.20
628.48	2149.00
628.83	2126.40
629.17	2110.60
629.52	2139.80
629.87	2129.80
630.21	2132.60
630.56	2131.00
630.90	2134.80
631.25	2139.20
631.60	2123.20
631.94	2120.80
632.29	2118.60
632.63	2128.20
632.98	2104.40
633.33	2103.60
633.67	2099.80
634.02	2108.60
634.36	2105.80
634.71	2078.80
635.06	2104.20
635.40	2059.40
635.75	2101.60
636.09	2073.60
636.44	2083.00
636.78	2067.00
637.13	2073.00
637.47	2059.60
637.82	2070.60
638.16	2032.80
638.51	2066.00
638.86	2035.40
639.20	2068.60
639.55	2040.60
639.89	2039.20
640.24	2024.20
640.58	2033.00
640.93	2021.80
641.27	2004.40
641.62	2033.00
641.96	2009.80
642.30	2011.00
642.65	2003.60
642.99	2007.20
643.34	2007.60
643.68	2001.60
644.03	2003.00
644.37	2002.80
644.72	1996.80
645.06	1986.80
645.40	1988.20
645.75	1995.20
646.09	1973.60
646.44	1985.00
646.78	1976.80
647.13	1979.80
647.47	1962.60
647.81	1969.80
648.16	1957.00
648.50	1975.00
648.85	1958.40
649.19	1939.00
649.53	1936.20
649.88	1946.00
650.22	1963.80
650.56	1944.60
650.91	1942.20
651.25	1935.80
651.59	1926.00
651.94	1946.80
652.28	1937.00
652.62	1924.20
652.97	1948.00
653.31	1924.20
653.65	1931.00
654.00	1933.40
654.34	1941.00
654.68	1928.20
655.03	1908.40
655.37	1927.80
655.71	1932.20
656.05	1927.40
656.40	1913.40
656.74	1909.40
657.08	1912.00
657.43	1921.20
657.77	1901.80
658.11	1909.20
658.45	1913.20
658.80	1905.60
659.14	1889.80
659.48	1898.40
659.82	1896.60
660.16	1909.20
660.51	1893.00
660.85	1899.20
661.19	1903.80
661.53	1904.40
661.87	1904.80
662.22	1890.80
662.56	1897.00
662.90	1920.00
663.24	1894.00
663.58	1889.00
663.93	1900.80
664.27	1875.60
664.61	1909.20
664.95	1902.20
665.29	1886.40
665.63	1881.40
665.98	1885.00
666.32	1889.80
666.66	1884.80
667.00	1889.40
667.34	1889.80
667.68	1887.20
668.02	1862.40
668.36	1889.20
668.70	1879.20
669.05	1866.20
669.39	1885.40
669.73	1871.40
670.07	1875.60
670.41	1868.60
670.75	1873.20
671.09	1878.20
671.43	1857.00
671.77	1872.80
672.11	1871.80
672.45	1867.40
672.79	1858.00
673.13	1861.00
673.47	1843.60
673.81	1876.40
674.16	1853.60
674.50	1851.80
674.84	1849.40
675.18	1841.40
675.52	1854.60
675.86	1835.20
676.20	1857.20
676.54	1837.40
676.88	1842.80
677.22	1838.40
677.56	1827.60
677.90	1836.20
678.23	1819.60
678.57	1831.80
678.91	1841.20
679.25	1836.00
679.59	1826.00
679.93	1826.00
680.27	1818.40
680.61	1812.60
680.95	1807.40
681.29	1814.60
681.63	1794.00
681.97	1812.20
682.31	1787.60
682.65	1796.40
682.99	1809.80
683.32	1783.00
683.66	1796.20
684.00	1786.60
684.34	1773.20
684.68	1758.60
685.02	1776.40
685.36	1759.00
685.70	1764.60
686.03	1762.60
686.37	1761.00
686.71	1754.60
687.05	1739.80
687.39	1738.80
687.73	1727.80
688.07	1729.20
688.40	1727.20
688.74	1723.20
689.08	1718.20
689.42	1726.80
689.76	1706.20
690.09	1711.00
690.43	1698.60
690.77	1710.20
691.11	1680.40
691.45	1664.60
691.78	1689.80
692.12	1668.40
692.46	1676.40
692.80	1668.80
693.13	1672.40
693.47	1653.00
693.81	1651.20
694.15	1645.80
694.48	1647.00
694.82	1634.80
695.16	1642.60
695.50	1634.20
695.83	1618.80
696.17	1622.00
696.51	1621.40
696.84	1602.60
697.18	1599.20
697.52	1600.00
697.85	1581.60
698.19	1587.00
698.53	1590.80
698.87	1563.40
699.20	1563.80
699.54	1544.60
699.88	1562.40
700.21	1558.60
700.55	1547.80
700.88	1539.20
701.22	1547.40
701.56	1545.60
701.89	1525.20
702.23	1528.20
702.57	1518.80
702.90	1498.60
703.24	1518.40
703.57	1499.80
703.91	1498.40
704.25	1502.60
704.58	1507.40
704.92	1493.00
705.25	1480.20
705.59	1482.00
705.93	1485.80
706.26	1490.20
706.60	1477.60
706.93	1466.00
707.27	1456.80
707.60	1476.80
707.94	1448.80
708.27	1456.80
708.61	1457.60
708.95	1446.60
709.28	1440.60
709.62	1439.80
709.95	1441.80
710.29	1425.20
710.62	1424.60
710.96	1417.60
711.29	1411.60
711.63	1417.60
711.96	1400.60
712.30	1414.20
712.63	1401.60
712.96	1392.60
713.30	1401.00
713.63	1380.80
713.97	1389.20
714.30	1383.20
714.64	1374.60
714.97	1369.80
715.31	1379.00
715.64	1371.80
715.97	1375.40
716.31	1375.60
716.64	1354.80
716.98	1373.40
717.31	1372.40
717.64	1367.80
717.98	1349.20
718.31	1360.60
718.65	1345.80
718.98	1347.80
719.31	1342.00
719.65	1348.80
719.98	1337.60
720.32	1345.00
720.65	1340.80
720.98	1335.60
721.32	1334.20
721.65	1328.00
721.98	1335.80
722.32	1337.60
722.65	1326.00
722.98	1320.40
723.32	1323.00
723.65	1317.80
723.98	1325.20
724.31	1303.60
724.65	1323.60
724.98	1326.80
725.31	1311.20
725.65	1320.20
725.98	1305.20
726.31	1309.00
726.64	1290.60
726.98	1289.20
727.31	1291.40
727.64	1302.80
727.97	1301.80
728.31	1287.20
728.64	1287.80
728.97	1289.60
729.30	1293.20
729.64	1291.20
729.97	1275.00
730.30	1281.80
730.63	1288.20
730.96	1283.40
731.30	1280.40
731.63	1285.20
731.96	1276.60
732.29	1280.80
732.62	1273.20
732.96	1272.20
733.29	1275.60
733.62	1266.40
733.95	1265.40
734.28	1267.40
734.61	1258.40
734.94	1251.40
735.28	1262.00
735.61	1260.40
735.94	1258.00
736.27	1256.00
736.60	1252.00
736.93	1248.80
737.26	1245.80
737.59	1247.80
737.92	1246.60
738.26	1243.40
738.59	1240.00
738.92	1241.80
739.25	1236.20
739.58	1228.40
739.91	1241.80
740.24	1233.80
740.57	1225.60
740.90	1235.20
741.23	1234.00
741.56	1233.80
741.89	1227.80
742.22	1228.60
742.55	1228.40
742.88	1212.80
743.21	1211.20
743.54	1212.60
743.87	1220.80
744.20	1215.40
744.53	1196.40
744.86	1208.80
745.19	1192.20
745.52	1196.80
745.85	1206.60
746.18	1196.20
746.51	1185.60
746.84	1200.20
747.17	1181.00
747.50	1179.40
747.83	1179.60
748.16	1173.80
748.49	1178.80
748.82	1182.80
749.15	1178.00
749.48	1173.00
749.81	1175.00
750.14	1160.40
750.46	1165.20
750.79	1159.80
751.12	1156.20
751.45	1160.00
751.78	1139.80
752.11	1154.20
752.44	1150.40
752.77	1153.80
753.10	1133.20
753.42	1130.20
753.75	1123.60
754.08	1132.20
754.41	1112.80
754.74	1115.40
755.07	1117.00
755.39	1107.40
755.72	1114.60
756.05	1105.20
756.38	1104.00
756.71	1117.20
757.04	1096.00
757.36	1094.20
757.69	1092.60
758.02	1094.80
758.35	1086.80
758.67	1088.40
759.00	1092.40
759.33	1075.20
759.66	1067.20
759.99	1060.00
760.31	1064.80
760.64	1057.80
760.97	1062.60
761.30	1047.00
761.62	1045.20
761.95	1040.20
762.28	1041.80
762.60	1025.80
762.93	1022.80
763.26	1035.60
763.59	1019.00
763.91	1021.40
764.24	1012.20
764.57	1022.20
764.89	1016.20
765.22	991.40
765.55	1003.20
765.87	998.20
766.20	994.60
766.53	986.20
766.85	989.00
767.18	976.60
767.51	978.60
767.83	962.60
768.16	965.20
768.48	961.00
768.81	959.60
769.14	948.00
769.46	948.40
769.79	949.60
770.12	941.20
770.44	931.20
770.77	935.00
771.09	920.20
771.42	916.40
771.74	919.80
772.07	924.40
772.40	913.60
772.72	909.60
773.05	913.80
773.37	899.40
773.70	896.00
774.02	889.40
774.35	887.40
774.67	883.20
775.00	873.00
775.32	877.20
775.65	874.20
775.97	865.00
776.30	859.20
776.63	860.80
776.95	858.00
777.27	855.60
777.60	846.20
777.92	842.00
778.25	849.00
778.57	838.00
778.90	839.00
779.22	831.00
779.55	826.80
779.87	827.40
780.20	826.80
780.52	817.40
780.85	811.60
781.17	807.40
781.49	801.40
781.82	799.20
782.14	800.00
782.47	798.00
782.79	797.20
783.11	793.80
783.44	778.20
783.76	779.40
784.09	765.20
784.41	778.60
784.73	763.20
785.06	756.40
785.38	763.80
785.70	764.20
786.03	758.20
786.35	755.40
786.67	749.80
787.00	752.40
787.32	742.20
787.64	747.40
787.97	738.60
788.29	732.20
788.61	731.80
788.94	736.60
789.26	736.20
789.58	727.80
789.91	734.40
790.23	732.40
790.55	730.80
790.87	725.60
791.20	722.20
791.52	724.40
791.84	723.40
792.16	732.80
792.49	723.00
792.81	712.20
793.13	723.60
793.45	722.80
793.78	728.20
794.10	719.60
794.42	716.00
794.74	714.00
795.06	726.20
795.39	715.20
795.71	720.40
796.03	725.20
796.35	725.00
796.67	723.40
797.00	724.20
797.32	726.60
797.64	726.80
797.96	721.60
798.28	728.60
798.60	726.80
798.93	727.40
799.25	724.20
799.57	734.20
799.89	724.40
800.21	726.80
800.53	728.00
800.85	731.60
801.17	717.00
801.50	721.80
801.82	720.20
802.14	720.20
802.46	712.20
802.78	727.60
803.10	724.20
803.42	720.40
803.74	720.40
804.06	714.60
804.38	722.40
804.70	719.20
805.02	713.00
805.34	720.20
805.66	722.80
805.98	722.40
806.30	722.00
806.62	717.20
806.94	712.60
807.26	711.80
807.58	716.20
807.90	719.00
808.22	714.00
808.54	711.60
808.86	714.20
809.18	710.40
809.50	717.20
809.82	720.40
810.14	709.40
810.46	716.60
810.78	705.80
811.10	709.40
811.42	707.80
811.74	700.60
812.06	716.00
812.38	707.60
812.70	699.20
813.02	700.60
813.34	705.00
813.66	690.80
813.97	701.00
814.29	699.40
814.61	690.40
814.93	698.80
815.25	689.40
815.57	698.00
815.89	697.60
816.21	687.20
816.52	688.00
816.84	692.20
817.16	692.60
817.48	687.00
817.80	679.40
818.12	681.20
818.43	682.60
818.75	681.80
819.07	680.40
819.39	685.20
819.71	681.20
820.03	672.80
820.34	676.40
820.66	671.40
820.98	666.20
821.30	669.80
821.61	661.40
821.93	667.80
822.25	667.20
822.57	671.60
822.88	668.00
823.20	660.80
823.52	661.60
823.84	657.00
824.15	665.60
824.47	662.60
824.79	663.40
825.11	660.00
825.42	660.40
825.74	658.60
826.06	663.60
826.37	659.00
826.69	650.60
827.01	651.20
827.32	650.80
827.64	650.80
827.96	640.20
828.27	649.00
828.59	641.80
828.91	645.00
829.22	645.80
829.54	644.00
829.86	643.60
830.17	646.40
830.49	641.60
830.81	643.60
831.12	636.20
831.44	632.60
831.75	635.60
832.07	633.00
832.39	632.60
832.70	632.80
833.02	631.40
833.33	625.20
833.65	629.20
833.96	630.20
834.28	626.40
834.60	619.00
834.91	618.80
835.23	621.40
835.54	617.60
835.86	614.40
836.17	616.60
836.49	611.40
836.80	616.00
837.12	613.60
837.43	615.00
837.75	609.60
838.06	607.40
838.38	608.00
838.69	604.60
839.01	598.00
839.32	603.00
839.64	600.80
839.95	602.80
840.27	602.00
840.58	592.80
840.90	600.80
841.21	597.40
841.53	592.80
841.84	587.40
842.15	585.80
842.47	585.00
842.78	583.40
843.10	584.20
843.41	582.20
843.72	582.60
844.04	577.40
844.35	571.40
844.67	580.80
844.98	575.00
845.29	576.60
845.61	579.40
845.92	569.20
846.23	568.20
846.55	567.20
846.86	560.00
847.18	557.40
847.49	555.00
847.80	558.60
848.12	553.60
848.43	553.60
848.74	559.20
849.05	549.00
849.37	538.60
849.68	552.20
849.99	543.80
850.31	535.20
850.62	537.20
850.93	536.00
851.24	533.00
851.56	529.80
851.87	528.40
852.18	525.80
852.50	524.20
852.81	530.00
853.12	523.80
853.43	518.00
853.74	518.40
854.06	515.60
854.37	512.40
854.68	510.40
854.99	514.60
855.31	512.60
855.62	507.20
855.93	504.00
856.24	500.40
856.55	494.60
856.87	497.20
857.18	501.40
857.49	491.20
857.80	491.80
858.11	485.40
858.42	489.20
858.73	488.80
859.05	484.40
859.36	484.80
859.67	482.80
859.98	478.80
860.29	479.80
860.60	475.60
860.91	475.60
861.22	473.20
861.54	471.40
861.85	471.00
862.16	471.80
862.47	464.20
862.78	462.20
863.09	453.00
863.40	457.60
863.71	454.60
864.02	451.80
864.33	450.40
864.64	446.40
864.95	446.60
865.26	441.20
865.57	444.00
865.88	437.20
866.19	444.00
866.50	438.60
866.81	435.40
867.12	429.80
867.43	432.20
867.74	430.80
868.05	427.60
868.36	430.60
868.67	425.00
868.98	422.20
869.29	420.20
869.60	419.40
869.91	414.80
870.22	417.40
870.53	415.00
870.84	409.40
871.15	408.00
871.46	407.20
871.77	406.80
872.08	402.60
872.39	400.40
872.69	398.00
873.00	394.60
873.31	387.60
873.62	394.60
873.93	385.40
874.24	388.20
874.55	385.60
874.86	382.40
875.16	380.80
875.47	379.60
875.78	379.00
876.09	378.20
876.40	377.00
876.71	374.20
877.01	374.60
877.32	366.40
877.63	368.40
877.94	366.80
878.25	368.40
878.56	363.00
878.86	361.20
879.17	359.20
879.48	361.40
879.79	353.80
880.09	354.00
880.40	354.80
880.71	352.80
881.02	350.20
881.32	351.00
881.63	348.20
881.94	350.40
882.25	350.40
882.55	347.60
882.86	344.80
883.17	342.20
883.48	346.20
883.78	342.40
884.09	341.40
884.40	338.00
884.70	336.60
885.01	339.80
885.32	335.00
885.62	336.00
885.93	333.00
886.24	335.80
886.54	336.20
886.85	332.60
887.16	332.00
887.46	329.00
887.77	333.40
888.08	328.40
888.38	331.20
888.69	335.00
888.99	325.80
889.30	329.40
889.61	330.80
889.91	329.20
890.22	324.60
890.52	327.60
890.83	325.80
891.14	325.00
891.44	325.60
891.75	327.40
892.05	323.60
892.36	324.00
892.66	325.20
892.97	320.40
893.27	323.60
893.58	320.60
893.89	325.20
894.19	324.40
894.50	326.40
894.80	325.40
895.11	324.60
895.41	324.80
895.72	327.40
896.02	321.80
896.33	326.20
896.63	326.00
896.93	319.60
897.24	322.00
897.54	322.80
897.85	319.20
898.15	324.20
898.46	321.40
898.76	319.60
899.07	322.20
899.37	317.60
899.67	325.20
899.98	323.00
900.28	319.40
900.59	327.40
900.89	321.80
901.19	325.80
901.50	323.60
901.80	323.00
902.11	320.40
902.41	324.80
902.71	320.40
903.02	321.20
903.32	323.20
903.62	320.20
903.93	322.00
904.23	327.80
904.53	325.00
904.84	319.80
905.14	322.40
905.44	316.60
905.75	316.00
906.05	317.60
906.35	322.00
906.66	320.40
906.96	318.60
907.26	314.40
907.56	319.80
907.87	319.40
908.17	314.00
908.47	317.60
908.77	317.60
909.08	314.60
909.38	315.80
909.68	317.40
909.98	310.00
910.29	317.60
910.59	311.40
910.89	317.00
911.19	313.80
911.50	315.40
911.80	308.80
912.10	309.60
912.40	313.80
912.70	312.40
913.00	311.80
913.31	311.80
913.61	312.60
913.91	311.00
914.21	307.00
914.51	310.00
914.81	311.40
915.12	309.00
915.42	310.80
915.72	306.80
916.02	307.60
916.32	307.40
916.62	301.60
916.92	305.60
917.22	302.00
917.52	302.80
917.83	302.80
918.13	302.20
918.43	303.40
918.73	299.00
919.03	301.40
919.33	301.40
919.63	296.80
919.93	298.40
920.23	294.40
920.53	298.80
920.83	296.60
921.13	293.00
921.43	291.60
921.73	293.00
922.03	293.20
922.33	290.40
922.63	291.20
922.93	290.20
923.23	293.00
923.53	290.60
923.83	289.60
924.13	289.20
924.43	289.80
924.73	289.80
925.03	285.40
925.33	288.00
925.63	285.20
925.93	285.40
926.23	285.80
926.53	282.80
926.83	279.40
927.13	283.00
927.42	278.20
927.72	280.20
928.02	276.40
928.32	276.20
928.62	280.80
928.92	272.20
929.22	273.00
929.52	273.20
929.82	277.00
930.11	279.40
930.41	271.40
930.71	275.80
931.01	270.20
931.31	274.60
931.61	273.80
931.90	266.60
932.20	267.60
932.50	267.60
932.80	267.60
933.10	268.60
933.39	265.00
933.69	264.80
933.99	265.00
934.29	266.00
934.59	261.00
934.88	263.40
935.18	262.80
935.48	260.40
935.78	260.40
936.07	258.60
936.37	256.00
936.67	258.00
936.97	261.20
937.26	257.00
937.56	255.60
937.86	259.40
938.15	251.80
938.45	252.40
938.75	248.80
939.05	253.20
939.34	249.20
939.64	248.00
939.94	247.60
940.23	246.60
940.53	247.80
940.83	247.60
941.12	246.80
941.42	247.40
941.71	245.60
942.01	243.20
942.31	242.80
942.60	241.40
942.90	243.00
943.20	241.00
943.49	241.00
943.79	243.40
944.08	240.20
944.38	237.20
944.68	238.00
944.97	237.60
945.27	237.60
945.56	236.00
945.86	235.80
946.15	236.00
946.45	234.20
946.74	232.80
947.04	232.20
947.34	234.60
947.63	232.00
947.93	231.00
948.22	230.80
948.52	229.40
948.81	228.60
949.11	228.20
949.40	225.60
949.70	226.00
949.99	227.00
950.29	224.60
950.58	219.80
950.87	223.40
951.17	221.00
951.46	223.40
951.76	220.80
952.05	220.20
952.35	220.20
952.64	218.80
952.94	214.20
953.23	218.20
953.52	220.80
953.82	215.20
954.11	216.80
954.41	213.20
954.70	212.80
954.99	212.60
955.29	215.20
955.58	209.20
955.87	212.20
956.17	214.40
956.46	209.80
956.76	208.40
957.05	210.80
957.34	210.20
957.64	208.80
957.93	205.60
958.22	208.20
958.52	204.20
958.81	203.80
959.10	206.00
959.39	204.40
959.69	202.40
959.98	201.00
960.27	204.60
960.57	202.20
960.86	198.20
961.15	201.40
961.44	200.80
961.74	200.20
962.03	197.40
962.32	198.00
962.61	196.40
962.91	197.00
963.20	192.40
963.49	196.80
963.78	190.40
964.07	195.20
964.37	196.00
964.66	194.60
964.95	191.20
965.24	194.40
965.53	190.00
965.83	189.80
966.12	190.20
966.41	190.00
966.70	188.80
966.99	189.20
967.28	186.60
967.57	185.60
967.87	187.00
968.16	187.20
968.45	185.60
968.74	181.80
969.03	184.60
969.32	186.80
969.61	180.60
969.90	182.60
970.19	180.40
970.49	182.40
970.78	179.80
971.07	181.40
971.36	180.60
971.65	179.40
971.94	179.20
972.23	179.60
972.52	177.00
972.81	173.40
973.10	177.80
973.39	177.40
973.68	175.60
973.97	176.80
974.26	174.80
974.55	174.40
974.84	172.80
975.13	175.20
975.42	172.60
975.71	172.60
976.00	171.20
976.29	170.80
976.58	169.20
976.87	168.60
977.16	168.80
977.45	167.80
977.74	168.60
978.03	168.60
978.32	169.80
978.60	169.00
978.89	168.80
979.18	167.80
979.47	166.60
979.76	167.80
980.05	166.60
980.34	164.00
980.63	163.60
980.92	163.20
981.20	164.20
981.49	164.60
981.78	164.00
982.07	162.60
982.36	160.60
982.65	164.40
982.94	160.40
983.22	159.40
983.51	159.40
983.80	158.80
984.09	160.60
984.38	158.80
984.66	160.00
984.95	160.60
985.24	160.20
985.53	158.20
985.82	156.00
986.10	156.60
986.39	156.00
986.68	156.80
986.97	158.00
987.25	158.00
987.54	156.60
987.83	154.00
988.12	155.40
988.40	153.60
988.69	155.40
988.98	156.20
989.26	153.60
989.55	151.20
989.84	151.80
990.12	152.40
990.41	152.40
990.70	151.60
990.98	149.40
991.27	150.60
991.56	152.00
991.84	150.80
992.13	150.40
992.42	149.60
992.70	150.20
992.99	148.80
993.28	149.60
993.56	150.40
993.85	147.80
994.13	149.80
994.42	149.20
994.71	146.80
994.99	147.00
995.28	146.20
995.56	148.80
995.85	148.40
996.14	148.80
996.42	146.40
996.71	148.20
996.99	146.40
997.28	144.20
997.56	145.80
997.85	145.40
998.13	145.40
998.42	145.60
998.70	143.80
998.99	144.80
999.27	144.20
999.56	142.00
999.84	143.40
1000.13	142.20
1000.41	143.00
1000.70	142.40
1000.98	142.60
1001.27	142.40
1001.55	142.40
1001.84	141.20
1002.12	139.80
1002.40	140.60
1002.69	141.20
1002.97	141.80
1003.26	141.80
1003.54	143.20
1003.83	140.40
1004.11	139.00
1004.39	138.80
1004.68	141.00
1004.96	139.40
1005.24	140.00
1005.53	139.20
1005.81	139.60
1006.10	139.40
1006.38	138.40
1006.66	139.60
1006.95	137.60
1007.23	137.80
1007.51	137.20
1007.80	137.40
1008.08	137.40
1008.36	137.60
1008.65	136.60
1008.93	136.60
1009.21	137.20
1009.49	136.20
1009.78	136.40
1010.06	136.00
1010.34	134.60
1010.63	135.00
1010.91	134.60
1011.19	133.80
1011.47	133.00
1011.76	134.20
1012.04	134.60
1012.32	134.80
1012.60	134.80
1012.88	135.20
1013.17	134.40
1013.45	135.60
1013.73	134.60
1014.01	133.40
1014.29	132.80
1014.58	132.40
1014.86	132.20
1015.14	132.80
1015.42	133.00
1015.70	131.20
1015.98	132.20
1016.27	132.40
1016.55	133.40
1016.83	130.60
1017.11	131.00
1017.39	130.40
1017.67	131.20
1017.95	130.60
1018.23	132.20
1018.52	131.60
1018.80	129.60
1019.08	129.80
1019.36	131.60
1019.64	131.60
1019.92	131.00
1020.20	130.40
1020.48	130.60
1020.76	131.80
1021.04	130.00
1021.32	129.20
1021.60	130.20
1021.88	130.00
1022.16	130.60
1022.44	130.20
1022.72	128.20
