	0.0	
339.41	0.00
339.79	109.40
340.17	109.60
340.55	110.80
340.94	112.00
341.32	113.40
341.70	115.40
342.08	116.80
342.46	118.00
342.84	119.20
343.22	118.80
343.60	118.00
343.98	118.80
344.36	118.40
344.74	117.40
345.12	117.60
345.50	119.20
345.88	118.80
346.26	118.60
346.64	117.40
347.02	118.80
347.40	118.00
347.78	119.00
348.15	118.00
348.53	117.00
348.91	119.80
349.29	122.40
349.67	122.40
350.05	123.20
350.43	124.80
350.81	122.80
351.19	122.80
351.57	122.20
351.95	122.20
352.33	121.60
352.71	122.20
353.09	123.80
353.47	124.60
353.84	125.20
354.22	123.60
354.60	124.40
354.98	124.80
355.36	125.20
355.74	125.00
356.12	124.80
356.50	124.80
356.88	125.80
357.25	125.60
357.63	127.20
358.01	126.20
358.39	126.00
358.77	124.60
359.15	126.20
359.53	126.40
359.90	128.00
360.28	128.40
360.66	127.60
361.04	127.00
361.42	127.60
361.80	127.00
362.17	127.40
362.55	129.20
362.93	127.80
363.31	129.60
363.69	131.20
364.06	130.40
364.44	128.20
364.82	130.20
365.20	130.80
365.58	130.40
365.95	129.80
366.33	129.80
366.71	130.00
367.09	130.00
367.46	130.80
367.84	131.00
368.22	132.80
368.60	133.00
368.97	133.00
369.35	132.00
369.73	134.80
370.11	136.00
370.48	133.60
370.86	132.80
371.24	133.40
371.62	135.20
371.99	134.60
372.37	136.00
372.75	135.80
373.12	137.00
373.50	138.20
373.88	136.00
374.25	136.80
374.63	136.60
375.01	139.80
375.38	139.60
375.76	139.00
376.14	140.00
376.51	138.60
376.89	140.60
377.27	139.60
377.64	141.20
378.02	140.40
378.40	144.40
378.77	143.20
379.15	143.20
379.53	145.60
379.90	144.60
380.28	146.80
380.66	147.00
381.03	146.60
381.41	146.80
381.78	147.60
382.16	146.80
382.54	151.00
382.91	148.40
383.29	148.60
383.66	150.80
384.04	150.00
384.42	150.40
384.79	150.80
385.17	150.20
385.54	151.80
385.92	153.60
386.29	155.80
386.67	154.60
387.05	157.40
387.42	154.40
387.80	157.60
388.17	158.80
388.55	159.60
388.92	160.40
389.30	161.00
389.67	161.60
390.05	162.20
390.42	163.20
390.80	163.20
391.17	166.20
391.55	166.40
391.92	167.40
392.30	170.80
392.67	169.80
393.05	170.80
393.42	172.00
393.80	172.20
394.17	175.20
394.55	172.40
394.92	173.40
395.30	176.40
395.67	177.40
396.05	178.60
396.42	178.40
396.80	181.00
397.17	183.20
397.55	182.00
397.92	185.40
398.29	187.20
398.67	187.80
399.04	186.60
399.42	189.00
399.79	193.80
400.17	195.00
400.54	191.80
400.91	196.00
401.29	193.60
401.66	197.00
402.04	199.20
402.41	198.60
402.78	202.00
403.16	197.80
403.53	202.40
403.90	203.80
404.28	201.80
404.65	208.60
405.03	209.00
405.40	207.60
405.77	206.80
406.15	210.40
406.52	212.20
406.89	216.80
407.27	212.20
407.64	215.40
408.01	219.20
408.39	220.40
408.76	221.40
409.13	218.40
409.51	223.80
409.88	226.00
410.25	228.80
410.62	227.60
411.00	234.40
411.37	232.00
411.74	232.80
412.12	236.40
412.49	234.20
412.86	238.80
413.23	239.00
413.61	239.00
413.98	250.80
414.35	247.00
414.73	248.20
415.10	243.20
415.47	252.80
415.84	253.80
416.22	249.80
416.59	251.20
416.96	255.60
417.33	254.60
417.70	257.80
418.08	268.80
418.45	261.00
418.82	268.00
419.19	269.00
419.57	278.20
419.94	275.40
420.31	280.20
420.68	272.40
421.05	275.00
421.42	281.80
421.80	282.60
422.17	279.80
422.54	288.80
422.91	287.60
423.28	285.80
423.65	291.20
424.03	294.20
424.40	294.60
424.77	300.20
425.14	301.80
425.51	301.40
425.88	310.60
426.25	306.60
426.63	311.20
427.00	310.20
427.37	317.40
427.74	327.60
428.11	319.80
428.48	325.60
428.85	326.20
429.22	327.20
429.59	332.80
429.97	333.40
430.34	334.00
430.71	339.20
431.08	344.80
431.45	352.00
431.82	347.20
432.19	344.40
432.56	355.00
432.93	357.40
433.30	362.60
433.67	363.00
434.04	366.00
434.41	369.00
434.78	372.20
435.15	376.80
435.52	392.20
435.89	389.20
436.26	388.40
436.63	388.20
437.00	394.60
437.37	395.40
437.74	396.80
438.11	408.40
438.48	403.80
438.85	412.80
439.22	425.20
439.59	427.80
439.96	421.60
440.33	431.00
440.70	433.20
441.07	432.20
441.44	445.40
441.81	430.40
442.18	433.60
442.55	440.20
442.92	451.40
443.29	450.60
443.66	440.00
444.03	452.60
444.40	452.80
444.77	468.60
445.14	468.20
445.51	477.60
445.88	471.20
446.24	469.20
446.61	482.00
446.98	475.00
447.35	490.60
447.72	492.20
448.09	487.40
448.46	481.00
448.83	494.00
449.20	492.60
449.56	489.80
449.93	499.80
450.30	495.00
450.67	518.40
451.04	496.00
451.41	497.00
451.78	515.20
452.14	513.60
452.51	515.80
452.88	513.60
453.25	516.80
453.62	519.80
453.99	512.00
454.35	524.40
454.72	534.00
455.09	541.00
455.46	546.00
455.83	556.60
456.19	550.00
456.56	555.20
456.93	549.40
457.30	565.60
457.66	566.00
458.03	571.00
458.40	564.20
458.77	572.60
459.14	578.40
459.50	577.00
459.87	558.40
460.24	587.60
460.61	588.20
460.97	589.00
461.34	586.00
461.71	594.60
462.07	594.60
462.44	609.20
462.81	616.40
463.18	616.20
463.54	615.60
463.91	634.80
464.28	621.60
464.64	629.00
465.01	633.60
465.38	651.80
465.75	639.40
466.11	649.60
466.48	650.20
466.85	648.20
467.21	648.00
467.58	663.20
467.95	673.00
468.31	680.20
468.68	682.20
469.04	695.80
469.41	712.00
469.78	709.40
470.14	715.00
470.51	714.40
470.88	725.80
471.24	726.00
471.61	742.60
471.98	733.00
472.34	751.60
472.71	758.00
473.07	783.20
473.44	767.00
473.81	783.00
474.17	777.60
474.54	799.20
474.90	799.60
475.27	799.40
475.63	816.60
476.00	820.60
476.37	826.60
476.73	827.40
477.10	861.60
477.46	864.80
477.83	857.20
478.19	872.20
478.56	890.20
478.92	896.60
479.29	912.00
479.65	915.80
480.02	913.20
480.38	937.40
480.75	933.20
481.11	945.00
481.48	965.60
481.84	962.20
482.21	978.60
482.57	988.40
482.94	997.20
483.30	1004.80
483.67	1010.80
484.03	1026.20
484.40	1030.00
484.76	1037.00
485.13	1049.40
485.49	1065.40
485.86	1069.40
486.22	1088.80
486.59	1092.60
486.95	1094.00
487.31	1097.80
487.68	1102.00
488.04	1121.80
488.41	1130.20
488.77	1127.40
489.14	1142.80
489.50	1147.60
489.86	1146.40
490.23	1163.00
490.59	1171.60
490.96	1184.20
491.32	1178.20
491.68	1191.80
492.05	1197.40
492.41	1213.40
492.77	1210.60
493.14	1213.20
493.50	1228.00
493.87	1227.60
494.23	1244.40
494.59	1244.20
494.96	1249.40
495.32	1248.40
495.68	1263.60
496.05	1268.60
496.41	1269.60
496.77	1279.60
497.14	1282.80
497.50	1288.20
497.86	1283.20
498.23	1292.40
498.59	1287.20
498.95	1299.20
499.31	1316.00
499.68	1307.60
500.04	1315.80
500.40	1310.60
500.77	1318.20
501.13	1320.60
501.49	1318.80
501.85	1331.80
502.22	1322.40
502.58	1339.20
502.94	1333.00
503.30	1344.80
503.67	1351.20
504.03	1359.00
504.39	1347.60
504.75	1374.40
505.12	1354.00
505.48	1363.60
505.84	1377.00
506.20	1374.80
506.56	1375.00
506.93	1371.40
507.29	1385.80
507.65	1379.20
508.01	1393.40
508.37	1406.40
508.74	1393.20
509.10	1402.00
509.46	1400.60
509.82	1409.60
510.18	1413.40
510.54	1416.00
510.91	1415.40
511.27	1422.40
511.63	1429.00
511.99	1434.40
512.35	1424.00
512.71	1440.40
513.07	1438.80
513.43	1440.00
513.80	1446.40
514.16	1456.00
514.52	1472.20
514.88	1467.60
515.24	1473.40
515.60	1483.80
515.96	1481.40
516.32	1477.00
516.68	1478.40
517.04	1494.60
517.41	1493.00
517.77	1494.00
518.13	1505.80
518.49	1515.40
518.85	1517.00
519.21	1519.80
519.57	1533.40
519.93	1547.60
520.29	1543.80
520.65	1544.00
521.01	1553.20
521.37	1556.60
521.73	1547.20
522.09	1576.60
522.45	1573.80
522.81	1567.60
523.17	1582.00
523.53	1582.00
523.89	1571.20
524.25	1597.80
524.61	1599.80
524.97	1597.40
525.33	1615.40
525.69	1619.60
526.05	1624.80
526.41	1625.20
526.77	1625.20
527.13	1623.60
527.49	1651.00
527.85	1643.60
528.21	1662.60
528.57	1646.20
528.93	1647.40
529.29	1656.00
529.65	1648.40
530.00	1659.40
530.36	1651.20
530.72	1679.20
531.08	1667.00
531.44	1675.60
531.80	1691.40
532.16	1690.80
532.52	1689.80
532.88	1700.00
533.24	1685.80
533.59	1694.60
533.95	1686.00
534.31	1710.20
534.67	1715.40
535.03	1720.00
535.39	1702.20
535.75	1722.80
536.11	1718.40
536.46	1721.00
536.82	1716.00
537.18	1725.60
537.54	1727.60
537.90	1744.60
538.26	1731.00
538.61	1734.80
538.97	1762.20
539.33	1749.80
539.69	1752.80
540.05	1767.20
540.40	1749.60
540.76	1763.20
541.12	1767.40
541.48	1781.60
541.84	1756.60
542.19	1764.40
542.55	1767.60
542.91	1767.60
543.27	1783.00
543.62	1785.20
543.98	1766.40
544.34	1764.60
544.70	1790.40
545.05	1790.40
545.41	1803.00
545.77	1794.80
546.12	1796.80
546.48	1791.80
546.84	1780.60
547.20	1783.20
547.55	1810.20
547.91	1821.80
548.27	1802.20
548.62	1799.20
548.98	1809.40
549.34	1800.20
549.69	1828.80
550.05	1817.20
550.41	1840.00
550.77	1821.20
551.12	1812.20
551.48	1825.60
551.83	1837.20
552.19	1835.80
552.55	1832.80
552.90	1835.20
553.26	1842.60
553.62	1854.80
553.97	1848.40
554.33	1845.80
554.69	1857.00
555.04	1849.40
555.40	1839.60
555.75	1860.80
556.11	1875.00
556.47	1869.60
556.82	1878.00
557.18	1876.80
557.53	1873.60
557.89	1892.60
558.24	1900.00
558.60	1873.60
558.96	1904.20
559.31	1900.60
559.67	1911.00
560.02	1904.00
560.38	1891.40
560.73	1921.60
561.09	1924.40
561.44	1925.00
561.80	1930.80
562.16	1929.80
562.51	1937.20
562.87	1955.00
563.22	1958.00
563.58	1947.20
563.93	1954.80
564.29	1946.20
564.64	1977.00
565.00	1949.00
565.35	1971.60
565.71	1957.80
566.06	1977.80
566.41	1987.60
566.77	1961.60
567.12	1994.60
567.48	1991.40
567.83	1996.40
568.19	1997.20
568.54	2014.40
568.90	2012.00
569.25	2013.20
569.60	2027.00
569.96	2037.40
570.31	2012.00
570.67	2023.60
571.02	2029.60
571.38	2042.00
571.73	2032.40
572.08	2060.40
572.44	2030.20
572.79	2036.00
573.15	2038.40
573.50	2041.80
573.85	2066.80
574.21	2061.60
574.56	2042.80
574.91	2067.60
575.27	2053.80
575.62	2051.80
575.97	2067.20
576.33	2069.60
576.68	2071.20
577.03	2063.60
577.39	2071.00
577.74	2063.20
578.09	2063.40
578.45	2063.20
578.80	2069.40
579.15	2048.00
579.51	2060.80
579.86	2056.60
580.21	2069.20
580.57	2072.00
580.92	2069.00
581.27	2068.20
581.62	2069.00
581.98	2048.80
582.33	2060.00
582.68	2060.60
583.03	2060.20
583.39	2055.00
583.74	2063.60
584.09	2067.80
584.44	2056.00
584.80	2055.20
585.15	2041.00
585.50	2048.60
585.85	2068.00
586.21	2043.20
586.56	2060.60
586.91	2066.40
587.26	2068.00
587.61	2074.40
587.97	2036.60
588.32	2069.00
588.67	2059.40
589.02	2066.60
589.37	2034.00
589.73	2061.60
590.08	2069.20
590.43	2053.20
590.78	2048.40
591.13	2043.60
591.48	2069.20
591.83	2032.00
592.19	2050.60
592.54	2047.00
592.89	2058.40
593.24	2060.60
593.59	2051.60
593.94	2041.80
594.29	2052.40
594.64	2060.20
595.00	2051.20
595.35	2054.60
595.70	2046.40
596.05	2048.20
596.40	2045.60
596.75	2054.80
597.10	2063.40
597.45	2049.60
597.80	2071.60
598.15	2060.40
598.50	2060.80
598.85	2055.80
599.20	2051.40
599.55	2062.80
599.90	2052.20
600.26	2076.20
600.61	2080.60
600.96	2083.60
601.31	2065.80
601.66	2090.80
602.01	2064.80
602.36	2085.00
602.71	2074.20
603.06	2080.00
603.41	2091.20
603.76	2078.80
604.11	2103.60
604.46	2078.60
604.81	2088.20
605.16	2093.40
605.50	2090.20
605.85	2095.60
606.20	2100.60
606.55	2098.40
606.90	2091.60
607.25	2106.20
607.60	2091.20
607.95	2089.20
608.30	2115.80
608.65	2118.40
609.00	2116.00
609.35	2109.80
609.70	2113.00
610.05	2104.40
610.40	2128.40
610.74	2116.80
611.09	2117.80
611.44	2115.00
611.79	2127.00
612.14	2131.80
612.49	2133.20
612.84	2125.60
613.19	2139.80
613.53	2143.40
613.88	2158.00
614.23	2139.20
614.58	2130.60
614.93	2139.60
615.28	2148.60
615.62	2149.20
615.97	2153.60
616.32	2161.20
616.67	2154.60
617.02	2138.80
617.37	2151.60
617.71	2156.20
618.06	2167.60
618.41	2154.20
618.76	2162.60
619.11	2159.00
619.45	2154.80
619.80	2170.00
620.15	2148.20
620.50	2144.00
620.84	2155.40
621.19	2143.60
621.54	2158.40
621.89	2162.80
622.23	2148.80
622.58	2143.20
622.93	2150.40
623.28	2153.00
623.62	2135.40
623.97	2159.80
624.32	2147.60
624.66	2156.80
625.01	2159.20
625.36	2133.00
625.71	2151.00
626.05	2153.20
626.40	2153.00
626.75	2145.00
627.09	2143.40
627.44	2143.60
627.79	2141.40
628.13	2119.80
628.48	2144.20
628.83	2131.20
629.17	2107.40
629.52	2134.40
629.87	2129.60
630.21	2129.20
630.56	2131.00
630.90	2142.20
631.25	2122.80
631.60	2128.20
631.94	2121.60
632.29	2112.20
632.63	2116.80
632.98	2094.80
633.33	2093.00
633.67	2093.20
634.02	2100.20
634.36	2089.80
634.71	2074.00
635.06	2099.20
635.40	2064.60
635.75	2087.00
636.09	2056.40
636.44	2076.60
636.78	2065.80
637.13	2058.40
637.47	2037.60
637.82	2064.40
638.16	2038.60
638.51	2051.00
638.86	2031.40
639.20	2057.20
639.55	2040.00
639.89	2032.40
640.24	2028.00
640.58	2043.00
640.93	2017.40
641.27	2009.80
641.62	2020.00
641.96	2011.80
642.30	1997.20
642.65	1998.80
642.99	2001.80
643.34	1998.00
643.68	1987.60
644.03	1984.00
644.37	1976.80
644.72	1995.20
645.06	1982.20
645.40	1976.00
645.75	1992.60
646.09	1958.20
646.44	1981.00
646.78	1966.60
647.13	1966.20
647.47	1956.00
647.81	1955.00
648.16	1946.40
648.50	1966.80
648.85	1960.20
649.19	1940.40
649.53	1940.60
649.88	1942.00
650.22	1955.20
650.56	1933.20
650.91	1943.80
651.25	1938.40
651.59	1939.60
651.94	1940.60
652.28	1940.80
652.62	1936.60
652.97	1950.40
653.31	1933.20
653.65	1923.00
654.00	1933.20
654.34	1939.80
654.68	1934.60
655.03	1916.80
655.37	1915.00
655.71	1924.40
656.05	1913.60
656.40	1905.60
656.74	1897.20
657.08	1897.60
657.43	1914.80
657.77	1889.40
658.11	1898.00
658.45	1904.40
658.80	1893.00
659.14	1895.00
659.48	1902.20
659.82	1904.40
660.16	1906.60
660.51	1889.00
660.85	1903.00
661.19	1888.20
661.53	1903.20
661.87	1896.00
662.22	1897.20
662.56	1883.00
662.90	1910.60
663.24	1883.80
663.58	1887.80
663.93	1886.00
664.27	1870.20
664.61	1892.80
664.95	1898.00
665.29	1873.40
665.63	1872.80
665.98	1884.60
666.32	1890.40
666.66	1882.40
667.00	1873.60
667.34	1882.40
667.68	1887.60
668.02	1858.20
668.36	1874.20
668.70	1875.80
669.05	1861.40
669.39	1881.40
669.73	1878.60
670.07	1868.80
670.41	1851.40
670.75	1853.20
671.09	1863.80
671.43	1854.40
671.77	1862.40
672.11	1867.20
672.45	1874.80
672.79	1849.20
673.13	1866.80
673.47	1837.80
673.81	1872.20
674.16	1841.00
674.50	1847.40
674.84	1847.60
675.18	1853.40
675.52	1851.80
675.86	1841.80
676.20	1843.00
676.54	1848.00
676.88	1831.40
677.22	1829.00
677.56	1835.40
677.90	1835.80
678.23	1843.40
678.57	1820.40
678.91	1824.00
679.25	1830.60
679.59	1819.60
679.93	1819.40
680.27	1819.20
680.61	1816.80
680.95	1793.80
681.29	1803.20
681.63	1795.00
681.97	1800.80
682.31	1780.00
682.65	1788.00
682.99	1808.00
683.32	1776.20
683.66	1794.40
684.00	1778.20
684.34	1759.40
684.68	1740.00
685.02	1779.20
685.36	1747.60
685.70	1764.00
686.03	1747.40
686.37	1756.80
686.71	1751.60
687.05	1737.40
687.39	1732.20
687.73	1728.40
688.07	1722.60
688.40	1724.20
688.74	1721.60
689.08	1708.20
689.42	1719.20
689.76	1709.40
690.09	1700.80
690.43	1704.00
690.77	1718.40
691.11	1679.20
691.45	1664.60
691.78	1674.40
692.12	1669.00
692.46	1671.60
692.80	1660.40
693.13	1673.40
693.47	1653.20
693.81	1646.00
694.15	1652.00
694.48	1627.20
694.82	1620.60
695.16	1647.20
695.50	1623.60
695.83	1624.20
696.17	1608.20
696.51	1609.40
696.84	1610.60
697.18	1589.80
697.52	1590.40
697.85	1582.20
698.19	1589.20
698.53	1579.80
698.87	1572.00
699.20	1562.00
699.54	1549.20
699.88	1553.40
700.21	1547.40
700.55	1543.60
700.88	1541.40
701.22	1530.80
701.56	1537.40
701.89	1523.60
702.23	1522.40
702.57	1521.20
702.90	1502.80
703.24	1508.60
703.57	1496.60
703.91	1491.20
704.25	1492.60
704.58	1496.40
704.92	1491.20
705.25	1491.60
705.59	1484.60
705.93	1477.00
706.26	1480.40
706.60	1477.40
706.93	1460.20
707.27	1457.40
707.60	1471.40
707.94	1446.60
708.27	1452.20
708.61	1455.40
708.95	1443.60
709.28	1431.80
709.62	1430.20
709.95	1436.00
710.29	1437.40
710.62	1421.20
710.96	1424.20
711.29	1404.20
711.63	1419.20
711.96	1409.60
712.30	1405.40
712.63	1398.20
712.96	1394.00
713.30	1396.40
713.63	1383.20
713.97	1386.80
714.30	1383.60
714.64	1370.20
714.97	1381.60
715.31	1376.80
715.64	1370.20
715.97	1366.80
716.31	1367.60
716.64	1355.00
716.98	1365.80
717.31	1370.40
717.64	1357.80
717.98	1352.00
718.31	1351.60
718.65	1350.40
718.98	1346.60
719.31	1343.40
719.65	1351.00
719.98	1337.00
720.32	1325.80
720.65	1338.00
720.98	1333.00
721.32	1328.40
721.65	1314.40
721.98	1327.60
722.32	1337.40
722.65	1327.40
722.98	1316.60
723.32	1316.80
723.65	1309.20
723.98	1309.80
724.31	1297.20
724.65	1310.80
724.98	1297.20
725.31	1301.40
725.65	1312.80
725.98	1305.80
726.31	1303.20
726.64	1297.60
726.98	1304.20
727.31	1297.20
727.64	1300.40
727.97	1299.60
728.31	1281.40
728.64	1287.80
728.97	1288.60
729.30	1280.60
729.64	1300.00
729.97	1277.00
730.30	1288.00
730.63	1282.20
730.96	1281.00
731.30	1270.80
731.63	1280.20
731.96	1282.40
732.29	1279.20
732.62	1274.80
732.96	1266.20
733.29	1267.00
733.62	1257.00
733.95	1271.60
734.28	1274.80
734.61	1249.60
734.94	1260.40
735.28	1250.60
735.61	1246.20
735.94	1256.00
736.27	1250.20
736.60	1250.20
736.93	1249.80
737.26	1239.40
737.59	1236.00
737.92	1237.80
738.26	1253.80
738.59	1227.00
738.92	1237.60
739.25	1243.40
739.58	1235.40
739.91	1242.00
740.24	1225.60
740.57	1236.60
740.90	1233.60
741.23	1222.20
741.56	1215.20
741.89	1225.00
742.22	1220.40
742.55	1242.80
742.88	1218.40
743.21	1210.40
743.54	1218.60
743.87	1218.80
744.20	1219.80
744.53	1211.20
744.86	1219.40
745.19	1202.40
745.52	1205.40
745.85	1198.40
746.18	1206.00
746.51	1200.80
746.84	1202.80
747.17	1187.00
747.50	1186.20
747.83	1178.00
748.16	1181.60
748.49	1179.80
748.82	1173.00
749.15	1176.80
749.48	1188.60
749.81	1183.80
750.14	1159.00
750.46	1168.60
750.79	1162.40
751.12	1154.60
751.45	1154.40
751.78	1146.80
752.11	1153.80
752.44	1148.20
752.77	1145.20
753.10	1126.80
753.42	1131.40
753.75	1123.40
754.08	1127.40
754.41	1122.80
754.74	1116.80
755.07	1122.00
755.39	1108.60
755.72	1107.60
756.05	1096.20
756.38	1097.20
756.71	1109.20
757.04	1096.80
757.36	1095.60
757.69	1088.00
758.02	1097.40
758.35	1078.00
758.67	1090.60
759.00	1082.20
759.33	1077.60
759.66	1071.80
759.99	1063.60
760.31	1066.20
760.64	1057.60
760.97	1060.80
761.30	1041.60
761.62	1046.40
761.95	1045.80
762.28	1037.00
762.60	1027.80
762.93	1035.40
763.26	1034.00
763.59	1014.80
763.91	1021.00
764.24	1015.40
764.57	1020.40
764.89	1012.00
765.22	1001.80
765.55	1003.80
765.87	1007.00
766.20	992.80
766.53	991.20
766.85	991.20
767.18	983.80
767.51	988.20
767.83	973.00
768.16	969.00
768.48	965.20
768.81	949.80
769.14	957.40
769.46	954.20
769.79	953.80
770.12	946.60
770.44	938.60
770.77	941.60
771.09	922.80
771.42	919.80
771.74	914.80
772.07	915.60
772.40	901.40
772.72	913.60
773.05	907.80
773.37	895.80
773.70	897.40
774.02	898.20
774.35	883.80
774.67	880.60
775.00	883.00
775.32	875.00
775.65	872.40
775.97	866.60
776.30	873.40
776.63	860.40
776.95	864.80
777.27	854.40
777.60	847.40
777.92	841.80
778.25	847.40
778.57	842.40
778.90	845.00
779.22	817.60
779.55	834.40
779.87	822.40
780.20	825.80
780.52	811.40
780.85	812.60
781.17	799.20
781.49	804.40
781.82	798.80
782.14	796.60
782.47	799.20
782.79	789.80
783.11	792.40
783.44	781.00
783.76	781.40
784.09	772.00
784.41	769.00
784.73	763.40
785.06	753.60
785.38	760.20
785.70	762.20
786.03	759.40
786.35	746.80
786.67	749.20
787.00	751.00
787.32	747.60
787.64	751.80
787.97	744.80
788.29	737.20
788.61	727.00
788.94	733.60
789.26	734.00
789.58	729.60
789.91	731.80
790.23	733.60
790.55	731.00
790.87	723.40
791.20	729.00
791.52	726.80
791.84	724.20
792.16	726.60
792.49	720.00
792.81	713.40
793.13	724.40
793.45	714.40
793.78	721.60
794.10	722.60
794.42	722.60
794.74	719.60
795.06	723.20
795.39	731.60
795.71	717.20
796.03	719.20
796.35	725.40
796.67	724.40
797.00	715.20
797.32	724.60
797.64	724.20
797.96	724.40
798.28	733.60
798.60	732.20
798.93	724.80
799.25	724.40
799.57	730.40
799.89	727.00
800.21	726.40
800.53	726.20
800.85	723.80
801.17	725.60
801.50	727.60
801.82	717.00
802.14	721.00
802.46	712.20
802.78	723.20
803.10	725.40
803.42	724.00
803.74	720.40
804.06	718.40
804.38	720.00
804.70	718.40
805.02	720.60
805.34	720.40
805.66	720.40
805.98	720.20
806.30	727.80
806.62	720.80
806.94	716.00
807.26	715.60
807.58	711.40
807.90	712.00
808.22	711.20
808.54	717.60
808.86	714.80
809.18	704.60
809.50	712.80
809.82	703.80
810.14	700.60
810.46	710.20
810.78	703.60
811.10	711.20
811.42	708.80
811.74	699.60
812.06	715.80
812.38	701.80
812.70	695.60
813.02	696.00
813.34	696.00
813.66	696.20
813.97	701.40
814.29	694.80
814.61	681.40
814.93	706.00
815.25	698.20
815.57	700.60
815.89	691.80
816.21	683.60
816.52	686.60
816.84	681.80
817.16	687.00
817.48	687.20
817.80	685.00
818.12	682.40
818.43	681.80
818.75	684.80
819.07	681.40
819.39	679.40
819.71	677.60
820.03	675.80
820.34	676.00
820.66	679.60
820.98	671.00
821.30	674.80
821.61	666.60
821.93	676.00
822.25	669.60
822.57	664.40
822.88	664.80
823.20	656.80
823.52	659.20
823.84	659.00
824.15	665.60
824.47	658.60
824.79	665.20
825.11	653.80
825.42	665.60
825.74	662.00
826.06	655.20
826.37	656.00
826.69	656.40
827.01	657.40
827.32	652.00
827.64	649.60
827.96	647.20
828.27	646.00
828.59	647.80
828.91	640.20
829.22	645.40
829.54	641.40
829.86	644.40
830.17	642.00
830.49	641.80
830.81	635.20
831.12	634.40
831.44	626.20
831.75	637.80
832.07	632.00
832.39	633.20
832.70	629.20
833.02	629.40
833.33	621.60
833.65	625.00
833.96	630.20
834.28	629.00
834.60	619.40
834.91	620.80
835.23	626.00
835.54	615.20
835.86	618.20
836.17	617.20
836.49	608.60
836.80	609.40
837.12	612.20
837.43	607.00
837.75	610.00
838.06	609.20
838.38	605.20
838.69	605.00
839.01	602.40
839.32	600.40
839.64	596.80
839.95	601.80
840.27	601.60
840.58	596.00
840.90	597.00
841.21	597.20
841.53	590.40
841.84	598.00
842.15	586.80
842.47	590.60
842.78	582.20
843.10	583.60
843.41	587.40
843.72	582.20
844.04	581.40
844.35	576.20
844.67	570.20
844.98	574.40
845.29	572.40
845.61	567.00
845.92	569.00
846.23	564.80
846.55	567.00
846.86	563.00
847.18	557.40
847.49	561.00
847.80	562.00
848.12	556.80
848.43	557.40
848.74	550.00
849.05	555.80
849.37	547.60
849.68	546.40
849.99	544.00
850.31	538.40
850.62	540.20
850.93	536.40
851.24	541.00
851.56	533.60
851.87	529.40
852.18	522.60
852.50	528.20
852.81	532.00
853.12	524.80
853.43	521.20
853.74	518.00
854.06	518.00
854.37	516.20
854.68	509.80
854.99	513.80
855.31	511.60
855.62	506.80
855.93	507.40
856.24	507.40
856.55	499.00
856.87	498.40
857.18	493.00
857.49	493.80
857.80	498.20
858.11	487.60
858.42	486.20
858.73	488.20
859.05	479.20
859.36	480.20
859.67	475.80
859.98	477.00
860.29	475.80
860.60	480.60
860.91	471.80
861.22	471.00
861.54	464.80
861.85	467.00
862.16	470.80
862.47	464.60
862.78	463.80
863.09	454.60
863.40	446.60
863.71	454.20
864.02	451.80
864.33	451.80
864.64	447.60
864.95	443.40
865.26	442.20
865.57	438.80
865.88	436.40
866.19	440.60
866.50	436.00
866.81	431.60
867.12	436.00
867.43	433.80
867.74	430.60
868.05	426.00
868.36	423.40
868.67	422.60
868.98	422.20
869.29	417.80
869.60	422.00
869.91	415.00
870.22	419.40
870.53	413.80
870.84	410.80
871.15	406.80
871.46	404.60
871.77	403.80
872.08	398.40
872.39	398.20
872.69	394.00
873.00	398.80
873.31	394.20
873.62	394.20
873.93	392.40
874.24	390.20
874.55	391.80
874.86	382.60
875.16	380.00
875.47	386.20
875.78	381.60
876.09	379.00
876.40	377.80
876.71	370.80
877.01	371.80
877.32	369.40
877.63	368.20
877.94	364.20
878.25	363.40
878.56	356.20
878.86	363.20
879.17	354.00
879.48	360.00
879.79	353.80
880.09	353.00
880.40	355.20
880.71	355.80
881.02	348.20
881.32	350.80
881.63	347.60
881.94	347.60
882.25	347.00
882.55	339.00
882.86	341.80
883.17	341.40
883.48	341.40
883.78	339.20
884.09	340.00
884.40	333.80
884.70	338.20
885.01	336.40
885.32	336.40
885.62	337.20
885.93	335.20
886.24	332.40
886.54	328.20
886.85	331.80
887.16	330.60
887.46	326.80
887.77	329.60
888.08	326.80
888.38	327.80
888.69	333.80
888.99	326.20
889.30	325.80
889.61	322.40
889.91	329.00
890.22	322.80
890.52	327.00
890.83	325.20
891.14	322.20
891.44	322.00
891.75	326.00
892.05	322.60
892.36	321.60
892.66	318.80
892.97	320.60
893.27	323.00
893.58	317.00
893.89	322.80
894.19	320.20
894.50	320.20
894.80	321.60
895.11	322.60
895.41	319.80
895.72	324.20
896.02	324.20
896.33	324.60
896.63	322.40
896.93	325.20
897.24	318.00
897.54	326.80
897.85	320.20
898.15	320.00
898.46	320.40
898.76	322.60
899.07	321.40
899.37	318.40
899.67	318.40
899.98	323.40
900.28	318.40
900.59	319.20
900.89	319.00
901.19	319.60
901.50	325.20
901.80	322.40
902.11	316.80
902.41	321.80
902.71	321.20
903.02	321.80
903.32	320.60
903.62	322.40
903.93	318.80
904.23	318.20
904.53	319.80
904.84	317.80
905.14	312.60
905.44	318.20
905.75	319.80
906.05	316.40
906.35	315.60
906.66	313.40
906.96	315.00
907.26	318.40
907.56	314.00
907.87	316.20
908.17	313.20
908.47	313.20
908.77	313.00
909.08	308.80
909.38	310.60
909.68	309.80
909.98	312.80
910.29	311.20
910.59	310.00
910.89	315.00
911.19	311.40
911.50	308.60
911.80	307.40
912.10	314.40
912.40	313.80
912.70	311.40
913.00	310.80
913.31	306.60
913.61	310.80
913.91	306.40
914.21	303.60
914.51	309.00
914.81	306.40
915.12	306.00
915.42	309.20
915.72	305.20
916.02	306.40
916.32	306.40
916.62	307.00
916.92	306.20
917.22	302.60
917.52	303.20
917.83	298.20
918.13	298.60
918.43	298.60
918.73	299.80
919.03	301.00
919.33	300.00
919.63	295.40
919.93	294.00
920.23	295.40
920.53	297.20
920.83	292.20
921.13	293.60
921.43	289.20
921.73	285.20
922.03	291.80
922.33	294.20
922.63	288.40
922.93	292.40
923.23	287.20
923.53	289.00
923.83	286.40
924.13	284.00
924.43	284.40
924.73	287.60
925.03	283.80
925.33	287.00
925.63	289.20
925.93	284.20
926.23	284.40
926.53	275.80
926.83	281.00
927.13	281.40
927.42	279.40
927.72	278.60
928.02	275.60
928.32	279.20
928.62	277.20
928.92	271.80
929.22	272.20
929.52	272.40
929.82	273.20
930.11	272.60
930.41	272.20
930.71	271.60
931.01	269.20
931.31	267.60
931.61	272.00
931.90	268.80
932.20	269.00
932.50	264.40
932.80	268.40
933.10	264.60
933.39	263.60
933.69	261.80
933.99	264.00
934.29	261.40
934.59	260.80
934.88	260.80
935.18	262.40
935.48	257.60
935.78	259.20
936.07	259.20
936.37	257.20
936.67	254.60
936.97	257.20
937.26	251.60
937.56	253.00
937.86	253.20
938.15	250.20
938.45	252.20
938.75	250.20
939.05	250.60
939.34	250.60
939.64	248.20
939.94	248.80
940.23	246.40
940.53	248.40
940.83	244.40
941.12	247.40
941.42	243.60
941.71	244.40
942.01	244.00
942.31	246.60
942.60	238.80
942.90	240.00
943.20	239.20
943.49	240.60
943.79	240.40
944.08	241.60
944.38	240.20
944.68	239.20
944.97	236.40
945.27	238.20
945.56	235.80
945.86	235.60
946.15	232.00
946.45	234.60
946.74	231.00
947.04	236.20
947.34	234.80
947.63	232.00
947.93	228.40
948.22	228.40
948.52	228.80
948.81	226.60
949.11	229.80
949.40	228.20
949.70	227.20
949.99	224.40
950.29	226.40
950.58	225.00
950.87	222.20
951.17	220.60
951.46	222.20
951.76	221.60
952.05	218.00
952.35	220.40
952.64	219.20
952.94	218.20
953.23	219.20
953.52	213.80
953.82	218.60
954.11	214.80
954.41	213.60
954.70	211.20
954.99	212.80
955.29	212.60
955.58	211.80
955.87	209.20
956.17	210.80
956.46	208.40
956.76	209.80
957.05	207.20
957.34	207.20
957.64	208.40
957.93	208.80
958.22	207.00
958.52	205.80
958.81	205.60
959.10	202.00
959.39	204.40
959.69	200.40
959.98	201.40
960.27	199.80
960.57	201.00
960.86	198.80
961.15	197.80
961.44	201.20
961.74	201.00
962.03	197.40
962.32	197.80
962.61	197.80
962.91	193.20
963.20	194.80
963.49	194.00
963.78	193.00
964.07	192.80
964.37	191.00
964.66	191.20
964.95	193.20
965.24	191.60
965.53	186.00
965.83	185.60
966.12	190.00
966.41	187.00
966.70	186.20
966.99	186.60
967.28	189.40
967.57	186.60
967.87	184.80
968.16	184.40
968.45	184.60
968.74	185.00
969.03	181.00
969.32	183.60
969.61	181.40
969.90	184.60
970.19	183.40
970.49	182.80
970.78	181.00
971.07	181.20
971.36	180.60
971.65	178.40
971.94	178.20
972.23	175.60
972.52	176.00
972.81	177.60
973.10	178.00
973.39	175.20
973.68	175.80
973.97	176.60
974.26	176.20
974.55	175.80
974.84	173.40
975.13	171.40
975.42	171.40
975.71	170.60
976.00	172.60
976.29	171.20
976.58	172.60
976.87	170.60
977.16	171.00
977.45	170.40
977.74	168.00
978.03	171.20
978.32	167.20
978.60	170.20
978.89	169.00
979.18	165.20
979.47	167.40
979.76	165.80
980.05	166.20
980.34	168.00
980.63	165.60
980.92	163.40
981.20	161.60
981.49	163.00
981.78	162.20
982.07	162.00
982.36	163.80
982.65	162.20
982.94	161.40
983.22	161.00
983.51	159.60
983.80	159.00
984.09	159.20
984.38	158.00
984.66	157.60
984.95	158.80
985.24	157.40
985.53	156.20
985.82	157.00
986.10	157.60
986.39	157.40
986.68	157.60
986.97	155.80
987.25	155.00
987.54	155.00
987.83	157.40
988.12	153.80
988.40	154.40
988.69	154.20
988.98	155.00
989.26	153.00
989.55	151.40
989.84	151.20
990.12	152.40
990.41	151.60
990.70	150.00
990.98	151.20
991.27	151.20
991.56	151.00
991.84	150.00
992.13	151.00
992.42	148.60
992.70	146.60
992.99	147.40
993.28	148.80
993.56	148.60
993.85	148.40
994.13	149.20
994.42	151.60
994.71	149.20
994.99	146.80
995.28	147.80
995.56	149.80
995.85	147.80
996.14	147.40
996.42	146.60
996.71	146.60
996.99	146.80
997.28	147.00
997.56	147.00
997.85	145.60
998.13	146.60
998.42	144.80
998.70	144.80
998.99	142.60
999.27	142.00
999.56	143.60
999.84	142.20
1000.13	143.20
1000.41	141.80
1000.70	143.20
1000.98	142.80
1001.27	142.60
1001.55	141.60
1001.84	140.80
1002.12	141.80
1002.40	142.00
1002.69	140.80
1002.97	140.60
1003.26	141.40
1003.54	142.00
1003.83	140.00
1004.11	139.00
1004.39	137.60
1004.68	139.20
1004.96	139.80
1005.24	138.60
1005.53	139.20
1005.81	139.40
1006.10	139.40
1006.38	136.60
1006.66	137.00
1006.95	135.60
1007.23	136.00
1007.51	136.20
1007.80	136.80
1008.08	138.00
1008.36	136.60
1008.65	136.40
1008.93	136.00
1009.21	136.40
1009.49	135.60
1009.78	137.00
1010.06	134.80
1010.34	134.60
1010.63	134.80
1010.91	135.40
1011.19	133.60
1011.47	134.20
1011.76	134.00
1012.04	135.00
1012.32	135.20
1012.60	133.60
1012.88	135.80
1013.17	136.00
1013.45	134.40
1013.73	134.80
1014.01	134.20
1014.29	134.60
1014.58	134.40
1014.86	134.80
1015.14	133.80
1015.42	131.60
1015.70	132.20
1015.98	132.20
1016.27	132.60
1016.55	132.20
1016.83	133.00
1017.11	133.00
1017.39	134.00
1017.67	132.40
1017.95	132.80
1018.23	134.00
1018.52	132.60
1018.80	130.20
1019.08	130.60
1019.36	131.00
1019.64	131.60
1019.92	130.60
1020.20	130.20
1020.48	130.40
1020.76	130.20
1021.04	130.40
1021.32	130.20
1021.60	130.00
1021.88	129.60
1022.16	129.40
1022.44	129.60
1022.72	129.80
