	0.0	
339.41	0.00
339.79	107.00
340.17	108.60
340.55	110.00
340.94	111.00
341.32	112.00
341.70	112.80
342.08	112.40
342.46	113.00
342.84	114.60
343.22	115.20
343.60	115.40
343.98	115.60
344.36	115.60
344.74	115.80
345.12	116.40
345.50	114.80
345.88	114.60
346.26	114.60
346.64	115.80
347.02	115.80
347.40	115.40
347.78	113.60
348.15	113.80
348.53	115.00
348.91	117.40
349.29	119.80
349.67	119.80
350.05	120.20
350.43	120.00
350.81	120.00
351.19	119.40
351.57	119.60
351.95	119.60
352.33	120.60
352.71	120.00
353.09	120.20
353.47	121.20
353.84	121.00
354.22	121.60
354.60	121.80
354.98	122.20
355.36	123.00
355.74	123.00
356.12	124.00
356.50	123.20
356.88	123.80
357.25	123.60
357.63	123.40
358.01	123.60
358.39	122.80
358.77	123.60
359.15	123.20
359.53	124.40
359.90	124.60
360.28	124.40
360.66	125.00
361.04	124.80
361.42	125.80
361.80	126.00
362.17	125.60
362.55	126.80
362.93	126.00
363.31	127.40
363.69	127.40
364.06	128.00
364.44	129.20
364.82	128.80
365.20	129.20
365.58	129.20
365.95	128.80
366.33	130.20
366.71	130.20
367.09	128.20
367.46	127.80
367.84	128.80
368.22	131.60
368.60	131.00
368.97	132.00
369.35	131.40
369.73	130.80
370.11	131.80
370.48	131.40
370.86	133.40
371.24	134.20
371.62	133.80
371.99	133.80
372.37	134.20
372.75	131.80
373.12	134.20
373.50	133.20
373.88	135.80
374.25	137.40
374.63	136.40
375.01	135.40
375.38	137.00
375.76	136.80
376.14	138.60
376.51	137.00
376.89	135.80
377.27	137.40
377.64	137.80
378.02	141.20
378.40	141.40
378.77	139.20
379.15	138.80
379.53	141.80
379.90	143.00
380.28	144.20
380.66	144.00
381.03	143.40
381.41	144.60
381.78	147.20
382.16	145.60
382.54	147.60
382.91	147.20
383.29	147.00
383.66	148.00
384.04	149.80
384.42	152.00
384.79	152.20
385.17	152.00
385.54	152.60
385.92	154.20
386.29	155.60
386.67	154.60
387.05	154.80
387.42	157.40
387.80	159.20
388.17	158.20
388.55	160.00
388.92	161.40
389.30	161.00
389.67	163.60
390.05	162.80
390.42	163.20
390.80	165.60
391.17	167.00
391.55	167.00
391.92	166.60
392.30	169.20
392.67	172.60
393.05	170.60
393.42	172.80
393.80	171.80
394.17	174.60
394.55	175.40
394.92	178.40
395.30	177.00
395.67	179.20
396.05	183.00
396.42	183.60
396.80	180.40
397.17	181.20
397.55	183.60
397.92	188.60
398.29	191.20
398.67	188.00
399.04	188.60
399.42	194.00
399.79	194.20
400.17	195.80
400.54	197.00
400.91	197.40
401.29	196.00
401.66	197.20
402.04	203.40
402.41	198.40
402.78	204.00
403.16	202.20
403.53	207.40
403.90	207.20
404.28	207.60
404.65	210.80
405.03	207.60
405.40	211.80
405.77	214.80
406.15	213.40
406.52	213.20
406.89	217.80
407.27	211.80
407.64	221.80
408.01	220.40
408.39	225.80
408.76	226.20
409.13	226.00
409.51	231.60
409.88	233.40
410.25	231.40
410.62	229.00
411.00	238.00
411.37	239.80
411.74	231.40
412.12	240.00
412.49	235.60
412.86	243.60
413.23	239.60
413.61	248.40
413.98	254.60
414.35	251.20
414.73	252.60
415.10	250.60
415.47	256.20
415.84	256.40
416.22	259.60
416.59	259.40
416.96	264.20
417.33	265.00
417.70	265.80
418.08	277.00
418.45	270.20
418.82	276.40
419.19	280.80
419.57	282.80
419.94	281.40
420.31	288.80
420.68	286.00
421.05	281.80
421.42	285.60
421.80	286.20
422.17	297.40
422.54	299.60
422.91	291.60
423.28	295.60
423.65	301.20
424.03	302.60
424.40	301.60
424.77	308.80
425.14	310.80
425.51	310.40
425.88	314.20
426.25	316.80
426.63	319.60
427.00	320.80
427.37	325.00
427.74	340.20
428.11	329.20
428.48	335.40
428.85	345.40
429.22	337.20
429.59	342.20
429.97	343.00
430.34	341.20
430.71	352.00
431.08	354.40
431.45	361.80
431.82	360.60
432.19	362.00
432.56	371.80
432.93	373.60
433.30	375.80
433.67	378.20
434.04	378.80
434.41	385.80
434.78	392.20
435.15	385.60
435.52	399.80
435.89	400.20
436.26	406.20
436.63	408.40
437.00	410.00
437.37	412.60
437.74	408.40
438.11	426.60
438.48	419.20
438.85	430.80
439.22	439.80
439.59	445.80
439.96	437.60
440.33	446.80
440.70	457.00
441.07	454.40
441.44	464.40
441.81	454.00
442.18	460.60
442.55	461.60
442.92	473.60
443.29	467.40
443.66	463.00
444.03	471.80
444.40	478.40
444.77	491.40
445.14	491.00
445.51	499.40
445.88	496.20
446.24	493.00
446.61	505.20
446.98	498.80
447.35	515.20
447.72	512.60
448.09	512.80
448.46	503.80
448.83	521.40
449.20	518.80
449.56	515.40
449.93	528.80
450.30	513.60
450.67	545.00
451.04	523.60
451.41	525.00
451.78	537.40
452.14	536.00
452.51	540.80
452.88	543.20
453.25	541.80
453.62	559.60
453.99	552.20
454.35	552.20
454.72	566.60
455.09	562.20
455.46	567.60
455.83	584.60
456.19	588.40
456.56	584.40
456.93	580.60
457.30	589.60
457.66	589.60
458.03	594.80
458.40	587.80
458.77	597.60
459.14	611.60
459.50	611.20
459.87	591.00
460.24	623.60
460.61	619.00
460.97	630.00
461.34	622.00
461.71	627.00
462.07	621.00
462.44	643.60
462.81	657.20
463.18	650.40
463.54	650.00
463.91	675.00
464.28	666.60
464.64	674.60
465.01	669.20
465.38	686.00
465.75	677.60
466.11	689.20
466.48	693.00
466.85	683.00
467.21	691.00
467.58	694.20
467.95	711.80
468.31	713.80
468.68	721.20
469.04	741.40
469.41	755.40
469.78	742.60
470.14	755.00
470.51	759.40
470.88	768.40
471.24	771.40
471.61	788.80
471.98	789.60
472.34	808.20
472.71	810.80
473.07	819.60
473.44	817.40
473.81	823.60
474.17	834.20
474.54	847.20
474.90	855.80
475.27	855.80
475.63	865.20
476.00	872.60
476.37	866.60
476.73	887.00
477.10	917.40
477.46	924.60
477.83	907.40
478.19	926.60
478.56	948.80
478.92	959.60
479.29	953.60
479.65	968.60
480.02	972.00
480.38	1001.40
480.75	999.60
481.11	1009.40
481.48	1031.40
481.84	1025.20
482.21	1034.60
482.57	1041.40
482.94	1061.40
483.30	1063.40
483.67	1077.20
484.03	1088.20
484.40	1096.00
484.76	1097.00
485.13	1107.60
485.49	1130.60
485.86	1141.60
486.22	1138.60
486.59	1156.40
486.95	1168.00
487.31	1173.40
487.68	1176.40
488.04	1194.00
488.41	1204.60
488.77	1197.60
489.14	1212.00
489.50	1222.60
489.86	1220.80
490.23	1243.00
490.59	1248.20
490.96	1260.60
491.32	1263.00
491.68	1281.20
492.05	1275.20
492.41	1287.60
492.77	1301.80
493.14	1294.00
493.50	1309.20
493.87	1308.40
494.23	1327.00
494.59	1329.00
494.96	1322.40
495.32	1332.20
495.68	1344.40
496.05	1356.80
496.41	1351.40
496.77	1364.60
497.14	1358.40
497.50	1371.80
497.86	1377.00
498.23	1368.00
498.59	1366.20
498.95	1382.20
499.31	1400.20
499.68	1398.00
500.04	1404.60
500.40	1402.80
500.77	1410.40
501.13	1407.40
501.49	1415.20
501.85	1422.40
502.22	1413.00
502.58	1423.80
502.94	1436.20
503.30	1435.00
503.67	1428.60
504.03	1449.80
504.39	1449.60
504.75	1458.60
505.12	1450.40
505.48	1466.60
505.84	1468.40
506.20	1459.40
506.56	1473.60
506.93	1458.80
507.29	1491.40
507.65	1477.20
508.01	1490.00
508.37	1495.80
508.74	1480.40
509.10	1499.60
509.46	1490.60
509.82	1491.20
510.18	1517.40
510.54	1520.80
510.91	1505.40
511.27	1528.20
511.63	1531.20
511.99	1524.00
512.35	1526.20
512.71	1533.20
513.07	1535.20
513.43	1536.20
513.80	1542.80
514.16	1560.00
514.52	1566.60
514.88	1575.40
515.24	1564.20
515.60	1583.20
515.96	1574.20
516.32	1588.00
516.68	1593.20
517.04	1596.80
517.41	1598.00
517.77	1610.00
518.13	1607.20
518.49	1617.00
518.85	1617.80
519.21	1625.80
519.57	1646.20
519.93	1638.20
520.29	1650.00
520.65	1645.80
521.01	1655.20
521.37	1667.40
521.73	1653.00
522.09	1678.40
522.45	1691.40
522.81	1679.80
523.17	1689.00
523.53	1687.60
523.89	1692.60
524.25	1702.80
524.61	1704.40
524.97	1704.60
525.33	1715.80
525.69	1723.80
526.05	1725.80
526.41	1724.60
526.77	1739.20
527.13	1736.40
527.49	1755.60
527.85	1730.60
528.21	1766.60
528.57	1757.00
528.93	1775.20
529.29	1766.80
529.65	1767.60
530.00	1783.00
530.36	1775.60
530.72	1792.80
531.08	1785.40
531.44	1798.40
531.80	1811.20
532.16	1802.80
532.52	1808.60
532.88	1821.60
533.24	1806.60
533.59	1820.80
533.95	1819.80
534.31	1827.20
534.67	1826.00
535.03	1831.00
535.39	1835.60
535.75	1842.00
536.11	1837.60
536.46	1840.00
536.82	1843.20
537.18	1852.00
537.54	1850.20
537.90	1862.60
538.26	1852.40
538.61	1859.20
538.97	1878.40
539.33	1859.00
539.69	1873.60
540.05	1869.40
540.40	1860.60
540.76	1875.20
541.12	1878.80
541.48	1897.40
541.84	1880.60
542.19	1880.20
542.55	1893.00
542.91	1878.80
543.27	1901.80
543.62	1902.80
543.98	1896.80
544.34	1891.80
544.70	1902.20
545.05	1922.40
545.41	1921.60
545.77	1925.60
546.12	1926.00
546.48	1921.80
546.84	1910.00
547.20	1909.40
547.55	1931.80
547.91	1942.40
548.27	1934.80
548.62	1930.20
548.98	1942.40
549.34	1925.40
549.69	1953.20
550.05	1946.80
550.41	1962.60
550.77	1955.20
551.12	1956.80
551.48	1947.60
551.83	1980.00
552.19	1958.60
552.55	1977.80
552.90	1974.80
553.26	1978.40
553.62	1990.00
553.97	1993.60
554.33	1974.20
554.69	1990.40
555.04	1982.20
555.40	1993.80
555.75	2000.80
556.11	2023.80
556.47	2012.00
556.82	2022.40
557.18	2019.00
557.53	2004.60
557.89	2017.80
558.24	2024.80
558.60	2012.40
558.96	2042.80
559.31	2024.20
559.67	2051.00
560.02	2051.40
560.38	2039.80
560.73	2057.00
561.09	2073.80
561.44	2078.80
561.80	2056.40
562.16	2071.80
562.51	2096.00
562.87	2097.60
563.22	2086.20
563.58	2095.60
563.93	2104.40
564.29	2090.80
564.64	2111.60
565.00	2096.20
565.35	2127.20
565.71	2113.00
566.06	2126.80
566.41	2138.40
566.77	2113.60
567.12	2140.40
567.48	2140.00
567.83	2137.60
568.19	2147.80
568.54	2162.80
568.90	2155.40
569.25	2166.00
569.60	2168.40
569.96	2178.60
570.31	2157.80
570.67	2174.20
571.02	2181.00
571.38	2192.20
571.73	2174.60
572.08	2207.60
572.44	2179.40
572.79	2199.00
573.15	2189.00
573.50	2187.60
573.85	2217.80
574.21	2204.00
574.56	2196.00
574.91	2214.60
575.27	2202.40
575.62	2211.00
575.97	2203.40
576.33	2218.40
576.68	2210.60
577.03	2212.60
577.39	2195.80
577.74	2211.00
578.09	2218.40
578.45	2211.40
578.80	2209.20
579.15	2202.80
579.51	2206.00
579.86	2216.00
580.21	2230.80
580.57	2233.20
580.92	2226.40
581.27	2212.20
581.62	2229.40
581.98	2214.00
582.33	2209.00
582.68	2201.40
583.03	2195.80
583.39	2202.00
583.74	2214.20
584.09	2208.20
584.44	2212.00
584.80	2197.60
585.15	2194.80
585.50	2207.40
585.85	2214.20
586.21	2195.20
586.56	2216.20
586.91	2219.80
587.26	2217.20
587.61	2220.60
587.97	2194.00
588.32	2212.60
588.67	2212.40
589.02	2215.00
589.37	2193.20
589.73	2206.60
590.08	2202.20
590.43	2191.00
590.78	2197.00
591.13	2182.60
591.48	2214.20
591.83	2188.60
592.19	2193.00
592.54	2190.40
592.89	2201.40
593.24	2191.20
593.59	2198.40
593.94	2188.80
594.29	2198.00
594.64	2197.60
595.00	2193.00
595.35	2209.60
595.70	2189.00
596.05	2201.00
596.40	2188.80
596.75	2206.20
597.10	2213.20
597.45	2193.20
597.80	2211.00
598.15	2217.40
598.50	2204.40
598.85	2208.60
599.20	2211.20
599.55	2212.00
599.90	2201.00
600.26	2228.40
600.61	2227.00
600.96	2207.20
601.31	2232.20
601.66	2227.40
602.01	2220.20
602.36	2222.60
602.71	2209.00
603.06	2215.80
603.41	2231.20
603.76	2230.40
604.11	2245.40
604.46	2212.20
604.81	2248.40
605.16	2230.60
605.50	2230.40
605.85	2244.00
606.20	2252.80
606.55	2249.60
606.90	2234.60
607.25	2240.60
607.60	2262.40
607.95	2258.60
608.30	2263.20
608.65	2269.80
609.00	2269.40
609.35	2250.00
609.70	2260.80
610.05	2249.00
610.40	2287.00
610.74	2270.00
611.09	2279.40
611.44	2272.40
611.79	2280.00
612.14	2300.00
612.49	2293.60
612.84	2282.20
613.19	2298.40
613.53	2282.20
613.88	2309.80
614.23	2295.80
614.58	2288.20
614.93	2307.80
615.28	2284.20
615.62	2299.20
615.97	2282.60
616.32	2311.60
616.67	2296.60
617.02	2304.20
617.37	2305.00
617.71	2310.00
618.06	2321.00
618.41	2314.00
618.76	2320.20
619.11	2314.40
619.45	2328.80
619.80	2329.80
620.15	2315.40
620.50	2322.00
620.84	2324.60
621.19	2322.00
621.54	2312.00
621.89	2328.40
622.23	2309.60
622.58	2309.00
622.93	2308.40
623.28	2319.40
623.62	2313.00
623.97	2327.40
624.32	2323.60
624.66	2308.80
625.01	2338.20
625.36	2315.80
625.71	2307.20
626.05	2319.40
626.40	2305.40
626.75	2304.60
627.09	2301.00
627.44	2301.40
627.79	2301.20
628.13	2280.60
628.48	2317.00
628.83	2297.40
629.17	2262.60
629.52	2295.80
629.87	2298.60
630.21	2286.20
630.56	2301.60
630.90	2298.60
631.25	2291.20
631.60	2288.00
631.94	2264.60
632.29	2258.20
632.63	2286.80
632.98	2258.00
633.33	2243.60
633.67	2249.20
634.02	2259.40
634.36	2243.60
634.71	2238.60
635.06	2259.20
635.40	2222.40
635.75	2257.20
636.09	2219.40
636.44	2232.80
636.78	2222.60
637.13	2221.80
637.47	2196.00
637.82	2221.00
638.16	2192.40
638.51	2212.00
638.86	2188.80
639.20	2195.80
639.55	2189.60
639.89	2172.80
640.24	2166.40
640.58	2178.20
640.93	2172.80
641.27	2156.20
641.62	2178.00
641.96	2157.60
642.30	2146.60
642.65	2157.40
642.99	2154.20
643.34	2147.20
643.68	2143.40
644.03	2146.40
644.37	2141.00
644.72	2134.00
645.06	2123.60
645.40	2132.40
645.75	2128.40
646.09	2111.40
646.44	2137.00
646.78	2118.80
647.13	2115.40
647.47	2108.20
647.81	2098.60
648.16	2091.20
648.50	2116.00
648.85	2115.20
649.19	2097.20
649.53	2082.20
649.88	2087.80
650.22	2093.80
650.56	2074.40
650.91	2081.40
651.25	2076.20
651.59	2060.00
651.94	2081.20
652.28	2075.40
652.62	2054.40
652.97	2073.60
653.31	2056.00
653.65	2062.80
654.00	2071.20
654.34	2061.80
654.68	2067.60
655.03	2053.60
655.37	2060.60
655.71	2067.00
656.05	2043.60
656.40	2051.20
656.74	2035.80
657.08	2038.60
657.43	2058.20
657.77	2034.40
658.11	2040.20
658.45	2049.20
658.80	2049.20
659.14	2050.60
659.48	2045.40
659.82	2048.60
660.16	2038.60
660.51	2028.80
660.85	2042.80
661.19	2041.60
661.53	2056.60
661.87	2034.60
662.22	2046.40
662.56	2024.00
662.90	2055.00
663.24	2022.20
663.58	2042.60
663.93	2020.60
664.27	2016.40
664.61	2045.00
664.95	2045.80
665.29	2021.60
665.63	2021.00
665.98	2029.40
666.32	2037.20
666.66	2024.40
667.00	2025.20
667.34	2030.20
667.68	2039.40
668.02	2007.40
668.36	2031.00
668.70	2022.40
669.05	2008.40
669.39	2021.60
669.73	2014.00
670.07	2023.80
670.41	2016.40
670.75	2011.00
671.09	2015.20
671.43	2008.60
671.77	2009.80
672.11	2008.20
672.45	2004.00
672.79	1992.00
673.13	2007.80
673.47	1987.60
673.81	2011.40
674.16	1995.00
674.50	2002.60
674.84	1997.40
675.18	1979.40
675.52	1990.80
675.86	1988.60
676.20	1993.20
676.54	1986.80
676.88	1978.00
677.22	1981.20
677.56	1973.20
677.90	1969.80
678.23	1957.00
678.57	1965.80
678.91	1965.80
679.25	1979.00
679.59	1963.60
679.93	1944.80
680.27	1957.00
680.61	1943.40
680.95	1934.60
681.29	1941.40
681.63	1918.80
681.97	1936.60
682.31	1920.00
682.65	1925.20
682.99	1958.00
683.32	1927.00
683.66	1928.40
684.00	1911.20
684.34	1909.60
684.68	1894.60
685.02	1919.00
685.36	1888.60
685.70	1887.40
686.03	1885.80
686.37	1891.40
686.71	1877.20
687.05	1863.00
687.39	1868.20
687.73	1870.40
688.07	1862.80
688.40	1854.40
688.74	1855.60
689.08	1839.80
689.42	1838.40
689.76	1842.00
690.09	1825.00
690.43	1817.60
690.77	1841.60
691.11	1794.80
691.45	1802.60
691.78	1809.00
692.12	1788.60
692.46	1804.40
692.80	1787.60
693.13	1789.80
693.47	1779.80
693.81	1781.40
694.15	1776.60
694.48	1767.20
694.82	1759.40
695.16	1768.00
695.50	1756.20
695.83	1751.20
696.17	1741.40
696.51	1737.60
696.84	1730.80
697.18	1733.00
697.52	1728.00
697.85	1712.80
698.19	1722.00
698.53	1709.20
698.87	1698.20
699.20	1697.20
699.54	1673.20
699.88	1684.40
700.21	1676.60
700.55	1666.60
700.88	1664.60
701.22	1649.20
701.56	1663.40
701.89	1650.20
702.23	1636.80
702.57	1633.40
702.90	1616.40
703.24	1630.60
703.57	1614.40
703.91	1624.20
704.25	1609.60
704.58	1605.80
704.92	1608.80
705.25	1593.40
705.59	1597.20
705.93	1599.20
706.26	1593.40
706.60	1585.20
706.93	1576.80
707.27	1566.60
707.60	1575.00
707.94	1556.60
708.27	1558.40
708.61	1577.80
708.95	1554.60
709.28	1547.60
709.62	1542.60
709.95	1545.40
710.29	1530.00
710.62	1526.80
710.96	1525.40
711.29	1516.60
711.63	1531.80
711.96	1512.40
712.30	1502.40
712.63	1513.60
712.96	1505.80
713.30	1510.40
713.63	1494.60
713.97	1501.60
714.30	1492.20
714.64	1488.20
714.97	1482.40
715.31	1483.80
715.64	1480.60
715.97	1479.40
716.31	1480.00
716.64	1463.80
716.98	1467.80
717.31	1473.20
717.64	1458.00
717.98	1458.40
718.31	1459.20
718.65	1442.20
718.98	1427.60
719.31	1451.20
719.65	1450.80
719.98	1444.40
720.32	1439.20
720.65	1446.60
720.98	1431.80
721.32	1433.20
721.65	1421.00
721.98	1422.20
722.32	1434.80
722.65	1427.00
722.98	1416.40
723.32	1406.40
723.65	1408.00
723.98	1419.00
724.31	1397.80
724.65	1419.00
724.98	1400.40
725.31	1401.80
725.65	1412.20
725.98	1399.60
726.31	1404.00
726.64	1397.80
726.98	1397.80
727.31	1395.40
727.64	1397.60
727.97	1393.20
728.31	1385.60
728.64	1396.40
728.97	1381.20
729.30	1385.00
729.64	1406.80
729.97	1361.60
730.30	1378.40
730.63	1375.40
730.96	1377.20
731.30	1377.60
731.63	1377.20
731.96	1380.40
732.29	1379.40
732.62	1365.80
732.96	1361.00
733.29	1359.60
733.62	1369.00
733.95	1356.00
734.28	1365.40
734.61	1353.60
734.94	1352.60
735.28	1365.20
735.61	1345.80
735.94	1353.00
736.27	1339.80
736.60	1341.40
736.93	1345.20
737.26	1332.00
737.59	1334.40
737.92	1339.60
738.26	1343.80
738.59	1325.60
738.92	1327.20
739.25	1341.40
739.58	1322.80
739.91	1337.80
740.24	1331.60
740.57	1326.20
740.90	1324.20
741.23	1311.80
741.56	1317.80
741.89	1324.60
742.22	1307.20
742.55	1315.80
742.88	1315.80
743.21	1304.60
743.54	1317.00
743.87	1301.40
744.20	1306.40
744.53	1301.40
744.86	1308.00
745.19	1291.20
745.52	1294.20
745.85	1300.60
746.18	1289.80
746.51	1283.40
746.84	1294.00
747.17	1273.00
747.50	1278.80
747.83	1270.80
748.16	1266.60
748.49	1267.40
748.82	1261.00
749.15	1261.20
749.48	1270.00
749.81	1256.60
750.14	1254.80
750.46	1258.20
750.79	1248.20
751.12	1250.60
751.45	1251.40
751.78	1241.40
752.11	1247.40
752.44	1234.20
752.77	1239.20
753.10	1230.00
753.42	1227.80
753.75	1215.00
754.08	1220.20
754.41	1219.80
754.74	1214.60
755.07	1208.00
755.39	1201.80
755.72	1207.00
756.05	1199.00
756.38	1190.80
756.71	1199.20
757.04	1173.80
757.36	1169.80
757.69	1171.20
758.02	1178.40
758.35	1169.20
758.67	1165.60
759.00	1172.60
759.33	1161.80
759.66	1144.00
759.99	1144.20
760.31	1143.60
760.64	1132.60
760.97	1144.20
761.30	1117.00
761.62	1130.00
761.95	1124.80
762.28	1126.60
762.60	1108.60
762.93	1117.40
763.26	1106.40
763.59	1098.60
763.91	1092.80
764.24	1090.60
764.57	1091.00
764.89	1079.00
765.22	1069.20
765.55	1080.40
765.87	1075.00
766.20	1058.00
766.53	1060.20
766.85	1063.40
767.18	1054.40
767.51	1052.80
767.83	1032.80
768.16	1040.20
768.48	1035.20
768.81	1022.20
769.14	1029.20
769.46	1022.20
769.79	1015.80
770.12	1012.20
770.44	1006.60
770.77	1009.00
771.09	994.60
771.42	987.00
771.74	986.40
772.07	991.20
772.40	968.00
772.72	980.00
773.05	984.40
773.37	970.60
773.70	962.00
774.02	963.60
774.35	965.00
774.67	940.40
775.00	944.60
775.32	944.80
775.65	938.00
775.97	935.80
776.30	932.40
776.63	924.60
776.95	930.80
777.27	909.60
777.60	912.80
777.92	908.60
778.25	914.80
778.57	901.80
778.90	907.80
779.22	889.00
779.55	896.00
779.87	890.60
780.20	880.60
780.52	882.60
780.85	872.80
781.17	872.40
781.49	865.40
781.82	862.80
782.14	856.20
782.47	857.00
782.79	853.20
783.11	840.80
783.44	848.20
783.76	843.40
784.09	837.40
784.41	829.00
784.73	822.40
785.06	817.20
785.38	818.60
785.70	817.60
786.03	810.40
786.35	804.00
786.67	799.60
787.00	805.80
787.32	805.00
787.64	794.80
787.97	796.80
788.29	788.20
788.61	780.00
788.94	795.60
789.26	784.20
789.58	788.60
789.91	781.40
790.23	786.60
790.55	782.40
790.87	773.80
791.20	786.20
791.52	781.20
791.84	771.40
792.16	779.60
792.49	782.20
792.81	776.80
793.13	774.20
793.45	774.20
793.78	774.80
794.10	771.20
794.42	773.80
794.74	766.60
795.06	771.00
795.39	776.20
795.71	773.00
796.03	773.00
796.35	778.20
796.67	774.20
797.00	772.00
797.32	768.00
797.64	771.00
797.96	779.80
798.28	781.80
798.60	788.00
798.93	778.60
799.25	772.40
799.57	790.00
799.89	779.60
800.21	781.80
800.53	772.80
800.85	783.40
801.17	774.80
801.50	780.00
801.82	784.60
802.14	779.60
802.46	775.40
802.78	776.20
803.10	781.60
803.42	773.60
803.74	777.40
804.06	766.80
804.38	774.00
804.70	766.40
805.02	771.60
805.34	769.40
805.66	762.20
805.98	764.00
806.30	781.00
806.62	773.40
806.94	773.00
807.26	763.20
807.58	764.60
807.90	772.60
808.22	767.60
808.54	766.40
808.86	765.80
809.18	761.40
809.50	768.40
809.82	762.20
810.14	761.80
810.46	761.80
810.78	766.80
811.10	765.20
811.42	759.40
811.74	757.40
812.06	759.00
812.38	753.40
812.70	747.40
813.02	741.60
813.34	757.20
813.66	745.60
813.97	751.60
814.29	746.40
814.61	735.80
814.93	750.20
815.25	744.60
815.57	743.00
815.89	738.40
816.21	737.00
816.52	738.20
816.84	741.40
817.16	737.00
817.48	740.00
817.80	725.40
818.12	736.80
818.43	736.40
818.75	735.00
819.07	732.80
819.39	727.60
819.71	733.20
820.03	725.40
820.34	728.40
820.66	724.40
820.98	714.20
821.30	722.80
821.61	712.00
821.93	724.20
822.25	716.40
822.57	718.20
822.88	715.80
823.20	706.80
823.52	708.60
823.84	706.60
824.15	708.00
824.47	700.80
824.79	708.00
825.11	712.00
825.42	711.40
825.74	702.20
826.06	704.00
826.37	707.60
826.69	695.80
827.01	698.40
827.32	698.20
827.64	694.00
827.96	681.40
828.27	698.60
828.59	690.40
828.91	685.00
829.22	686.80
829.54	688.80
829.86	688.00
830.17	694.60
830.49	697.80
830.81	685.20
831.12	683.40
831.44	688.60
831.75	687.00
832.07	687.20
832.39	677.00
832.70	673.80
833.02	674.00
833.33	675.80
833.65	674.00
833.96	670.60
834.28	675.60
834.60	671.80
834.91	666.60
835.23	661.20
835.54	660.80
835.86	668.40
836.17	671.40
836.49	663.80
836.80	654.60
837.12	656.80
837.43	650.60
837.75	653.80
838.06	661.00
838.38	650.60
838.69	649.60
839.01	646.80
839.32	648.40
839.64	640.60
839.95	647.00
840.27	640.60
840.58	638.40
840.90	633.80
841.21	641.80
841.53	630.40
841.84	631.60
842.15	629.40
842.47	629.40
842.78	622.40
843.10	627.80
843.41	621.80
843.72	619.20
844.04	621.00
844.35	608.40
844.67	614.40
844.98	613.80
845.29	612.60
845.61	610.00
845.92	603.20
846.23	606.40
846.55	603.40
846.86	601.40
847.18	596.60
847.49	593.20
847.80	596.00
848.12	587.80
848.43	590.20
848.74	589.00
849.05	588.60
849.37	585.00
849.68	591.40
849.99	576.40
850.31	571.00
850.62	573.80
850.93	569.60
851.24	567.40
851.56	572.60
851.87	565.60
852.18	561.00
852.50	565.80
852.81	567.20
853.12	559.00
853.43	559.00
853.74	554.40
854.06	549.60
854.37	551.80
854.68	549.80
854.99	547.60
855.31	546.40
855.62	541.40
855.93	537.20
856.24	531.40
856.55	532.00
856.87	530.00
857.18	526.60
857.49	525.40
857.80	521.20
858.11	513.40
858.42	513.80
858.73	522.00
859.05	514.40
859.36	512.20
859.67	507.00
859.98	504.00
860.29	500.20
860.60	507.80
860.91	500.00
861.22	503.60
861.54	494.20
861.85	500.40
862.16	496.80
862.47	489.80
862.78	493.00
863.09	488.20
863.40	483.60
863.71	479.40
864.02	477.40
864.33	485.60
864.64	471.60
864.95	476.60
865.26	465.40
865.57	468.00
865.88	467.40
866.19	469.40
866.50	461.60
866.81	460.60
867.12	454.40
867.43	451.20
867.74	456.80
868.05	449.20
868.36	448.20
868.67	449.80
868.98	453.60
869.29	441.40
869.60	439.60
869.91	439.80
870.22	439.60
870.53	437.40
870.84	430.00
871.15	429.00
871.46	425.60
871.77	426.80
872.08	418.40
872.39	418.00
872.69	413.60
873.00	427.60
873.31	416.00
873.62	416.00
873.93	407.80
874.24	414.00
874.55	409.60
874.86	403.60
875.16	403.60
875.47	404.20
875.78	404.80
876.09	406.20
876.40	402.80
876.71	393.00
877.01	391.40
877.32	389.20
877.63	386.80
877.94	385.80
878.25	380.20
878.56	379.00
878.86	383.80
879.17	380.20
879.48	379.20
879.79	375.60
880.09	374.00
880.40	373.40
880.71	368.00
881.02	366.40
881.32	367.20
881.63	369.20
881.94	365.80
882.25	364.60
882.55	363.00
882.86	359.00
883.17	356.80
883.48	354.40
883.78	358.60
884.09	354.20
884.40	355.00
884.70	350.40
885.01	351.00
885.32	355.00
885.62	356.80
885.93	350.60
886.24	352.00
886.54	346.20
886.85	348.80
887.16	351.20
887.46	346.20
887.77	348.40
888.08	342.20
888.38	344.80
888.69	344.20
888.99	339.20
889.30	342.60
889.61	339.80
889.91	346.00
890.22	340.60
890.52	342.60
890.83	341.80
891.14	337.00
891.44	338.00
891.75	345.40
892.05	337.20
892.36	338.40
892.66	340.60
892.97	340.40
893.27	334.60
893.58	334.40
893.89	339.60
894.19	337.40
894.50	337.60
894.80	336.80
895.11	336.00
895.41	339.60
895.72	341.40
896.02	338.40
896.33	335.40
896.63	340.40
896.93	335.00
897.24	338.00
897.54	340.60
897.85	345.20
898.15	335.60
898.46	337.40
898.76	343.80
899.07	334.80
899.37	338.40
899.67	338.00
899.98	337.40
900.28	336.40
900.59	343.20
900.89	334.60
901.19	339.80
901.50	336.80
901.80	333.80
902.11	336.20
902.41	337.20
902.71	339.40
903.02	334.80
903.32	339.40
903.62	336.20
903.93	335.20
904.23	334.00
904.53	340.40
904.84	335.60
905.14	332.80
905.44	338.20
905.75	336.40
906.05	338.20
906.35	333.40
906.66	335.00
906.96	330.80
907.26	333.20
907.56	335.60
907.87	335.20
908.17	332.20
908.47	336.20
908.77	330.60
909.08	331.40
909.38	331.20
909.68	334.40
909.98	329.20
910.29	329.00
910.59	329.60
910.89	330.00
911.19	331.40
911.50	328.60
911.80	326.80
912.10	325.80
912.40	330.80
912.70	329.80
913.00	329.20
913.31	327.40
913.61	324.60
913.91	323.00
914.21	320.80
914.51	322.40
914.81	323.20
915.12	322.40
915.42	325.20
915.72	316.20
916.02	318.00
916.32	325.20
916.62	323.00
916.92	319.80
917.22	320.60
917.52	315.80
917.83	315.60
918.13	311.60
918.43	313.40
918.73	316.20
919.03	313.80
919.33	313.20
919.63	312.00
919.93	308.80
920.23	303.00
920.53	310.40
920.83	310.20
921.13	309.60
921.43	304.40
921.73	305.60
922.03	305.60
922.33	308.40
922.63	309.20
922.93	302.20
923.23	303.00
923.53	298.80
923.83	299.20
924.13	300.60
924.43	300.00
924.73	296.20
925.03	294.80
925.33	299.00
925.63	305.40
925.93	297.80
926.23	293.40
926.53	295.60
926.83	293.40
927.13	296.00
927.42	291.40
927.72	294.80
928.02	290.20
928.32	290.60
928.62	291.80
928.92	290.00
929.22	287.20
929.52	283.80
929.82	289.40
930.11	286.00
930.41	284.20
930.71	284.20
931.01	285.40
931.31	288.40
931.61	286.00
931.90	281.00
932.20	284.40
932.50	279.40
932.80	278.80
933.10	275.80
933.39	278.60
933.69	281.60
933.99	274.20
934.29	271.40
934.59	276.20
934.88	269.20
935.18	273.80
935.48	268.20
935.78	269.40
936.07	272.20
936.37	270.40
936.67	268.60
936.97	265.60
937.26	266.40
937.56	266.40
937.86	264.60
938.15	266.00
938.45	264.60
938.75	263.40
939.05	265.00
939.34	264.40
939.64	258.40
939.94	259.40
940.23	256.80
940.53	260.20
940.83	257.40
941.12	255.60
941.42	255.40
941.71	254.80
942.01	251.20
942.31	255.80
942.60	252.40
942.90	251.60
943.20	251.20
943.49	254.20
943.79	249.20
944.08	247.20
944.38	251.60
944.68	249.20
944.97	245.60
945.27	246.80
945.56	245.00
945.86	242.80
946.15	242.80
946.45	243.80
946.74	238.80
947.04	240.40
947.34	240.80
947.63	240.00
947.93	240.00
948.22	237.40
948.52	238.00
948.81	233.40
949.11	237.60
949.40	234.60
949.70	234.20
949.99	233.80
950.29	231.80
950.58	230.60
950.87	228.20
951.17	229.80
951.46	226.40
951.76	229.00
952.05	227.60
952.35	227.80
952.64	222.60
952.94	222.80
953.23	226.80
953.52	225.00
953.82	222.80
954.11	220.80
954.41	219.80
954.70	218.20
954.99	222.60
955.29	221.20
955.58	221.40
955.87	219.40
956.17	217.20
956.46	217.60
956.76	215.00
957.05	213.80
957.34	213.20
957.64	212.20
957.93	213.80
958.22	213.00
958.52	210.00
958.81	209.80
959.10	210.60
959.39	211.80
959.69	207.00
959.98	207.00
960.27	207.80
960.57	209.40
960.86	207.40
961.15	207.60
961.44	205.40
961.74	201.80
962.03	204.80
962.32	202.00
962.61	204.00
962.91	201.40
963.20	202.80
963.49	199.40
963.78	200.00
964.07	201.60
964.37	200.00
964.66	195.60
964.95	198.60
965.24	199.60
965.53	197.20
965.83	195.00
966.12	194.20
966.41	194.00
966.70	191.00
966.99	191.20
967.28	189.20
967.57	193.20
967.87	192.60
968.16	191.00
968.45	186.00
968.74	183.20
969.03	184.00
969.32	187.00
969.61	185.40
969.90	183.60
970.19	184.00
970.49	183.40
970.78	182.60
971.07	183.00
971.36	180.80
971.65	180.80
971.94	181.60
972.23	180.80
972.52	180.20
972.81	180.20
973.10	183.00
973.39	178.40
973.68	176.40
973.97	177.60
974.26	177.40
974.55	178.40
974.84	175.80
975.13	175.40
975.42	177.60
975.71	175.60
976.00	174.80
976.29	175.60
976.58	174.60
976.87	171.20
977.16	172.00
977.45	173.00
977.74	172.40
978.03	167.80
978.32	170.00
978.60	167.60
978.89	167.60
979.18	168.40
979.47	167.60
979.76	168.00
980.05	166.80
980.34	164.60
980.63	165.60
980.92	165.40
981.20	165.40
981.49	163.80
981.78	164.80
982.07	163.60
982.36	164.60
982.65	162.80
982.94	163.60
983.22	161.40
983.51	162.80
983.80	161.40
984.09	159.20
984.38	159.20
984.66	161.40
984.95	160.80
985.24	161.20
985.53	158.60
985.82	158.00
986.10	157.80
986.39	154.60
986.68	157.40
986.97	157.60
987.25	154.40
987.54	153.20
987.83	155.60
988.12	152.00
988.40	155.40
988.69	154.00
988.98	155.80
989.26	153.60
989.55	152.60
989.84	151.40
990.12	153.60
990.41	152.20
990.70	150.40
990.98	151.80
991.27	152.40
991.56	151.60
991.84	150.20
992.13	148.20
992.42	147.20
992.70	149.00
992.99	149.20
993.28	149.20
993.56	147.60
993.85	147.80
994.13	148.60
994.42	147.80
994.71	146.20
994.99	144.40
995.28	146.00
995.56	146.40
995.85	147.40
996.14	143.00
996.42	144.20
996.71	145.20
996.99	144.60
997.28	144.40
997.56	144.20
997.85	144.00
998.13	143.80
998.42	144.40
998.70	144.60
998.99	143.60
999.27	143.40
999.56	142.60
999.84	143.00
1000.13	142.60
1000.41	144.20
1000.70	142.60
1000.98	143.20
1001.27	140.20
1001.55	138.00
1001.84	138.60
1002.12	139.60
1002.40	140.40
1002.69	140.00
1002.97	140.40
1003.26	141.60
1003.54	141.40
1003.83	140.20
1004.11	140.40
1004.39	139.40
1004.68	137.60
1004.96	139.00
1005.24	139.80
1005.53	139.20
1005.81	139.20
1006.10	137.20
1006.38	137.20
1006.66	137.80
1006.95	138.00
1007.23	136.60
1007.51	136.80
1007.80	135.40
1008.08	136.00
1008.36	136.40
1008.65	137.80
1008.93	137.00
1009.21	136.60
1009.49	135.40
1009.78	135.40
1010.06	136.00
1010.34	135.20
1010.63	135.80
1010.91	135.40
1011.19	134.20
1011.47	134.80
1011.76	132.60
1012.04	133.40
1012.32	134.40
1012.60	133.00
1012.88	131.80
1013.17	132.60
1013.45	134.60
1013.73	132.00
1014.01	131.80
1014.29	132.00
1014.58	132.00
1014.86	131.60
1015.14	134.20
1015.42	132.60
1015.70	132.60
1015.98	132.80
1016.27	133.60
1016.55	132.60
1016.83	132.60
1017.11	132.80
1017.39	131.60
1017.67	130.80
1017.95	130.00
1018.23	129.80
1018.52	129.80
1018.80	129.80
1019.08	129.60
1019.36	129.80
1019.64	129.80
1019.92	130.60
1020.20	129.60
1020.48	130.60
1020.76	131.00
1021.04	130.00
1021.32	129.00
1021.60	128.00
1021.88	127.40
1022.16	126.40
1022.44	127.40
1022.72	128.20
