	0.0	
339.41	0.00
339.79	107.00
340.17	106.80
340.55	107.60
340.94	109.40
341.32	111.00
341.70	112.40
342.08	113.00
342.46	114.00
342.84	114.40
343.22	114.60
343.60	116.00
343.98	115.60
344.36	115.00
344.74	115.60
345.12	115.40
345.50	115.60
345.88	116.00
346.26	116.80
346.64	116.20
347.02	116.60
347.40	116.20
347.78	115.40
348.15	115.20
348.53	115.60
348.91	117.00
349.29	117.00
349.67	117.80
350.05	119.60
350.43	119.40
350.81	118.20
351.19	118.60
351.57	118.20
351.95	117.60
352.33	118.80
352.71	120.00
353.09	121.00
353.47	120.80
353.84	121.20
354.22	122.40
354.60	122.00
354.98	121.20
355.36	122.20
355.74	121.80
356.12	121.60
356.50	121.40
356.88	120.60
357.25	122.40
357.63	121.00
358.01	122.40
358.39	122.20
358.77	123.40
359.15	123.20
359.53	122.20
359.90	123.60
360.28	123.80
360.66	123.60
361.04	124.80
361.42	124.00
361.80	123.40
362.17	123.60
362.55	124.60
362.93	126.40
363.31	125.40
363.69	125.40
364.06	126.40
364.44	126.00
364.82	125.80
365.20	127.00
365.58	125.80
365.95	125.20
366.33	126.60
366.71	128.40
367.09	127.40
367.46	127.60
367.84	127.60
368.22	127.60
368.60	128.00
368.97	129.40
369.35	131.40
369.73	130.40
370.11	130.40
370.48	129.00
370.86	128.40
371.24	130.40
371.62	130.20
371.99	131.20
372.37	131.00
372.75	131.40
373.12	129.60
373.50	131.40
373.88	132.20
374.25	132.60
374.63	132.20
375.01	133.00
375.38	133.00
375.76	135.00
376.14	135.80
376.51	135.00
376.89	135.40
377.27	136.20
377.64	135.60
378.02	136.60
378.40	137.00
378.77	136.80
379.15	137.40
379.53	138.60
379.90	140.40
380.28	139.60
380.66	140.80
381.03	142.40
381.41	139.20
381.78	142.40
382.16	143.20
382.54	144.40
382.91	144.60
383.29	145.20
383.66	145.60
384.04	145.80
384.42	148.00
384.79	148.20
385.17	148.80
385.54	150.40
385.92	148.00
386.29	149.00
386.67	150.60
387.05	150.20
387.42	151.80
387.80	153.40
388.17	153.20
388.55	154.00
388.92	154.60
389.30	156.80
389.67	157.20
390.05	159.00
390.42	159.80
390.80	163.20
391.17	160.60
391.55	164.00
391.92	163.40
392.30	164.60
392.67	163.60
393.05	163.40
393.42	166.20
393.80	165.00
394.17	172.00
394.55	170.80
394.92	169.20
395.30	169.60
395.67	171.40
396.05	173.20
396.42	175.80
396.80	174.40
397.17	176.80
397.55	177.40
397.92	181.40
398.29	183.40
398.67	182.00
399.04	180.80
399.42	182.00
399.79	183.60
400.17	188.20
400.54	188.20
400.91	185.40
401.29	190.40
401.66	190.60
402.04	191.40
402.41	190.00
402.78	191.80
403.16	197.20
403.53	195.80
403.90	198.00
404.28	194.80
404.65	199.00
405.03	202.20
405.40	203.80
405.77	202.20
406.15	204.00
406.52	206.00
406.89	206.80
407.27	203.20
407.64	210.40
408.01	214.40
408.39	210.60
408.76	215.40
409.13	213.60
409.51	218.20
409.88	220.80
410.25	221.00
410.62	219.80
411.00	226.60
411.37	223.20
411.74	220.40
412.12	227.00
412.49	228.40
412.86	231.60
413.23	234.00
413.61	235.40
413.98	239.60
414.35	240.40
414.73	239.00
415.10	235.40
415.47	241.80
415.84	241.00
416.22	243.20
416.59	246.40
416.96	252.40
417.33	246.60
417.70	252.40
418.08	259.20
418.45	254.20
418.82	260.60
419.19	261.40
419.57	266.20
419.94	261.00
420.31	271.00
420.68	266.80
421.05	263.00
421.42	268.60
421.80	273.00
422.17	277.80
422.54	281.60
422.91	281.80
423.28	277.20
423.65	278.40
424.03	284.20
424.40	288.40
424.77	288.60
425.14	290.60
425.51	291.40
425.88	299.00
426.25	297.00
426.63	303.00
427.00	301.40
427.37	305.20
427.74	314.20
428.11	307.60
428.48	314.80
428.85	319.40
429.22	321.20
429.59	319.00
429.97	322.20
430.34	322.80
430.71	327.40
431.08	331.40
431.45	343.40
431.82	340.20
432.19	337.00
432.56	345.80
432.93	342.60
433.30	348.40
433.67	352.80
434.04	354.20
434.41	365.20
434.78	366.00
435.15	359.00
435.52	370.20
435.89	378.20
436.26	375.00
436.63	373.40
437.00	377.40
437.37	382.20
437.74	380.40
438.11	393.00
438.48	394.20
438.85	403.20
439.22	407.00
439.59	412.80
439.96	409.80
440.33	412.00
440.70	425.60
441.07	416.40
441.44	431.60
441.81	415.40
442.18	427.60
442.55	436.00
442.92	442.00
443.29	437.80
443.66	435.80
444.03	437.60
444.40	441.80
444.77	459.20
445.14	453.00
445.51	462.40
445.88	456.80
446.24	463.40
446.61	473.80
446.98	462.60
447.35	477.60
447.72	480.00
448.09	478.40
448.46	471.40
448.83	479.80
449.20	483.20
449.56	481.80
449.93	493.80
450.30	482.40
450.67	503.80
451.04	483.20
451.41	487.60
451.78	510.80
452.14	496.80
452.51	507.20
452.88	502.20
453.25	501.20
453.62	511.00
453.99	507.00
454.35	515.00
454.72	525.80
455.09	524.60
455.46	526.60
455.83	540.20
456.19	539.60
456.56	541.60
456.93	539.20
457.30	542.80
457.66	547.80
458.03	553.60
458.40	554.60
458.77	558.00
459.14	566.00
459.50	561.40
459.87	551.40
460.24	576.80
460.61	571.20
460.97	579.80
461.34	574.20
461.71	578.80
462.07	578.40
462.44	593.20
462.81	605.80
463.18	603.40
463.54	593.00
463.91	620.40
464.28	610.40
464.64	614.60
465.01	617.60
465.38	634.80
465.75	620.20
466.11	635.80
466.48	633.20
466.85	629.80
467.21	628.80
467.58	644.60
467.95	653.20
468.31	660.60
468.68	667.40
469.04	674.60
469.41	683.40
469.78	675.80
470.14	691.60
470.51	694.60
470.88	705.60
471.24	705.40
471.61	723.00
471.98	712.80
472.34	739.60
472.71	740.40
473.07	756.60
473.44	754.60
473.81	760.00
474.17	755.40
474.54	773.20
474.90	781.20
475.27	773.80
475.63	797.60
476.00	791.40
476.37	798.00
476.73	806.20
477.10	833.80
477.46	839.20
477.83	836.00
478.19	848.60
478.56	865.60
478.92	864.20
479.29	873.60
479.65	871.40
480.02	890.00
480.38	909.60
480.75	914.20
481.11	926.40
481.48	938.20
481.84	935.40
482.21	942.80
482.57	964.20
482.94	970.80
483.30	978.80
483.67	984.00
484.03	994.00
484.40	999.20
484.76	1001.60
485.13	1013.60
485.49	1030.00
485.86	1038.80
486.22	1042.40
486.59	1054.80
486.95	1065.40
487.31	1075.00
487.68	1083.20
488.04	1088.20
488.41	1094.00
488.77	1095.40
489.14	1112.20
489.50	1117.20
489.86	1123.80
490.23	1121.80
490.59	1137.20
490.96	1153.00
491.32	1143.20
491.68	1163.40
492.05	1161.80
492.41	1175.40
492.77	1172.60
493.14	1181.40
493.50	1180.60
493.87	1188.40
494.23	1206.60
494.59	1206.00
494.96	1218.60
495.32	1210.60
495.68	1225.60
496.05	1226.20
496.41	1240.60
496.77	1241.80
497.14	1234.60
497.50	1245.20
497.86	1252.40
498.23	1254.40
498.59	1243.00
498.95	1258.40
499.31	1266.00
499.68	1271.80
500.04	1288.20
500.40	1287.40
500.77	1277.20
501.13	1294.80
501.49	1289.20
501.85	1291.00
502.22	1285.00
502.58	1307.20
502.94	1304.60
503.30	1301.60
503.67	1300.20
504.03	1322.80
504.39	1315.60
504.75	1332.20
505.12	1317.40
505.48	1335.60
505.84	1335.80
506.20	1330.40
506.56	1333.80
506.93	1336.00
507.29	1346.40
507.65	1332.20
508.01	1357.60
508.37	1357.40
508.74	1345.20
509.10	1361.40
509.46	1368.60
509.82	1368.80
510.18	1379.80
510.54	1380.00
510.91	1371.40
511.27	1384.60
511.63	1391.80
511.99	1397.20
512.35	1396.20
512.71	1398.20
513.07	1407.00
513.43	1407.40
513.80	1397.00
514.16	1411.60
514.52	1416.20
514.88	1431.60
515.24	1430.60
515.60	1433.20
515.96	1439.60
516.32	1448.60
516.68	1448.60
517.04	1453.60
517.41	1450.00
517.77	1459.40
518.13	1457.40
518.49	1479.80
518.85	1486.60
519.21	1489.60
519.57	1488.20
519.93	1494.80
520.29	1492.80
520.65	1491.80
521.01	1502.20
521.37	1506.80
521.73	1500.20
522.09	1518.60
522.45	1531.20
522.81	1527.40
523.17	1535.00
523.53	1540.60
523.89	1534.20
524.25	1545.40
524.61	1553.00
524.97	1557.00
525.33	1549.60
525.69	1555.40
526.05	1569.40
526.41	1582.60
526.77	1565.40
527.13	1569.80
527.49	1596.80
527.85	1579.20
528.21	1605.80
528.57	1601.20
528.93	1613.60
529.29	1605.60
529.65	1615.00
530.00	1612.60
530.36	1610.20
530.72	1627.80
531.08	1618.40
531.44	1631.40
531.80	1642.40
532.16	1645.80
532.52	1636.40
532.88	1646.40
533.24	1631.80
533.59	1652.20
533.95	1642.60
534.31	1668.00
534.67	1644.60
535.03	1667.20
535.39	1656.00
535.75	1676.20
536.11	1658.80
536.46	1669.00
536.82	1674.60
537.18	1672.00
537.54	1684.00
537.90	1691.00
538.26	1685.80
538.61	1687.20
538.97	1705.00
539.33	1692.40
539.69	1705.40
540.05	1705.60
540.40	1698.20
540.76	1708.60
541.12	1706.80
541.48	1722.60
541.84	1702.80
542.19	1703.80
542.55	1711.60
542.91	1712.80
543.27	1722.80
543.62	1728.40
543.98	1720.00
544.34	1713.20
544.70	1740.40
545.05	1733.20
545.41	1740.00
545.77	1730.20
546.12	1745.40
546.48	1737.00
546.84	1732.40
547.20	1743.00
547.55	1754.80
547.91	1758.00
548.27	1762.20
548.62	1749.80
548.98	1763.00
549.34	1753.60
549.69	1782.20
550.05	1762.20
550.41	1774.20
550.77	1757.00
551.12	1776.80
551.48	1769.40
551.83	1782.80
552.19	1783.20
552.55	1785.00
552.90	1774.60
553.26	1803.20
553.62	1804.60
553.97	1812.40
554.33	1798.80
554.69	1810.20
555.04	1808.20
555.40	1809.60
555.75	1825.00
556.11	1833.20
556.47	1829.80
556.82	1837.80
557.18	1840.20
557.53	1809.40
557.89	1843.00
558.24	1843.00
558.60	1829.00
558.96	1848.00
559.31	1844.20
559.67	1850.40
560.02	1859.20
560.38	1846.40
560.73	1868.00
561.09	1872.80
561.44	1882.40
561.80	1872.20
562.16	1876.00
562.51	1882.80
562.87	1907.60
563.22	1892.80
563.58	1888.40
563.93	1905.60
564.29	1904.80
564.64	1924.40
565.00	1915.80
565.35	1923.60
565.71	1911.60
566.06	1929.80
566.41	1941.20
566.77	1920.00
567.12	1946.80
567.48	1927.60
567.83	1938.80
568.19	1950.40
568.54	1950.00
568.90	1954.80
569.25	1951.00
569.60	1962.20
569.96	1986.60
570.31	1952.40
570.67	1972.80
571.02	1986.60
571.38	1984.80
571.73	1977.20
572.08	2006.60
572.44	1972.60
572.79	1996.80
573.15	1995.40
573.50	1980.00
573.85	2011.60
574.21	2001.40
574.56	1992.00
574.91	2029.00
575.27	2009.40
575.62	1992.20
575.97	2004.60
576.33	2003.80
576.68	2012.80
577.03	2010.00
577.39	1996.00
577.74	2008.00
578.09	2012.00
578.45	2011.40
578.80	2016.40
579.15	1995.20
579.51	2009.00
579.86	2012.40
580.21	2021.60
580.57	2012.40
580.92	2021.60
581.27	2015.60
581.62	2020.60
581.98	2010.80
582.33	2011.20
582.68	2001.20
583.03	1997.80
583.39	2002.00
583.74	2010.20
584.09	1999.20
584.44	2013.20
584.80	2005.40
585.15	1999.60
585.50	2008.80
585.85	2007.60
586.21	1989.00
586.56	2011.20
586.91	1999.40
587.26	1997.20
587.61	2009.80
587.97	1991.20
588.32	2018.80
588.67	2006.80
589.02	2020.60
589.37	1988.40
589.73	1995.40
590.08	2001.00
590.43	1979.20
590.78	2002.00
591.13	1991.80
591.48	2006.60
591.83	1984.00
592.19	1986.80
592.54	1987.60
592.89	1999.20
593.24	1992.20
593.59	2003.60
593.94	1996.60
594.29	1990.80
594.64	1993.20
595.00	2009.00
595.35	2001.00
595.70	1991.80
596.05	1988.20
596.40	1990.20
596.75	1988.40
597.10	2007.80
597.45	1986.80
597.80	2006.00
598.15	1999.60
598.50	2006.40
598.85	2004.00
599.20	2001.20
599.55	1999.00
599.90	2005.40
600.26	2001.60
600.61	2023.00
600.96	2025.80
601.31	2012.60
601.66	2027.00
602.01	2011.80
602.36	2013.40
602.71	2027.40
603.06	2019.80
603.41	2035.60
603.76	2020.80
604.11	2034.00
604.46	2028.40
604.81	2035.80
605.16	2030.40
605.50	2027.40
605.85	2028.00
606.20	2049.60
606.55	2044.00
606.90	2032.20
607.25	2032.40
607.60	2052.80
607.95	2036.20
608.30	2053.60
608.65	2065.20
609.00	2061.20
609.35	2043.20
609.70	2054.80
610.05	2047.80
610.40	2060.40
610.74	2058.60
611.09	2067.40
611.44	2060.20
611.79	2071.20
612.14	2084.20
612.49	2066.60
612.84	2076.80
613.19	2076.40
613.53	2075.40
613.88	2093.60
614.23	2078.80
614.58	2071.80
614.93	2076.40
615.28	2090.40
615.62	2076.40
615.97	2101.20
616.32	2081.60
616.67	2094.60
617.02	2083.00
617.37	2098.60
617.71	2106.80
618.06	2103.20
618.41	2105.80
618.76	2100.80
619.11	2101.20
619.45	2107.00
619.80	2123.80
620.15	2093.60
620.50	2100.80
620.84	2113.40
621.19	2112.40
621.54	2102.60
621.89	2113.40
622.23	2082.40
622.58	2091.60
622.93	2094.60
623.28	2101.40
623.62	2090.60
623.97	2109.00
624.32	2104.40
624.66	2109.40
625.01	2117.60
625.36	2085.60
625.71	2104.20
626.05	2092.80
626.40	2102.00
626.75	2090.60
627.09	2092.80
627.44	2074.80
627.79	2092.80
628.13	2069.80
628.48	2090.80
628.83	2076.00
629.17	2060.60
629.52	2078.80
629.87	2072.20
630.21	2073.80
630.56	2085.60
630.90	2086.40
631.25	2068.20
631.60	2069.20
631.94	2069.60
632.29	2055.60
632.63	2058.60
632.98	2047.00
633.33	2043.20
633.67	2032.60
634.02	2047.60
634.36	2034.40
634.71	2010.20
635.06	2054.60
635.40	2016.60
635.75	2037.80
636.09	2003.60
636.44	2024.20
636.78	2000.20
637.13	2008.60
637.47	1993.80
637.82	2003.20
638.16	1980.60
638.51	2005.80
638.86	1982.80
639.20	1998.20
639.55	1981.20
639.89	1990.40
640.24	1971.40
640.58	1978.20
640.93	1960.40
641.27	1956.40
641.62	1975.40
641.96	1948.40
642.30	1950.40
642.65	1963.60
642.99	1954.20
643.34	1942.40
643.68	1946.80
644.03	1946.00
644.37	1945.20
644.72	1930.20
645.06	1925.00
645.40	1932.40
645.75	1929.60
646.09	1907.20
646.44	1942.20
646.78	1917.60
647.13	1914.80
647.47	1905.80
647.81	1903.00
648.16	1884.40
648.50	1900.40
648.85	1894.80
649.19	1889.80
649.53	1888.60
649.88	1901.60
650.22	1899.60
650.56	1877.80
650.91	1881.60
651.25	1886.00
651.59	1869.40
651.94	1884.00
652.28	1877.80
652.62	1873.40
652.97	1880.60
653.31	1872.40
653.65	1870.40
654.00	1873.60
654.34	1883.20
654.68	1879.60
655.03	1864.20
655.37	1873.80
655.71	1867.60
656.05	1859.80
656.40	1853.40
656.74	1861.20
657.08	1856.60
657.43	1865.80
657.77	1848.80
658.11	1852.80
658.45	1863.20
658.80	1849.00
659.14	1857.60
659.48	1841.80
659.82	1849.00
660.16	1844.80
660.51	1840.20
660.85	1843.40
661.19	1842.80
661.53	1849.00
661.87	1846.60
662.22	1847.40
662.56	1834.60
662.90	1869.20
663.24	1837.80
663.58	1845.80
663.93	1830.00
664.27	1817.40
664.61	1847.00
664.95	1842.00
665.29	1834.20
665.63	1822.00
665.98	1826.80
666.32	1831.60
666.66	1841.80
667.00	1820.80
667.34	1830.80
667.68	1830.40
668.02	1813.20
668.36	1834.80
668.70	1829.40
669.05	1819.80
669.39	1817.40
669.73	1822.40
670.07	1827.60
670.41	1814.20
670.75	1815.40
671.09	1823.80
671.43	1811.20
671.77	1821.00
672.11	1811.60
672.45	1818.60
672.79	1791.60
673.13	1811.00
673.47	1789.80
673.81	1819.20
674.16	1803.40
674.50	1794.40
674.84	1799.60
675.18	1786.80
675.52	1796.00
675.86	1793.60
676.20	1789.60
676.54	1786.60
676.88	1779.80
677.22	1787.40
677.56	1785.20
677.90	1788.20
678.23	1786.00
678.57	1784.80
678.91	1774.60
679.25	1778.80
679.59	1778.40
679.93	1776.80
680.27	1777.80
680.61	1767.40
680.95	1761.60
681.29	1771.60
681.63	1748.80
681.97	1755.80
682.31	1737.00
682.65	1733.00
682.99	1748.80
683.32	1729.20
683.66	1740.60
684.00	1730.60
684.34	1728.80
684.68	1700.80
685.02	1730.40
685.36	1709.80
685.70	1699.20
686.03	1705.40
686.37	1705.60
686.71	1699.80
687.05	1698.60
687.39	1682.20
687.73	1684.40
688.07	1684.80
688.40	1681.80
688.74	1670.60
689.08	1664.60
689.42	1672.20
689.76	1659.20
690.09	1653.80
690.43	1639.00
690.77	1670.40
691.11	1633.00
691.45	1624.00
691.78	1633.80
692.12	1626.40
692.46	1630.00
692.80	1620.60
693.13	1617.00
693.47	1607.80
693.81	1605.20
694.15	1599.00
694.48	1597.40
694.82	1582.20
695.16	1586.00
695.50	1582.20
695.83	1565.40
696.17	1568.80
696.51	1559.40
696.84	1564.20
697.18	1554.80
697.52	1570.00
697.85	1540.40
698.19	1545.80
698.53	1554.00
698.87	1527.80
699.20	1530.40
699.54	1519.80
699.88	1524.40
700.21	1507.80
700.55	1511.00
700.88	1501.80
701.22	1484.20
701.56	1502.80
701.89	1495.80
702.23	1484.40
702.57	1480.80
702.90	1456.60
703.24	1472.60
703.57	1455.00
703.91	1459.00
704.25	1450.40
704.58	1464.40
704.92	1459.60
705.25	1439.60
705.59	1444.60
705.93	1451.00
706.26	1441.20
706.60	1429.60
706.93	1423.80
707.27	1414.00
707.60	1437.40
707.94	1408.20
708.27	1405.00
708.61	1415.20
708.95	1408.20
709.28	1397.60
709.62	1398.40
709.95	1404.60
710.29	1406.80
710.62	1376.20
710.96	1376.00
711.29	1380.60
711.63	1386.20
711.96	1366.60
712.30	1370.60
712.63	1374.00
712.96	1360.00
713.30	1355.40
713.63	1357.40
713.97	1353.20
714.30	1350.80
714.64	1339.00
714.97	1339.20
715.31	1343.00
715.64	1332.80
715.97	1339.60
716.31	1327.80
716.64	1312.60
716.98	1327.00
717.31	1337.00
717.64	1327.40
717.98	1320.00
718.31	1316.60
718.65	1311.40
718.98	1309.60
719.31	1309.40
719.65	1314.00
719.98	1296.80
720.32	1302.00
720.65	1297.00
720.98	1290.40
721.32	1285.40
721.65	1280.40
721.98	1293.80
722.32	1297.20
722.65	1291.20
722.98	1283.20
723.32	1284.60
723.65	1281.80
723.98	1290.60
724.31	1273.60
724.65	1280.20
724.98	1267.00
725.31	1272.00
725.65	1284.40
725.98	1275.80
726.31	1271.60
726.64	1257.60
726.98	1260.00
727.31	1257.80
727.64	1267.80
727.97	1261.40
728.31	1263.40
728.64	1252.60
728.97	1256.40
729.30	1257.60
729.64	1257.40
729.97	1246.80
730.30	1246.20
730.63	1249.20
730.96	1248.40
731.30	1243.00
731.63	1246.00
731.96	1238.00
732.29	1249.00
732.62	1234.00
732.96	1230.60
733.29	1240.00
733.62	1233.00
733.95	1229.80
734.28	1238.60
734.61	1219.20
734.94	1228.80
735.28	1228.40
735.61	1228.20
735.94	1219.20
736.27	1210.20
736.60	1206.80
736.93	1212.80
737.26	1208.60
737.59	1206.40
737.92	1209.20
738.26	1205.20
738.59	1193.80
738.92	1204.80
739.25	1199.80
739.58	1200.00
739.91	1206.20
740.24	1202.60
740.57	1196.00
740.90	1204.20
741.23	1193.00
741.56	1190.20
741.89	1198.80
742.22	1181.60
742.55	1190.80
742.88	1186.80
743.21	1182.40
743.54	1200.80
743.87	1191.20
744.20	1186.20
744.53	1170.20
744.86	1191.20
745.19	1170.20
745.52	1168.00
745.85	1176.20
746.18	1174.40
746.51	1169.40
746.84	1177.60
747.17	1162.80
747.50	1149.20
747.83	1160.00
748.16	1156.80
748.49	1164.20
748.82	1149.60
749.15	1155.20
749.48	1150.80
749.81	1148.80
750.14	1136.60
750.46	1135.40
750.79	1128.60
751.12	1133.00
751.45	1130.00
751.78	1116.00
752.11	1122.40
752.44	1113.00
752.77	1116.60
753.10	1105.00
753.42	1113.40
753.75	1104.60
754.08	1106.20
754.41	1100.40
754.74	1094.20
755.07	1086.60
755.39	1072.20
755.72	1094.20
756.05	1078.40
756.38	1085.20
756.71	1081.40
757.04	1069.20
757.36	1061.20
757.69	1067.00
758.02	1065.80
758.35	1055.60
758.67	1058.60
759.00	1058.20
759.33	1043.20
759.66	1034.20
759.99	1033.40
760.31	1032.00
760.64	1030.20
760.97	1033.60
761.30	1025.40
761.62	1024.20
761.95	1021.20
762.28	1020.60
762.60	1004.80
762.93	1012.40
763.26	1008.60
763.59	992.40
763.91	1000.20
764.24	985.20
764.57	987.00
764.89	982.40
765.22	965.40
765.55	979.60
765.87	976.60
766.20	959.40
766.53	963.20
766.85	963.00
767.18	963.00
767.51	960.20
767.83	947.00
768.16	945.20
768.48	944.20
768.81	939.40
769.14	933.40
769.46	926.00
769.79	927.60
770.12	921.00
770.44	907.40
770.77	924.20
771.09	904.60
771.42	892.60
771.74	892.40
772.07	896.20
772.40	888.80
772.72	889.80
773.05	878.00
773.37	881.80
773.70	880.80
774.02	870.00
774.35	877.60
774.67	864.60
775.00	860.20
775.32	849.40
775.65	852.20
775.97	843.40
776.30	843.80
776.63	833.00
776.95	844.20
777.27	828.40
777.60	827.00
777.92	827.40
778.25	825.80
778.57	815.00
778.90	820.40
779.22	813.00
779.55	813.60
779.87	806.60
780.20	800.40
780.52	800.20
780.85	798.60
781.17	785.40
781.49	780.00
781.82	782.20
782.14	781.00
782.47	775.20
782.79	773.20
783.11	772.40
783.44	761.00
783.76	757.00
784.09	751.40
784.41	759.20
784.73	747.80
785.06	744.60
785.38	746.00
785.70	747.40
786.03	739.00
786.35	732.20
786.67	728.40
787.00	730.80
787.32	724.60
787.64	731.00
787.97	729.40
788.29	721.60
788.61	711.40
788.94	722.60
789.26	711.00
789.58	713.60
789.91	718.80
790.23	710.80
790.55	707.20
790.87	704.60
791.20	710.80
791.52	708.20
791.84	708.40
792.16	713.40
792.49	706.00
792.81	706.60
793.13	710.80
793.45	707.00
793.78	714.00
794.10	703.40
794.42	703.00
794.74	704.00
795.06	707.60
795.39	708.60
795.71	710.00
796.03	710.40
796.35	707.20
796.67	706.60
797.00	700.60
797.32	706.20
797.64	704.80
797.96	712.40
798.28	710.60
798.60	711.60
798.93	705.20
799.25	712.80
799.57	714.00
799.89	710.40
800.21	704.20
800.53	706.00
800.85	709.80
801.17	707.80
801.50	710.20
801.82	704.40
802.14	707.80
802.46	703.00
802.78	704.60
803.10	705.40
803.42	704.00
803.74	699.20
804.06	697.60
804.38	702.60
804.70	702.60
805.02	692.80
805.34	700.40
805.66	691.60
805.98	700.00
806.30	707.00
806.62	705.80
806.94	701.00
807.26	692.00
807.58	695.60
807.90	704.00
808.22	693.40
808.54	695.00
808.86	694.20
809.18	689.80
809.50	693.00
809.82	691.20
810.14	691.80
810.46	689.00
810.78	688.80
811.10	690.60
811.42	691.60
811.74	691.00
812.06	697.60
812.38	685.80
812.70	682.40
813.02	680.40
813.34	686.60
813.66	683.20
813.97	688.20
814.29	682.40
814.61	673.60
814.93	681.40
815.25	681.00
815.57	675.60
815.89	674.80
816.21	663.80
816.52	673.40
816.84	669.80
817.16	680.40
817.48	670.60
817.80	664.20
818.12	672.80
818.43	664.20
818.75	662.80
819.07	665.60
819.39	661.40
819.71	661.80
820.03	659.40
820.34	655.20
820.66	658.80
820.98	654.00
821.30	651.00
821.61	654.00
821.93	654.80
822.25	650.40
822.57	652.00
822.88	648.80
823.20	649.20
823.52	646.00
823.84	648.60
824.15	644.00
824.47	640.60
824.79	646.20
825.11	641.00
825.42	641.40
825.74	640.00
826.06	638.20
826.37	643.20
826.69	636.60
827.01	632.60
827.32	628.00
827.64	627.60
827.96	626.20
828.27	630.80
828.59	630.00
828.91	626.80
829.22	626.60
829.54	625.20
829.86	625.60
830.17	629.00
830.49	625.40
830.81	625.40
831.12	615.20
831.44	610.80
831.75	615.40
832.07	622.00
832.39	613.00
832.70	612.40
833.02	603.40
833.33	613.40
833.65	611.80
833.96	608.60
834.28	615.80
834.60	604.80
834.91	607.40
835.23	608.20
835.54	603.40
835.86	606.40
836.17	609.20
836.49	597.40
836.80	600.60
837.12	602.60
837.43	595.20
837.75	592.60
838.06	592.60
838.38	589.60
838.69	596.60
839.01	588.40
839.32	582.00
839.64	585.00
839.95	594.20
840.27	585.60
840.58	587.20
840.90	582.80
841.21	583.00
841.53	575.00
841.84	574.80
842.15	578.20
842.47	571.20
842.78	571.00
843.10	571.60
843.41	568.60
843.72	565.60
844.04	562.80
844.35	557.40
844.67	560.40
844.98	562.60
845.29	558.80
845.61	554.00
845.92	554.80
846.23	552.40
846.55	559.40
846.86	547.20
847.18	543.00
847.49	543.60
847.80	542.80
848.12	543.00
848.43	539.80
848.74	541.60
849.05	537.60
849.37	527.40
849.68	536.20
849.99	527.80
850.31	522.60
850.62	524.20
850.93	520.60
851.24	522.40
851.56	519.20
851.87	514.40
852.18	517.40
852.50	517.20
852.81	515.60
853.12	514.00
853.43	509.20
853.74	502.00
854.06	503.80
854.37	506.00
854.68	495.80
854.99	497.00
855.31	496.00
855.62	492.40
855.93	495.00
856.24	488.60
856.55	484.00
856.87	486.40
857.18	486.20
857.49	478.60
857.80	478.00
858.11	471.80
858.42	474.80
858.73	477.40
859.05	470.00
859.36	463.80
859.67	469.00
859.98	466.00
860.29	468.00
860.60	464.60
860.91	459.60
861.22	458.80
861.54	453.00
861.85	459.40
862.16	457.80
862.47	451.60
862.78	447.60
863.09	440.60
863.40	442.20
863.71	444.40
864.02	441.20
864.33	446.00
864.64	433.20
864.95	434.40
865.26	427.20
865.57	429.60
865.88	431.20
866.19	429.80
866.50	426.60
866.81	422.20
867.12	417.60
867.43	423.60
867.74	416.40
868.05	409.60
868.36	413.40
868.67	415.00
868.98	410.60
869.29	412.40
869.60	409.40
869.91	404.00
870.22	403.60
870.53	406.20
870.84	400.20
871.15	394.40
871.46	399.00
871.77	395.00
872.08	397.40
872.39	385.60
872.69	382.80
873.00	387.20
873.31	380.00
873.62	380.40
873.93	380.00
874.24	378.60
874.55	376.60
874.86	371.40
875.16	370.40
875.47	373.40
875.78	373.80
876.09	368.20
876.40	368.20
876.71	362.60
877.01	357.60
877.32	360.00
877.63	357.80
877.94	357.00
878.25	355.20
878.56	350.80
878.86	355.40
879.17	354.20
879.48	349.60
879.79	343.20
880.09	345.80
880.40	342.20
880.71	344.40
881.02	339.00
881.32	337.20
881.63	337.60
881.94	339.60
882.25	342.20
882.55	341.60
882.86	337.40
883.17	331.40
883.48	337.20
883.78	331.60
884.09	327.40
884.40	327.60
884.70	331.00
885.01	332.20
885.32	332.00
885.62	333.00
885.93	327.20
886.24	323.00
886.54	327.00
886.85	319.40
887.16	321.00
887.46	317.80
887.77	328.00
888.08	323.80
888.38	320.40
888.69	321.00
888.99	315.60
889.30	320.60
889.61	318.40
889.91	322.20
890.22	314.80
890.52	315.60
890.83	318.20
891.14	311.80
891.44	316.20
891.75	321.20
892.05	312.40
892.36	318.20
892.66	315.20
892.97	315.40
893.27	318.80
893.58	306.00
893.89	315.20
894.19	314.40
894.50	313.00
894.80	312.80
895.11	313.60
895.41	318.40
895.72	314.40
896.02	311.80
896.33	316.00
896.63	314.80
896.93	312.20
897.24	316.00
897.54	312.80
897.85	313.60
898.15	313.80
898.46	311.80
898.76	310.20
899.07	311.60
899.37	315.80
899.67	311.20
899.98	319.00
900.28	316.60
900.59	313.00
900.89	312.60
901.19	313.80
901.50	315.00
901.80	313.60
902.11	314.00
902.41	317.80
902.71	311.20
903.02	309.80
903.32	313.60
903.62	312.00
903.93	308.20
904.23	313.40
904.53	319.00
904.84	312.80
905.14	314.40
905.44	308.60
905.75	309.00
906.05	313.80
906.35	313.40
906.66	309.40
906.96	313.20
907.26	307.40
907.56	311.60
907.87	307.60
908.17	312.20
908.47	307.40
908.77	309.60
909.08	307.60
909.38	308.80
909.68	309.40
909.98	308.00
910.29	305.60
910.59	309.00
910.89	312.60
911.19	308.80
911.50	303.80
911.80	305.80
912.10	309.00
912.40	309.80
912.70	302.80
913.00	304.00
913.31	303.80
913.61	304.60
913.91	303.00
914.21	297.80
914.51	304.60
914.81	302.60
915.12	301.80
915.42	303.80
915.72	302.60
916.02	298.00
916.32	295.20
916.62	297.00
916.92	298.20
917.22	296.00
917.52	293.80
917.83	292.00
918.13	290.60
918.43	291.20
918.73	294.40
919.03	294.80
919.33	292.40
919.63	289.60
919.93	290.60
920.23	287.80
920.53	289.40
920.83	283.60
921.13	287.40
921.43	284.00
921.73	282.40
922.03	287.00
922.33	283.40
922.63	281.40
922.93	282.60
923.23	283.40
923.53	281.00
923.83	280.40
924.13	277.20
924.43	282.20
924.73	276.40
925.03	279.60
925.33	275.80
925.63	280.80
925.93	275.60
926.23	275.60
926.53	273.60
926.83	273.60
927.13	273.60
927.42	272.00
927.72	272.00
928.02	270.40
928.32	268.80
928.62	270.80
928.92	266.40
929.22	269.40
929.52	265.60
929.82	268.00
930.11	266.40
930.41	265.40
930.71	267.60
931.01	264.00
931.31	263.40
931.61	266.80
931.90	261.40
932.20	264.40
932.50	260.40
932.80	261.80
933.10	253.40
933.39	254.80
933.69	260.60
933.99	257.60
934.29	257.60
934.59	258.20
934.88	254.00
935.18	255.00
935.48	254.20
935.78	254.80
936.07	251.00
936.37	254.40
936.67	249.80
936.97	250.80
937.26	249.00
937.56	251.80
937.86	244.00
938.15	246.40
938.45	247.00
938.75	246.80
939.05	243.20
939.34	244.00
939.64	244.20
939.94	240.20
940.23	241.20
940.53	242.20
940.83	238.60
941.12	240.60
941.42	235.80
941.71	239.60
942.01	238.60
942.31	239.20
942.60	235.00
942.90	236.80
943.20	233.20
943.49	235.60
943.79	235.40
944.08	234.00
944.38	233.00
944.68	233.40
944.97	233.60
945.27	233.00
945.56	228.00
945.86	227.20
946.15	227.00
946.45	227.00
946.74	226.60
947.04	224.80
947.34	224.00
947.63	227.00
947.93	224.80
948.22	225.60
948.52	219.60
948.81	219.20
949.11	221.80
949.40	217.20
949.70	222.60
949.99	217.20
950.29	222.40
950.58	217.40
950.87	215.60
951.17	216.60
951.46	214.40
951.76	218.40
952.05	215.20
952.35	209.00
952.64	212.60
952.94	212.20
953.23	209.40
953.52	208.00
953.82	210.80
954.11	211.60
954.41	207.20
954.70	208.20
954.99	208.80
955.29	207.20
955.58	210.80
955.87	208.20
956.17	206.60
956.46	205.40
956.76	200.80
957.05	204.60
957.34	204.20
957.64	200.40
957.93	200.40
958.22	201.60
958.52	197.00
958.81	198.80
959.10	196.40
959.39	198.60
959.69	198.00
959.98	197.20
960.27	197.00
960.57	198.00
960.86	196.40
961.15	196.40
961.44	195.60
961.74	193.40
962.03	191.40
962.32	192.80
962.61	193.40
962.91	190.80
963.20	193.60
963.49	192.00
963.78	189.60
964.07	186.80
964.37	189.00
964.66	184.20
964.95	187.60
965.24	191.20
965.53	188.00
965.83	182.20
966.12	184.60
966.41	183.60
966.70	183.60
966.99	182.20
967.28	182.60
967.57	180.80
967.87	181.40
968.16	181.20
968.45	180.00
968.74	179.80
969.03	179.20
969.32	179.20
969.61	176.80
969.90	177.40
970.19	177.60
970.49	174.20
970.78	177.60
971.07	176.00
971.36	173.00
971.65	172.80
971.94	174.40
972.23	173.80
972.52	175.40
972.81	172.80
973.10	174.40
973.39	170.80
973.68	173.00
973.97	170.20
974.26	167.40
974.55	168.00
974.84	168.60
975.13	168.60
975.42	170.40
975.71	169.60
976.00	165.80
976.29	168.00
976.58	166.40
976.87	165.00
977.16	164.80
977.45	165.60
977.74	166.00
978.03	163.40
978.32	163.20
978.60	162.60
978.89	163.80
979.18	162.60
979.47	163.60
979.76	162.20
980.05	158.40
980.34	158.20
980.63	160.00
980.92	160.20
981.20	156.80
981.49	161.20
981.78	161.20
982.07	156.60
982.36	157.40
982.65	158.20
982.94	156.80
983.22	155.60
983.51	156.80
983.80	158.20
984.09	156.00
984.38	155.00
984.66	153.00
984.95	152.80
985.24	155.00
985.53	154.60
985.82	155.00
986.10	151.40
986.39	152.00
986.68	152.40
986.97	151.20
987.25	151.20
987.54	150.40
987.83	149.20
988.12	149.40
988.40	150.00
988.69	149.20
988.98	150.00
989.26	149.00
989.55	148.80
989.84	146.60
990.12	147.80
990.41	147.00
990.70	149.20
990.98	147.60
991.27	147.60
991.56	148.20
991.84	146.20
992.13	146.80
992.42	146.40
992.70	145.40
992.99	145.00
993.28	144.20
993.56	143.00
993.85	144.40
994.13	145.00
994.42	145.20
994.71	144.20
994.99	144.40
995.28	142.60
995.56	143.20
995.85	142.40
996.14	141.20
996.42	141.00
996.71	143.20
996.99	142.60
997.28	143.40
997.56	141.40
997.85	141.60
998.13	141.00
998.42	141.40
998.70	139.60
998.99	140.80
999.27	139.80
999.56	139.20
999.84	139.00
1000.13	139.00
1000.41	138.20
1000.70	137.00
1000.98	137.20
1001.27	136.80
1001.55	136.40
1001.84	136.80
1002.12	137.40
1002.40	137.80
1002.69	136.40
1002.97	136.80
1003.26	136.40
1003.54	137.60
1003.83	136.80
1004.11	137.00
1004.39	136.20
1004.68	135.60
1004.96	136.40
1005.24	134.00
1005.53	133.40
1005.81	134.00
1006.10	134.60
1006.38	133.60
1006.66	135.40
1006.95	136.20
1007.23	136.00
1007.51	134.60
1007.80	135.40
1008.08	134.80
1008.36	132.60
1008.65	132.80
1008.93	132.20
1009.21	133.20
1009.49	132.80
1009.78	132.40
1010.06	132.00
1010.34	129.40
1010.63	128.40
1010.91	129.80
1011.19	131.00
1011.47	130.20
1011.76	131.80
1012.04	131.40
1012.32	131.60
1012.60	130.20
1012.88	130.00
1013.17	128.40
1013.45	130.00
1013.73	133.00
1014.01	131.00
1014.29	130.00
1014.58	128.60
1014.86	128.20
1015.14	129.20
1015.42	128.40
1015.70	128.20
1015.98	130.40
1016.27	129.40
1016.55	128.60
1016.83	128.40
1017.11	128.80
1017.39	128.60
1017.67	127.80
1017.95	129.00
1018.23	128.40
1018.52	127.00
1018.80	126.80
1019.08	126.20
1019.36	128.00
1019.64	127.40
1019.92	126.00
1020.20	126.00
1020.48	126.20
1020.76	126.60
1021.04	126.00
1021.32	125.00
1021.60	125.80
1021.88	126.00
1022.16	127.20
1022.44	127.20
1022.72	125.80
