	0.0	
339.41	0.00
339.79	111.20
340.17	112.00
340.55	112.40
340.94	114.60
341.32	116.60
341.70	116.20
342.08	118.80
342.46	119.40
342.84	119.60
343.22	120.00
343.60	119.80
343.98	121.00
344.36	121.80
344.74	120.00
345.12	120.00
345.50	120.20
345.88	119.00
346.26	120.00
346.64	121.20
347.02	120.60
347.40	120.00
347.78	120.20
348.15	120.40
348.53	121.00
348.91	123.20
349.29	123.20
349.67	124.00
350.05	124.60
350.43	124.60
350.81	125.40
351.19	125.00
351.57	125.20
351.95	125.80
352.33	124.80
352.71	126.20
353.09	126.00
353.47	127.20
353.84	125.40
354.22	125.00
354.60	125.20
354.98	124.60
355.36	126.00
355.74	126.60
356.12	126.40
356.50	127.40
356.88	127.60
357.25	127.20
357.63	127.40
358.01	129.00
358.39	129.60
358.77	130.00
359.15	129.80
359.53	128.00
359.90	127.80
360.28	128.00
360.66	131.20
361.04	131.80
361.42	130.00
361.80	129.80
362.17	131.60
362.55	132.20
362.93	133.00
363.31	133.00
363.69	131.00
364.06	132.00
364.44	132.60
364.82	133.40
365.20	134.80
365.58	133.20
365.95	134.00
366.33	133.60
366.71	134.00
367.09	133.60
367.46	133.60
367.84	134.80
368.22	134.80
368.60	135.00
368.97	134.80
369.35	136.60
369.73	136.80
370.11	135.40
370.48	138.00
370.86	138.40
371.24	137.40
371.62	137.60
371.99	138.40
372.37	140.60
372.75	137.40
373.12	138.00
373.50	140.00
373.88	140.00
374.25	141.00
374.63	140.20
375.01	140.20
375.38	141.40
375.76	143.60
376.14	143.60
376.51	142.60
376.89	144.80
377.27	141.80
377.64	142.00
378.02	146.40
378.40	145.80
378.77	145.40
379.15	145.00
379.53	148.80
379.90	149.60
380.28	148.00
380.66	148.00
381.03	151.60
381.41	151.80
381.78	152.20
382.16	152.40
382.54	153.40
382.91	154.00
383.29	155.60
383.66	155.80
384.04	156.20
384.42	156.20
384.79	155.40
385.17	157.80
385.54	158.00
385.92	159.60
386.29	159.40
386.67	163.20
387.05	159.80
387.42	163.60
387.80	162.20
388.17	164.80
388.55	165.80
388.92	167.80
389.30	168.00
389.67	167.80
390.05	172.20
390.42	171.40
390.80	171.00
391.17	173.20
391.55	173.00
391.92	174.00
392.30	176.20
392.67	178.80
393.05	180.00
393.42	182.60
393.80	180.60
394.17	176.20
394.55	182.20
394.92	181.60
395.30	182.20
395.67	184.60
396.05	188.20
396.42	188.60
396.80	194.60
397.17	189.00
397.55	192.60
397.92	193.00
398.29	197.20
398.67	197.20
399.04	196.40
399.42	199.20
399.79	201.80
400.17	203.60
400.54	202.60
400.91	204.60
401.29	207.40
401.66	207.20
402.04	206.80
402.41	207.60
402.78	211.20
403.16	209.60
403.53	211.20
403.90	216.00
404.28	214.40
404.65	214.20
405.03	217.60
405.40	222.20
405.77	219.00
406.15	222.00
406.52	223.20
406.89	228.60
407.27	224.00
407.64	230.00
408.01	230.80
408.39	234.00
408.76	235.60
409.13	234.60
409.51	237.60
409.88	241.20
410.25	243.00
410.62	244.00
411.00	246.00
411.37	247.80
411.74	245.60
412.12	253.40
412.49	248.80
412.86	252.40
413.23	255.40
413.61	260.40
413.98	262.20
414.35	263.40
414.73	261.80
415.10	257.80
415.47	270.00
415.84	269.00
416.22	267.60
416.59	272.80
416.96	276.40
417.33	274.60
417.70	278.60
418.08	287.60
418.45	280.20
418.82	284.00
419.19	290.60
419.57	292.40
419.94	287.80
420.31	296.60
420.68	295.80
421.05	296.40
421.42	300.80
421.80	301.80
422.17	303.40
422.54	317.00
422.91	308.20
423.28	303.20
423.65	315.00
424.03	314.20
424.40	313.60
424.77	324.80
425.14	320.00
425.51	318.60
425.88	330.20
426.25	327.40
426.63	332.60
427.00	332.00
427.37	341.40
427.74	353.40
428.11	340.60
428.48	351.60
428.85	354.00
429.22	351.40
429.59	357.20
429.97	362.00
430.34	358.80
430.71	360.80
431.08	373.40
431.45	382.20
431.82	380.60
432.19	376.80
432.56	386.40
432.93	381.80
433.30	387.40
433.67	391.00
434.04	394.20
434.41	404.00
434.78	403.40
435.15	404.60
435.52	421.40
435.89	422.60
436.26	422.60
436.63	416.80
437.00	418.80
437.37	428.20
437.74	429.20
438.11	444.20
438.48	439.60
438.85	448.20
439.22	457.60
439.59	464.60
439.96	455.00
440.33	464.80
440.70	480.00
441.07	470.20
441.44	484.60
441.81	472.40
442.18	474.00
442.55	482.20
442.92	493.60
443.29	489.80
443.66	484.40
444.03	489.60
444.40	497.60
444.77	510.80
445.14	507.80
445.51	514.20
445.88	506.60
446.24	521.40
446.61	530.80
446.98	517.40
447.35	536.20
447.72	535.40
448.09	533.80
448.46	525.60
448.83	532.60
449.20	535.60
449.56	537.00
449.93	547.80
450.30	537.00
450.67	558.80
451.04	544.00
451.41	544.80
451.78	562.40
452.14	560.00
452.51	564.80
452.88	560.00
453.25	564.20
453.62	574.00
453.99	569.80
454.35	578.80
454.72	590.80
455.09	585.60
455.46	599.40
455.83	609.00
456.19	604.00
456.56	608.80
456.93	599.60
457.30	616.20
457.66	612.40
458.03	618.60
458.40	625.40
458.77	621.00
459.14	631.40
459.50	633.00
459.87	618.00
460.24	642.80
460.61	643.60
460.97	649.00
461.34	644.40
461.71	654.00
462.07	651.60
462.44	674.00
462.81	688.20
463.18	676.00
463.54	675.60
463.91	695.20
464.28	688.60
464.64	697.20
465.01	686.80
465.38	718.00
465.75	699.60
466.11	714.60
466.48	718.40
466.85	709.40
467.21	717.00
467.58	732.60
467.95	738.20
468.31	745.00
468.68	754.00
469.04	774.00
469.41	783.00
469.78	767.80
470.14	787.00
470.51	782.00
470.88	802.20
471.24	796.00
471.61	830.80
471.98	809.00
472.34	832.40
472.71	838.40
473.07	846.80
473.44	850.20
473.81	865.80
474.17	863.20
474.54	881.80
474.90	897.00
475.27	892.20
475.63	908.40
476.00	903.60
476.37	912.00
476.73	920.40
477.10	946.40
477.46	956.20
477.83	944.60
478.19	962.80
478.56	987.20
478.92	994.40
479.29	1000.20
479.65	997.80
480.02	1004.20
480.38	1036.40
480.75	1042.20
481.11	1047.60
481.48	1062.80
481.84	1065.00
482.21	1079.80
482.57	1094.80
482.94	1100.40
483.30	1106.60
483.67	1116.60
484.03	1128.20
484.40	1140.80
484.76	1143.60
485.13	1159.00
485.49	1165.00
485.86	1192.60
486.22	1193.20
486.59	1205.00
486.95	1215.00
487.31	1228.20
487.68	1224.60
488.04	1238.40
488.41	1251.60
488.77	1249.20
489.14	1268.80
489.50	1264.60
489.86	1279.60
490.23	1287.20
490.59	1294.60
490.96	1311.80
491.32	1308.80
491.68	1327.00
492.05	1332.20
492.41	1325.00
492.77	1339.80
493.14	1336.40
493.50	1360.20
493.87	1369.60
494.23	1372.00
494.59	1365.40
494.96	1383.60
495.32	1380.00
495.68	1395.80
496.05	1411.20
496.41	1414.20
496.77	1418.00
497.14	1416.20
497.50	1429.80
497.86	1432.40
498.23	1426.00
498.59	1429.40
498.95	1440.00
499.31	1442.00
499.68	1449.20
500.04	1466.60
500.40	1457.80
500.77	1458.00
501.13	1470.00
501.49	1466.40
501.85	1470.80
502.22	1476.80
502.58	1478.00
502.94	1497.60
503.30	1477.20
503.67	1479.60
504.03	1496.80
504.39	1495.20
504.75	1523.20
505.12	1500.60
505.48	1518.60
505.84	1522.60
506.20	1522.60
506.56	1519.00
506.93	1529.00
507.29	1543.20
507.65	1529.40
508.01	1545.80
508.37	1547.60
508.74	1541.80
509.10	1561.20
509.46	1560.60
509.82	1554.60
510.18	1562.00
510.54	1579.20
510.91	1567.60
511.27	1573.20
511.63	1588.40
511.99	1587.80
512.35	1586.80
512.71	1589.20
513.07	1594.00
513.43	1605.60
513.80	1605.40
514.16	1616.20
514.52	1613.40
514.88	1621.60
515.24	1633.20
515.60	1654.00
515.96	1638.00
516.32	1648.60
516.68	1652.20
517.04	1655.00
517.41	1651.20
517.77	1667.80
518.13	1672.80
518.49	1694.60
518.85	1685.00
519.21	1704.40
519.57	1697.20
519.93	1707.80
520.29	1698.20
520.65	1717.00
521.01	1716.20
521.37	1719.80
521.73	1710.20
522.09	1738.40
522.45	1742.20
522.81	1738.80
523.17	1766.00
523.53	1761.20
523.89	1748.80
524.25	1765.40
524.61	1775.60
524.97	1776.80
525.33	1779.20
525.69	1790.00
526.05	1805.60
526.41	1794.40
526.77	1818.80
527.13	1805.00
527.49	1836.20
527.85	1811.80
528.21	1834.60
528.57	1831.60
528.93	1827.00
529.29	1833.20
529.65	1843.80
530.00	1838.80
530.36	1845.00
530.72	1865.20
531.08	1852.60
531.44	1861.00
531.80	1871.80
532.16	1873.40
532.52	1875.00
532.88	1887.40
533.24	1873.40
533.59	1897.40
533.95	1881.80
534.31	1900.40
534.67	1891.60
535.03	1903.60
535.39	1893.60
535.75	1911.20
536.11	1905.40
536.46	1899.20
536.82	1920.20
537.18	1906.60
537.54	1922.80
537.90	1941.80
538.26	1911.00
538.61	1928.60
538.97	1944.80
539.33	1937.20
539.69	1940.40
540.05	1940.00
540.40	1929.40
540.76	1941.80
541.12	1952.80
541.48	1981.00
541.84	1957.00
542.19	1947.40
542.55	1969.40
542.91	1968.80
543.27	1976.20
543.62	1978.20
543.98	1966.60
544.34	1961.40
544.70	1981.80
545.05	1986.20
545.41	1984.40
545.77	1990.20
546.12	1987.80
546.48	1998.80
546.84	1991.80
547.20	1990.80
547.55	1999.00
547.91	2016.00
548.27	1995.40
548.62	1995.80
548.98	2016.60
549.34	2013.20
549.69	2025.00
550.05	2022.40
550.41	2030.60
550.77	2017.60
551.12	2018.80
551.48	2016.00
551.83	2050.80
552.19	2037.20
552.55	2051.20
552.90	2041.60
553.26	2057.40
553.62	2061.40
553.97	2059.00
554.33	2049.00
554.69	2072.20
555.04	2061.20
555.40	2074.20
555.75	2069.00
556.11	2098.20
556.47	2074.00
556.82	2096.40
557.18	2106.40
557.53	2083.80
557.89	2107.20
558.24	2112.40
558.60	2102.40
558.96	2119.20
559.31	2120.60
559.67	2120.20
560.02	2119.60
560.38	2104.20
560.73	2138.40
561.09	2143.60
561.44	2143.80
561.80	2140.20
562.16	2139.60
562.51	2149.80
562.87	2170.80
563.22	2165.40
563.58	2167.60
563.93	2192.80
564.29	2171.80
564.64	2186.20
565.00	2194.00
565.35	2184.20
565.71	2181.60
566.06	2202.20
566.41	2215.80
566.77	2195.20
567.12	2218.00
567.48	2213.80
567.83	2228.40
568.19	2227.60
568.54	2239.20
568.90	2232.00
569.25	2236.00
569.60	2249.60
569.96	2258.40
570.31	2232.20
570.67	2249.40
571.02	2267.80
571.38	2261.40
571.73	2263.80
572.08	2294.00
572.44	2275.60
572.79	2268.60
573.15	2275.20
573.50	2267.40
573.85	2279.40
574.21	2280.00
574.56	2276.80
574.91	2296.80
575.27	2294.40
575.62	2284.20
575.97	2294.20
576.33	2297.60
576.68	2310.20
577.03	2298.20
577.39	2291.40
577.74	2296.00
578.09	2303.40
578.45	2304.40
578.80	2301.80
579.15	2297.00
579.51	2304.80
579.86	2306.40
580.21	2313.60
580.57	2301.40
580.92	2298.00
581.27	2299.60
581.62	2310.40
581.98	2299.00
582.33	2296.00
582.68	2286.80
583.03	2286.60
583.39	2291.80
583.74	2299.20
584.09	2279.20
584.44	2289.00
584.80	2277.80
585.15	2272.60
585.50	2291.00
585.85	2297.80
586.21	2270.40
586.56	2291.40
586.91	2284.40
587.26	2300.40
587.61	2297.40
587.97	2284.20
588.32	2290.40
588.67	2279.00
589.02	2295.40
589.37	2268.00
589.73	2291.20
590.08	2299.00
590.43	2287.60
590.78	2280.80
591.13	2283.40
591.48	2295.20
591.83	2278.60
592.19	2280.60
592.54	2278.20
592.89	2282.40
593.24	2285.40
593.59	2271.40
593.94	2280.40
594.29	2291.00
594.64	2279.40
595.00	2300.60
595.35	2288.60
595.70	2273.60
596.05	2276.40
596.40	2272.60
596.75	2290.40
597.10	2307.00
597.45	2281.80
597.80	2305.00
598.15	2300.40
598.50	2294.80
598.85	2306.60
599.20	2297.20
599.55	2306.40
599.90	2289.80
600.26	2305.20
600.61	2307.00
600.96	2308.60
601.31	2290.60
601.66	2308.60
602.01	2297.80
602.36	2308.80
602.71	2307.00
603.06	2310.80
603.41	2315.40
603.76	2308.40
604.11	2328.40
604.46	2316.80
604.81	2315.80
605.16	2313.60
605.50	2343.20
605.85	2338.60
606.20	2331.60
606.55	2334.60
606.90	2332.60
607.25	2321.60
607.60	2326.00
607.95	2327.60
608.30	2345.40
608.65	2347.80
609.00	2354.20
609.35	2337.20
609.70	2354.40
610.05	2335.80
610.40	2354.00
610.74	2352.80
611.09	2357.60
611.44	2351.20
611.79	2357.60
612.14	2372.60
612.49	2372.40
612.84	2376.00
613.19	2383.80
613.53	2372.40
613.88	2408.60
614.23	2384.80
614.58	2372.60
614.93	2383.00
615.28	2381.60
615.62	2367.40
615.97	2380.80
616.32	2393.60
616.67	2390.60
617.02	2379.40
617.37	2397.40
617.71	2416.20
618.06	2403.60
618.41	2407.80
618.76	2404.00
619.11	2404.20
619.45	2406.60
619.80	2416.60
620.15	2385.80
620.50	2394.60
620.84	2406.80
621.19	2406.00
621.54	2418.40
621.89	2409.20
622.23	2398.80
622.58	2402.80
622.93	2394.20
623.28	2407.80
623.62	2383.20
623.97	2411.60
624.32	2399.40
624.66	2402.40
625.01	2413.00
625.36	2402.80
625.71	2397.20
626.05	2405.00
626.40	2391.80
626.75	2383.20
627.09	2392.20
627.44	2383.00
627.79	2404.00
628.13	2351.80
628.48	2381.80
628.83	2367.80
629.17	2338.60
629.52	2370.80
629.87	2384.00
630.21	2375.40
630.56	2366.60
630.90	2379.60
631.25	2370.20
631.60	2359.40
631.94	2353.40
632.29	2355.60
632.63	2361.00
632.98	2344.20
633.33	2337.80
633.67	2336.20
634.02	2333.20
634.36	2323.60
634.71	2315.20
635.06	2333.20
635.40	2296.00
635.75	2332.40
636.09	2297.60
636.44	2320.60
636.78	2287.00
637.13	2297.00
637.47	2285.40
637.82	2294.40
638.16	2261.20
638.51	2287.00
638.86	2267.00
639.20	2293.20
639.55	2267.80
639.89	2274.80
640.24	2268.40
640.58	2267.00
640.93	2246.00
641.27	2242.40
641.62	2257.80
641.96	2230.60
642.30	2224.80
642.65	2237.00
642.99	2230.80
643.34	2215.00
643.68	2233.20
644.03	2208.00
644.37	2220.60
644.72	2219.40
645.06	2211.20
645.40	2215.60
645.75	2216.00
646.09	2187.40
646.44	2219.20
646.78	2189.20
647.13	2189.00
647.47	2177.40
647.81	2183.80
648.16	2159.80
648.50	2189.60
648.85	2177.60
649.19	2158.40
649.53	2166.60
649.88	2170.60
650.22	2164.80
650.56	2160.80
650.91	2168.60
651.25	2158.20
651.59	2137.20
651.94	2154.40
652.28	2162.00
652.62	2155.00
652.97	2154.20
653.31	2143.80
653.65	2160.00
654.00	2148.20
654.34	2154.00
654.68	2140.00
655.03	2120.20
655.37	2139.20
655.71	2157.20
656.05	2147.20
656.40	2132.60
656.74	2134.60
657.08	2135.80
657.43	2137.80
657.77	2115.80
658.11	2118.60
658.45	2114.20
658.80	2125.60
659.14	2109.80
659.48	2099.60
659.82	2113.00
660.16	2115.20
660.51	2099.20
660.85	2107.40
661.19	2101.20
661.53	2116.80
661.87	2094.40
662.22	2114.40
662.56	2084.80
662.90	2134.40
663.24	2097.00
663.58	2084.60
663.93	2103.80
664.27	2082.80
664.61	2104.00
664.95	2116.40
665.29	2099.20
665.63	2097.60
665.98	2096.40
666.32	2100.80
666.66	2085.80
667.00	2089.40
667.34	2104.00
667.68	2107.40
668.02	2076.40
668.36	2095.20
668.70	2106.20
669.05	2074.40
669.39	2086.40
669.73	2090.40
670.07	2070.00
670.41	2082.80
670.75	2089.80
671.09	2084.00
671.43	2068.80
671.77	2078.80
672.11	2077.40
672.45	2090.80
672.79	2057.20
673.13	2080.00
673.47	2056.80
673.81	2071.80
674.16	2059.40
674.50	2063.20
674.84	2052.40
675.18	2045.40
675.52	2053.00
675.86	2054.60
676.20	2051.00
676.54	2036.00
676.88	2027.00
677.22	2034.20
677.56	2024.00
677.90	2031.20
678.23	2036.80
678.57	2026.00
678.91	2023.80
679.25	2033.00
679.59	2021.20
679.93	2019.80
680.27	2018.80
680.61	2018.40
680.95	2007.60
681.29	2012.00
681.63	1992.00
681.97	2017.40
682.31	1978.80
682.65	1995.20
682.99	2000.20
683.32	1982.80
683.66	1997.80
684.00	1979.00
684.34	1965.00
684.68	1943.00
685.02	1962.80
685.36	1948.60
685.70	1951.60
686.03	1950.80
686.37	1965.60
686.71	1948.00
687.05	1933.00
687.39	1949.60
687.73	1915.40
688.07	1910.80
688.40	1919.80
688.74	1910.20
689.08	1894.60
689.42	1906.80
689.76	1896.00
690.09	1892.80
690.43	1879.00
690.77	1896.20
691.11	1860.00
691.45	1862.20
691.78	1860.20
692.12	1848.80
692.46	1860.80
692.80	1840.20
693.13	1842.00
693.47	1841.60
693.81	1830.20
694.15	1831.60
694.48	1816.00
694.82	1816.40
695.16	1821.60
695.50	1805.80
695.83	1795.20
696.17	1802.40
696.51	1777.00
696.84	1795.60
697.18	1785.80
697.52	1780.00
697.85	1774.20
698.19	1772.20
698.53	1758.20
698.87	1743.40
699.20	1739.60
699.54	1731.20
699.88	1729.80
700.21	1728.40
700.55	1723.20
700.88	1708.00
701.22	1699.40
701.56	1707.60
701.89	1693.60
702.23	1687.60
702.57	1690.80
702.90	1673.80
703.24	1691.60
703.57	1664.80
703.91	1658.00
704.25	1664.60
704.58	1670.00
704.92	1658.80
705.25	1642.20
705.59	1651.00
705.93	1635.80
706.26	1642.80
706.60	1634.80
706.93	1626.60
707.27	1624.40
707.60	1623.40
707.94	1615.80
708.27	1610.20
708.61	1615.60
708.95	1598.00
709.28	1584.60
709.62	1584.40
709.95	1587.80
710.29	1589.80
710.62	1574.60
710.96	1571.40
711.29	1554.00
711.63	1572.60
711.96	1563.20
712.30	1558.60
712.63	1552.60
712.96	1554.60
713.30	1554.40
713.63	1542.20
713.97	1555.20
714.30	1544.20
714.64	1530.00
714.97	1527.80
715.31	1522.00
715.64	1527.60
715.97	1529.00
716.31	1524.00
716.64	1507.00
716.98	1524.60
717.31	1512.80
717.64	1500.00
717.98	1496.80
718.31	1506.80
718.65	1502.00
718.98	1492.80
719.31	1505.20
719.65	1503.40
719.98	1476.80
720.32	1495.40
720.65	1490.80
720.98	1484.60
721.32	1473.60
721.65	1466.00
721.98	1472.80
722.32	1485.60
722.65	1472.00
722.98	1456.60
723.32	1457.40
723.65	1442.80
723.98	1457.60
724.31	1449.00
724.65	1455.20
724.98	1453.00
725.31	1458.00
725.65	1457.80
725.98	1449.80
726.31	1439.00
726.64	1428.80
726.98	1435.20
727.31	1439.80
727.64	1442.40
727.97	1437.00
728.31	1430.40
728.64	1429.60
728.97	1434.40
729.30	1422.60
729.64	1449.00
729.97	1417.80
730.30	1420.80
730.63	1418.40
730.96	1432.60
731.30	1417.80
731.63	1418.00
731.96	1419.80
732.29	1411.60
732.62	1424.40
732.96	1417.00
733.29	1410.20
733.62	1409.20
733.95	1401.20
734.28	1399.20
734.61	1395.00
734.94	1400.20
735.28	1396.40
735.61	1391.40
735.94	1382.40
736.27	1388.80
736.60	1377.80
736.93	1387.80
737.26	1377.20
737.59	1386.00
737.92	1397.00
738.26	1393.80
738.59	1376.80
738.92	1381.20
739.25	1379.20
739.58	1374.20
739.91	1371.80
740.24	1374.20
740.57	1364.80
740.90	1368.60
741.23	1365.40
741.56	1357.60
741.89	1369.00
742.22	1338.40
742.55	1359.80
742.88	1355.20
743.21	1342.60
743.54	1349.20
743.87	1349.00
744.20	1347.40
744.53	1335.00
744.86	1337.80
745.19	1324.00
745.52	1324.60
745.85	1331.20
746.18	1329.00
746.51	1315.80
746.84	1328.60
747.17	1314.40
747.50	1319.20
747.83	1319.60
748.16	1304.20
748.49	1309.40
748.82	1308.00
749.15	1311.40
749.48	1322.40
749.81	1306.40
750.14	1302.80
750.46	1305.60
750.79	1286.60
751.12	1287.40
751.45	1294.20
751.78	1279.00
752.11	1277.60
752.44	1271.60
752.77	1269.60
753.10	1265.60
753.42	1255.40
753.75	1259.60
754.08	1256.80
754.41	1239.80
754.74	1246.60
755.07	1241.80
755.39	1232.00
755.72	1237.60
756.05	1216.20
756.38	1227.00
756.71	1225.60
757.04	1209.20
757.36	1208.00
757.69	1203.20
758.02	1206.00
758.35	1199.80
758.67	1201.40
759.00	1196.80
759.33	1189.00
759.66	1176.20
759.99	1172.00
760.31	1167.60
760.64	1162.00
760.97	1169.80
761.30	1157.00
761.62	1160.60
761.95	1150.80
762.28	1151.40
762.60	1139.20
762.93	1137.60
763.26	1148.00
763.59	1132.00
763.91	1128.60
764.24	1123.80
764.57	1126.20
764.89	1117.60
765.22	1109.20
765.55	1112.80
765.87	1116.20
766.20	1088.40
766.53	1096.80
766.85	1090.40
767.18	1074.00
767.51	1082.00
767.83	1069.00
768.16	1079.40
768.48	1076.80
768.81	1063.80
769.14	1046.40
769.46	1052.80
769.79	1045.20
770.12	1040.60
770.44	1041.40
770.77	1046.40
771.09	1033.20
771.42	1022.80
771.74	1013.00
772.07	1012.00
772.40	1006.00
772.72	1013.40
773.05	1011.20
773.37	1004.00
773.70	993.80
774.02	987.20
774.35	993.60
774.67	978.60
775.00	972.40
775.32	970.40
775.65	967.00
775.97	961.80
776.30	954.20
776.63	950.40
776.95	953.80
777.27	935.40
777.60	932.40
777.92	923.40
778.25	933.20
778.57	924.40
778.90	927.60
779.22	904.80
779.55	913.80
779.87	902.20
780.20	910.80
780.52	904.20
780.85	898.60
781.17	888.80
781.49	894.20
781.82	891.80
782.14	877.20
782.47	884.40
782.79	881.40
783.11	871.60
783.44	862.00
783.76	868.80
784.09	855.00
784.41	858.00
784.73	847.20
785.06	840.20
785.38	835.20
785.70	837.00
786.03	837.00
786.35	833.40
786.67	827.80
787.00	829.60
787.32	817.40
787.64	821.40
787.97	818.00
788.29	814.80
788.61	805.40
788.94	814.60
789.26	807.00
789.58	807.40
789.91	808.40
790.23	808.00
790.55	811.80
790.87	803.40
791.20	803.00
791.52	801.80
791.84	797.20
792.16	798.80
792.49	797.80
792.81	799.80
793.13	806.00
793.45	794.80
793.78	804.60
794.10	795.20
794.42	788.80
794.74	792.40
795.06	795.00
795.39	804.60
795.71	794.00
796.03	796.60
796.35	790.60
796.67	788.00
797.00	800.00
797.32	796.80
797.64	797.00
797.96	801.20
798.28	808.00
798.60	807.20
798.93	807.60
799.25	802.20
799.57	805.00
799.89	798.20
800.21	799.00
800.53	798.00
800.85	802.00
801.17	797.60
801.50	802.40
801.82	784.60
802.14	792.80
802.46	790.80
802.78	792.00
803.10	798.40
803.42	794.80
803.74	784.20
804.06	787.40
804.38	803.40
804.70	785.80
805.02	784.40
805.34	795.20
805.66	792.80
805.98	794.00
806.30	800.00
806.62	791.00
806.94	791.40
807.26	785.20
807.58	788.20
807.90	794.20
808.22	788.40
808.54	788.00
808.86	784.20
809.18	773.40
809.50	792.00
809.82	778.80
810.14	777.80
810.46	779.80
810.78	776.60
811.10	785.40
811.42	775.00
811.74	780.20
812.06	788.00
812.38	781.00
812.70	768.60
813.02	770.20
813.34	772.60
813.66	763.80
813.97	773.00
814.29	762.80
814.61	754.00
814.93	770.20
815.25	763.20
815.57	763.20
815.89	759.00
816.21	758.00
816.52	757.60
816.84	755.80
817.16	756.20
817.48	761.80
817.80	753.00
818.12	751.60
818.43	749.00
818.75	751.60
819.07	746.40
819.39	746.80
819.71	744.00
820.03	746.20
820.34	744.60
820.66	743.00
820.98	741.20
821.30	738.60
821.61	729.80
821.93	737.60
822.25	731.40
822.57	737.20
822.88	734.40
823.20	730.00
823.52	731.80
823.84	734.80
824.15	730.80
824.47	728.00
824.79	727.60
825.11	725.40
825.42	735.20
825.74	726.00
826.06	726.20
826.37	729.20
826.69	722.80
827.01	717.20
827.32	721.20
827.64	716.00
827.96	713.40
828.27	719.60
828.59	714.20
828.91	708.60
829.22	711.20
829.54	706.80
829.86	708.60
830.17	706.60
830.49	706.00
830.81	699.00
831.12	700.80
831.44	694.80
831.75	696.00
832.07	694.40
832.39	696.80
832.70	683.60
833.02	687.40
833.33	685.40
833.65	692.00
833.96	693.80
834.28	689.80
834.60	687.80
834.91	685.00
835.23	686.60
835.54	675.60
835.86	680.40
836.17	678.00
836.49	666.20
836.80	677.20
837.12	677.40
837.43	675.00
837.75	667.00
838.06	671.00
838.38	664.00
838.69	668.60
839.01	664.40
839.32	666.00
839.64	660.60
839.95	666.20
840.27	660.80
840.58	656.60
840.90	654.80
841.21	656.20
841.53	651.00
841.84	653.80
842.15	638.00
842.47	644.80
842.78	635.20
843.10	645.60
843.41	642.40
843.72	643.40
844.04	639.40
844.35	631.60
844.67	629.60
844.98	626.20
845.29	627.00
845.61	625.60
845.92	623.60
846.23	623.80
846.55	618.00
846.86	619.60
847.18	609.40
847.49	615.40
847.80	614.80
848.12	608.40
848.43	609.40
848.74	605.40
849.05	603.60
849.37	604.00
849.68	601.40
849.99	593.20
850.31	590.00
850.62	590.20
850.93	589.00
851.24	583.80
851.56	580.40
851.87	579.00
852.18	573.80
852.50	580.40
852.81	583.00
853.12	578.20
853.43	570.60
853.74	567.00
854.06	567.00
854.37	562.40
854.68	565.40
854.99	564.00
855.31	564.60
855.62	555.20
855.93	556.80
856.24	551.80
856.55	545.00
856.87	547.40
857.18	542.40
857.49	543.60
857.80	546.80
858.11	530.40
858.42	535.60
858.73	533.20
859.05	529.00
859.36	526.80
859.67	526.00
859.98	520.40
860.29	520.20
860.60	526.80
860.91	514.80
861.22	516.20
861.54	517.00
861.85	510.60
862.16	509.20
862.47	505.60
862.78	499.60
863.09	501.00
863.40	499.00
863.71	496.80
864.02	496.40
864.33	494.20
864.64	489.20
864.95	488.80
865.26	479.00
865.57	484.60
865.88	479.60
866.19	477.00
866.50	473.00
866.81	476.20
867.12	469.00
867.43	472.80
867.74	466.20
868.05	470.20
868.36	465.80
868.67	468.20
868.98	464.40
869.29	461.40
869.60	456.80
869.91	454.60
870.22	450.00
870.53	455.00
870.84	447.60
871.15	439.00
871.46	436.80
871.77	437.20
872.08	441.00
872.39	435.80
872.69	427.40
873.00	429.20
873.31	423.80
873.62	426.40
873.93	426.00
874.24	427.20
874.55	422.00
874.86	414.40
875.16	414.20
875.47	416.00
875.78	410.00
876.09	412.60
876.40	408.40
876.71	404.20
877.01	404.00
877.32	402.00
877.63	400.80
877.94	399.80
878.25	398.80
878.56	398.40
878.86	394.00
879.17	388.80
879.48	387.80
879.79	390.60
880.09	387.00
880.40	381.00
880.71	382.40
881.02	379.20
881.32	379.80
881.63	375.80
881.94	377.80
882.25	379.40
882.55	381.00
882.86	373.40
883.17	376.40
883.48	372.20
883.78	370.20
884.09	366.00
884.40	367.00
884.70	365.60
885.01	369.20
885.32	366.40
885.62	363.80
885.93	364.40
886.24	362.40
886.54	356.80
886.85	360.60
887.16	357.80
887.46	349.80
887.77	357.20
888.08	358.80
888.38	363.40
888.69	358.20
888.99	353.20
889.30	355.40
889.61	354.00
889.91	358.80
890.22	350.80
890.52	355.00
890.83	353.00
891.14	352.20
891.44	350.80
891.75	352.20
892.05	351.40
892.36	350.80
892.66	349.40
892.97	344.40
893.27	347.40
893.58	352.60
893.89	348.40
894.19	349.80
894.50	348.40
894.80	351.40
895.11	345.60
895.41	349.00
895.72	350.40
896.02	348.60
896.33	348.40
896.63	350.00
896.93	346.40
897.24	346.40
897.54	347.40
897.85	345.60
898.15	352.60
898.46	344.40
898.76	346.40
899.07	344.00
899.37	346.80
899.67	347.00
899.98	350.60
900.28	349.60
900.59	352.40
900.89	348.00
901.19	352.00
901.50	349.60
901.80	346.00
902.11	349.80
902.41	348.80
902.71	345.60
903.02	346.40
903.32	347.40
903.62	345.20
903.93	345.20
904.23	354.20
904.53	352.40
904.84	345.00
905.14	343.20
905.44	347.60
905.75	339.80
906.05	344.60
906.35	347.20
906.66	344.20
906.96	340.40
907.26	349.20
907.56	340.60
907.87	346.00
908.17	339.60
908.47	340.80
908.77	342.60
909.08	336.20
909.38	337.40
909.68	340.80
909.98	335.60
910.29	342.20
910.59	336.60
910.89	343.40
911.19	340.00
911.50	336.00
911.80	335.40
912.10	336.20
912.40	339.20
912.70	338.00
913.00	337.40
913.31	332.80
913.61	334.60
913.91	337.20
914.21	330.60
914.51	327.80
914.81	332.80
915.12	332.60
915.42	331.80
915.72	336.40
916.02	332.60
916.32	329.40
916.62	328.20
916.92	326.20
917.22	326.80
917.52	327.40
917.83	323.00
918.13	325.60
918.43	320.20
918.73	320.60
919.03	322.60
919.33	321.80
919.63	319.80
919.93	317.80
920.23	317.80
920.53	316.00
920.83	313.60
921.13	314.60
921.43	314.20
921.73	310.40
922.03	319.20
922.33	315.20
922.63	311.40
922.93	309.60
923.23	312.20
923.53	310.00
923.83	310.40
924.13	305.80
924.43	310.80
924.73	312.40
925.03	305.20
925.33	306.60
925.63	304.60
925.93	307.00
926.23	303.00
926.53	301.20
926.83	300.00
927.13	301.60
927.42	295.00
927.72	298.00
928.02	297.80
928.32	296.20
928.62	298.60
928.92	298.00
929.22	290.00
929.52	295.40
929.82	293.00
930.11	293.20
930.41	294.60
930.71	289.40
931.01	293.00
931.31	291.00
931.61	290.40
931.90	288.20
932.20	287.40
932.50	284.00
932.80	284.00
933.10	285.80
933.39	285.60
933.69	284.40
933.99	285.40
934.29	281.40
934.59	282.20
934.88	281.60
935.18	275.40
935.48	278.00
935.78	277.40
936.07	277.80
936.37	274.80
936.67	279.40
936.97	272.60
937.26	274.80
937.56	272.40
937.86	272.60
938.15	272.00
938.45	271.20
938.75	267.80
939.05	273.20
939.34	268.80
939.64	272.40
939.94	265.40
940.23	264.00
940.53	261.80
940.83	263.00
941.12	262.80
941.42	263.60
941.71	257.80
942.01	258.80
942.31	258.20
942.60	258.60
942.90	258.60
943.20	255.20
943.49	257.60
943.79	254.80
944.08	254.20
944.38	254.00
944.68	253.80
944.97	249.20
945.27	251.20
945.56	249.60
945.86	247.80
946.15	251.40
946.45	249.40
946.74	245.00
947.04	248.80
947.34	247.60
947.63	242.80
947.93	245.40
948.22	242.20
948.52	241.40
948.81	239.80
949.11	244.60
949.40	239.60
949.70	242.60
949.99	239.00
950.29	240.80
950.58	236.80
950.87	235.20
951.17	235.00
951.46	237.40
951.76	235.20
952.05	235.80
952.35	231.40
952.64	232.40
952.94	232.80
953.23	232.00
953.52	230.20
953.82	229.20
954.11	227.60
954.41	227.20
954.70	226.00
954.99	227.20
955.29	226.80
955.58	227.40
955.87	220.60
956.17	223.00
956.46	224.20
956.76	223.40
957.05	221.60
957.34	220.20
957.64	219.60
957.93	219.60
958.22	215.00
958.52	216.60
958.81	218.20
959.10	213.40
959.39	215.60
959.69	215.00
959.98	215.00
960.27	213.00
960.57	212.20
960.86	208.40
961.15	211.00
961.44	208.00
961.74	207.40
962.03	209.40
962.32	207.60
962.61	205.60
962.91	207.20
963.20	205.80
963.49	206.00
963.78	204.00
964.07	202.40
964.37	204.00
964.66	201.20
964.95	201.20
965.24	202.60
965.53	199.60
965.83	200.60
966.12	202.20
966.41	197.60
966.70	199.60
966.99	197.80
967.28	196.40
967.57	196.00
967.87	196.00
968.16	195.00
968.45	193.00
968.74	194.60
969.03	193.00
969.32	191.40
969.61	191.00
969.90	192.40
970.19	188.40
970.49	190.80
970.78	193.60
971.07	187.80
971.36	186.60
971.65	189.00
971.94	189.60
972.23	187.60
972.52	186.80
972.81	183.20
973.10	187.00
973.39	184.00
973.68	185.20
973.97	184.20
974.26	181.40
974.55	184.40
974.84	182.60
975.13	182.40
975.42	182.20
975.71	182.00
976.00	178.40
976.29	179.00
976.58	179.40
976.87	179.40
977.16	177.80
977.45	175.40
977.74	177.40
978.03	176.40
978.32	176.80
978.60	176.40
978.89	175.60
979.18	172.40
979.47	172.20
979.76	174.00
980.05	171.60
980.34	169.40
980.63	171.00
980.92	173.00
981.20	170.60
981.49	170.60
981.78	171.60
982.07	170.40
982.36	169.80
982.65	170.00
982.94	167.40
983.22	169.20
983.51	166.60
983.80	166.20
984.09	166.20
984.38	166.00
984.66	163.60
984.95	164.00
985.24	161.80
985.53	164.60
985.82	162.60
986.10	163.00
986.39	163.80
986.68	162.20
986.97	163.80
987.25	163.60
987.54	164.00
987.83	161.20
988.12	158.20
988.40	159.40
988.69	160.60
988.98	159.80
989.26	158.40
989.55	160.20
989.84	159.00
990.12	155.80
990.41	157.40
990.70	155.60
990.98	156.80
991.27	157.60
991.56	156.20
991.84	155.00
992.13	152.60
992.42	153.60
992.70	155.20
992.99	156.20
993.28	153.40
993.56	154.60
993.85	153.00
994.13	152.80
994.42	152.60
994.71	150.60
994.99	153.20
995.28	151.00
995.56	151.00
995.85	150.60
996.14	149.80
996.42	150.80
996.71	150.60
996.99	149.80
997.28	149.80
997.56	150.00
997.85	149.80
998.13	148.20
998.42	148.80
998.70	148.00
998.99	148.40
999.27	147.40
999.56	147.20
999.84	147.40
1000.13	148.20
1000.41	146.80
1000.70	147.20
1000.98	147.20
1001.27	147.60
1001.55	145.20
1001.84	145.40
1002.12	145.20
1002.40	144.40
1002.69	145.40
1002.97	147.40
1003.26	144.40
1003.54	144.80
1003.83	146.00
1004.11	146.40
1004.39	145.60
1004.68	142.20
1004.96	143.80
1005.24	142.00
1005.53	143.40
1005.81	143.00
1006.10	141.40
1006.38	141.40
1006.66	142.60
1006.95	142.00
1007.23	142.80
1007.51	141.60
1007.80	141.00
1008.08	141.20
1008.36	140.40
1008.65	141.00
1008.93	142.00
1009.21	141.00
1009.49	141.60
1009.78	140.20
1010.06	140.40
1010.34	139.00
1010.63	139.40
1010.91	138.80
1011.19	138.20
1011.47	137.80
1011.76	139.80
1012.04	141.40
1012.32	140.00
1012.60	140.20
1012.88	138.60
1013.17	138.40
1013.45	137.20
1013.73	136.60
1014.01	137.60
1014.29	138.00
1014.58	137.20
1014.86	138.40
1015.14	137.60
1015.42	137.20
1015.70	136.40
1015.98	135.40
1016.27	135.80
1016.55	135.40
1016.83	136.00
1017.11	135.80
1017.39	135.60
1017.67	135.40
1017.95	134.40
1018.23	134.80
1018.52	134.60
1018.80	133.20
1019.08	133.20
1019.36	133.80
1019.64	133.40
1019.92	134.00
1020.20	133.00
1020.48	134.00
1020.76	134.60
1021.04	133.00
1021.32	133.60
1021.60	133.80
1021.88	132.20
1022.16	133.60
1022.44	131.60
1022.72	132.00
