	0.0	
339.41	0.00
339.79	110.60
340.17	112.20
340.55	113.40
340.94	114.20
341.32	115.80
341.70	116.00
342.08	117.40
342.46	120.40
342.84	119.20
343.22	119.20
343.60	118.80
343.98	118.40
344.36	119.20
344.74	120.20
345.12	119.60
345.50	120.40
345.88	121.40
346.26	120.80
346.64	120.00
347.02	119.00
347.40	118.20
347.78	117.20
348.15	117.40
348.53	119.60
348.91	121.40
349.29	122.40
349.67	121.00
350.05	121.60
350.43	121.20
350.81	122.20
351.19	122.40
351.57	123.60
351.95	123.60
352.33	123.80
352.71	123.00
353.09	122.60
353.47	124.20
353.84	124.40
354.22	123.80
354.60	124.20
354.98	123.40
355.36	123.40
355.74	122.60
356.12	122.60
356.50	123.80
356.88	122.80
357.25	124.20
357.63	124.40
358.01	124.80
358.39	124.80
358.77	125.20
359.15	124.40
359.53	125.20
359.90	126.40
360.28	125.40
360.66	124.80
361.04	125.80
361.42	127.00
361.80	127.40
362.17	128.00
362.55	127.20
362.93	127.00
363.31	128.60
363.69	127.60
364.06	126.40
364.44	126.20
364.82	128.60
365.20	128.40
365.58	128.80
365.95	128.60
366.33	129.60
366.71	128.00
367.09	127.40
367.46	127.80
367.84	129.80
368.22	129.60
368.60	128.60
368.97	129.60
369.35	131.20
369.73	129.60
370.11	129.60
370.48	130.20
370.86	131.60
371.24	133.40
371.62	132.20
371.99	132.60
372.37	133.60
372.75	132.20
373.12	132.00
373.50	131.20
373.88	134.20
374.25	134.00
374.63	133.80
375.01	133.40
375.38	133.80
375.76	134.20
376.14	134.00
376.51	135.80
376.89	135.00
377.27	135.60
377.64	135.80
378.02	137.60
378.40	135.80
378.77	136.40
379.15	136.60
379.53	138.40
379.90	138.40
380.28	139.60
380.66	140.00
381.03	138.40
381.41	140.60
381.78	139.80
382.16	141.80
382.54	140.40
382.91	140.60
383.29	141.80
383.66	142.00
384.04	144.00
384.42	145.60
384.79	142.80
385.17	145.20
385.54	145.00
385.92	146.20
386.29	146.60
386.67	147.20
387.05	145.80
387.42	147.80
387.80	149.40
388.17	150.20
388.55	150.40
388.92	152.20
389.30	153.60
389.67	153.60
390.05	152.60
390.42	153.80
390.80	153.80
391.17	155.40
391.55	156.60
391.92	157.60
392.30	156.20
392.67	157.00
393.05	158.20
393.42	159.20
393.80	161.20
394.17	161.00
394.55	162.00
394.92	160.00
395.30	162.00
395.67	164.40
396.05	167.00
396.42	168.40
396.80	167.20
397.17	168.20
397.55	168.20
397.92	171.60
398.29	172.60
398.67	170.40
399.04	173.80
399.42	172.20
399.79	175.40
400.17	174.00
400.54	176.20
400.91	173.80
401.29	180.20
401.66	178.40
402.04	181.20
402.41	179.80
402.78	180.60
403.16	182.80
403.53	182.00
403.90	184.80
404.28	180.60
404.65	185.60
405.03	186.80
405.40	190.60
405.77	185.40
406.15	190.20
406.52	191.80
406.89	193.40
407.27	191.20
407.64	193.80
408.01	196.40
408.39	197.20
408.76	196.20
409.13	201.20
409.51	202.20
409.88	202.80
410.25	202.20
410.62	203.00
411.00	205.20
411.37	207.20
411.74	204.60
412.12	211.40
412.49	207.80
412.86	210.20
413.23	212.60
413.61	213.40
413.98	219.40
414.35	220.40
414.73	219.00
415.10	213.00
415.47	222.00
415.84	222.60
416.22	219.80
416.59	225.20
416.96	224.20
417.33	227.40
417.70	228.00
418.08	230.60
418.45	230.00
418.82	229.00
419.19	236.80
419.57	241.00
419.94	235.60
420.31	244.20
420.68	242.20
421.05	242.00
421.42	241.40
421.80	245.20
422.17	246.60
422.54	251.60
422.91	249.40
423.28	248.80
423.65	254.60
424.03	253.60
424.40	255.60
424.77	260.60
425.14	258.60
425.51	259.60
425.88	264.80
426.25	266.40
426.63	265.40
427.00	264.60
427.37	271.20
427.74	283.00
428.11	271.40
428.48	276.20
428.85	279.20
429.22	278.80
429.59	283.60
429.97	284.20
430.34	287.40
430.71	287.80
431.08	290.20
431.45	296.00
431.82	296.60
432.19	297.20
432.56	300.60
432.93	302.80
433.30	304.00
433.67	309.80
434.04	310.60
434.41	312.00
434.78	314.20
435.15	319.80
435.52	322.20
435.89	326.20
436.26	326.00
436.63	326.60
437.00	325.20
437.37	332.40
437.74	334.60
438.11	343.60
438.48	341.80
438.85	345.40
439.22	353.80
439.59	357.20
439.96	355.20
440.33	359.60
440.70	366.40
441.07	363.00
441.44	372.40
441.81	365.80
442.18	370.60
442.55	368.40
442.92	378.80
443.29	372.80
443.66	370.60
444.03	377.40
444.40	384.20
444.77	388.80
445.14	386.80
445.51	400.40
445.88	394.20
446.24	392.60
446.61	397.60
446.98	395.40
447.35	411.00
447.72	407.40
448.09	409.20
448.46	403.40
448.83	412.00
449.20	414.00
449.56	412.00
449.93	417.20
450.30	414.00
450.67	430.60
451.04	415.20
451.41	415.80
451.78	431.00
452.14	427.20
452.51	433.40
452.88	432.80
453.25	429.80
453.62	439.40
453.99	436.60
454.35	435.80
454.72	442.00
455.09	441.40
455.46	450.20
455.83	456.80
456.19	457.40
456.56	457.80
456.93	455.40
457.30	466.80
457.66	466.60
458.03	469.80
458.40	470.80
458.77	470.00
459.14	477.80
459.50	479.00
459.87	469.80
460.24	487.20
460.61	478.20
460.97	489.60
461.34	486.20
461.71	489.80
462.07	489.40
462.44	503.60
462.81	510.60
463.18	511.60
463.54	506.00
463.91	520.20
464.28	519.20
464.64	522.00
465.01	519.20
465.38	537.00
465.75	526.80
466.11	537.60
466.48	540.40
466.85	537.40
467.21	539.80
467.58	550.20
467.95	554.40
468.31	557.20
468.68	566.60
469.04	570.40
469.41	583.60
469.78	574.20
470.14	590.40
470.51	591.20
470.88	593.20
471.24	596.60
471.61	612.80
471.98	598.00
472.34	616.20
472.71	624.40
473.07	630.00
473.44	628.60
473.81	641.00
474.17	640.80
474.54	655.80
474.90	658.60
475.27	650.00
475.63	661.40
476.00	670.20
476.37	682.00
476.73	681.20
477.10	701.00
477.46	701.80
477.83	692.20
478.19	715.60
478.56	727.60
478.92	735.80
479.29	738.60
479.65	739.60
480.02	744.40
480.38	756.80
480.75	761.60
481.11	770.40
481.48	784.60
481.84	785.20
482.21	789.20
482.57	799.00
482.94	807.20
483.30	813.40
483.67	824.60
484.03	828.20
484.40	836.20
484.76	840.00
485.13	855.80
485.49	855.80
485.86	864.00
486.22	877.40
486.59	880.20
486.95	877.40
487.31	890.20
487.68	901.60
488.04	910.40
488.41	915.60
488.77	916.00
489.14	920.40
489.50	921.40
489.86	941.60
490.23	935.20
490.59	950.80
490.96	952.60
491.32	951.20
491.68	967.80
492.05	965.60
492.41	974.80
492.77	974.80
493.14	981.20
493.50	998.00
493.87	995.00
494.23	1003.00
494.59	1000.60
494.96	1018.80
495.32	1012.80
495.68	1022.80
496.05	1029.40
496.41	1026.40
496.77	1038.20
497.14	1032.80
497.50	1036.60
497.86	1039.00
498.23	1043.80
498.59	1041.60
498.95	1053.00
499.31	1060.60
499.68	1063.20
500.04	1073.80
500.40	1069.60
500.77	1062.40
501.13	1078.00
501.49	1074.00
501.85	1077.60
502.22	1079.80
502.58	1093.20
502.94	1098.40
503.30	1094.80
503.67	1084.20
504.03	1102.60
504.39	1103.00
504.75	1119.00
505.12	1107.20
505.48	1114.00
505.84	1121.40
506.20	1111.00
506.56	1107.00
506.93	1112.40
507.29	1131.60
507.65	1118.20
508.01	1121.00
508.37	1131.60
508.74	1128.60
509.10	1133.00
509.46	1134.40
509.82	1129.40
510.18	1147.80
510.54	1150.80
510.91	1149.00
511.27	1154.40
511.63	1160.20
511.99	1169.40
512.35	1162.00
512.71	1166.80
513.07	1166.00
513.43	1169.00
513.80	1176.20
514.16	1172.20
514.52	1188.00
514.88	1191.80
515.24	1195.00
515.60	1196.80
515.96	1196.20
516.32	1203.80
516.68	1212.80
517.04	1212.40
517.41	1207.40
517.77	1215.20
518.13	1226.60
518.49	1233.20
518.85	1234.80
519.21	1233.80
519.57	1240.40
519.93	1253.80
520.29	1251.00
520.65	1258.80
521.01	1254.60
521.37	1270.20
521.73	1253.60
522.09	1274.20
522.45	1275.80
522.81	1271.00
523.17	1284.60
523.53	1297.00
523.89	1281.60
524.25	1299.40
524.61	1293.40
524.97	1296.00
525.33	1298.80
525.69	1308.60
526.05	1312.20
526.41	1322.60
526.77	1326.20
527.13	1314.40
527.49	1339.20
527.85	1320.20
528.21	1343.60
528.57	1349.60
528.93	1343.20
529.29	1342.60
529.65	1344.80
530.00	1360.80
530.36	1349.20
530.72	1372.20
531.08	1355.40
531.44	1362.60
531.80	1377.40
532.16	1371.60
532.52	1381.00
532.88	1386.20
533.24	1385.60
533.59	1383.60
533.95	1384.00
534.31	1394.20
534.67	1385.20
535.03	1396.80
535.39	1384.80
535.75	1405.40
536.11	1392.80
536.46	1403.80
536.82	1400.80
537.18	1413.60
537.54	1409.40
537.90	1419.40
538.26	1413.80
538.61	1420.40
538.97	1433.00
539.33	1419.20
539.69	1427.60
540.05	1426.40
540.40	1425.80
540.76	1433.40
541.12	1430.20
541.48	1443.60
541.84	1447.00
542.19	1427.20
542.55	1449.80
542.91	1435.20
543.27	1442.40
543.62	1447.60
543.98	1448.40
544.34	1433.20
544.70	1461.40
545.05	1461.20
545.41	1465.80
545.77	1455.00
546.12	1458.00
546.48	1459.00
546.84	1462.40
547.20	1459.20
547.55	1473.20
547.91	1485.80
548.27	1475.60
548.62	1471.60
548.98	1472.40
549.34	1476.60
549.69	1490.80
550.05	1491.20
550.41	1494.00
550.77	1493.20
551.12	1495.40
551.48	1480.60
551.83	1506.60
552.19	1489.60
552.55	1511.40
552.90	1506.00
553.26	1508.60
553.62	1507.20
553.97	1507.20
554.33	1513.20
554.69	1527.40
555.04	1517.80
555.40	1517.20
555.75	1532.60
556.11	1538.40
556.47	1535.80
556.82	1538.00
557.18	1539.00
557.53	1528.80
557.89	1554.80
558.24	1542.60
558.60	1550.40
558.96	1560.40
559.31	1560.20
559.67	1566.20
560.02	1574.20
560.38	1567.20
560.73	1580.40
561.09	1587.80
561.44	1589.40
561.80	1583.20
562.16	1589.60
562.51	1592.60
562.87	1605.40
563.22	1600.20
563.58	1600.60
563.93	1605.00
564.29	1606.00
564.64	1624.00
565.00	1612.80
565.35	1611.20
565.71	1602.20
566.06	1621.40
566.41	1634.40
566.77	1618.60
567.12	1631.20
567.48	1639.20
567.83	1633.60
568.19	1641.60
568.54	1641.80
568.90	1653.40
569.25	1646.20
569.60	1663.20
569.96	1667.80
570.31	1649.40
570.67	1674.80
571.02	1667.80
571.38	1677.40
571.73	1673.80
572.08	1688.40
572.44	1677.00
572.79	1670.60
573.15	1684.80
573.50	1681.80
573.85	1693.40
574.21	1684.00
574.56	1686.60
574.91	1701.60
575.27	1702.40
575.62	1682.40
575.97	1700.20
576.33	1684.40
576.68	1689.60
577.03	1701.80
577.39	1690.60
577.74	1700.60
578.09	1692.80
578.45	1701.20
578.80	1695.60
579.15	1693.20
579.51	1690.00
579.86	1693.80
580.21	1698.60
580.57	1710.00
580.92	1711.20
581.27	1701.60
581.62	1716.40
581.98	1705.40
582.33	1694.40
582.68	1687.60
583.03	1692.40
583.39	1690.60
583.74	1714.60
584.09	1694.60
584.44	1701.60
584.80	1694.20
585.15	1685.00
585.50	1696.20
585.85	1694.40
586.21	1698.20
586.56	1697.00
586.91	1691.00
587.26	1692.40
587.61	1705.20
587.97	1681.80
588.32	1697.20
588.67	1686.80
589.02	1693.80
589.37	1675.00
589.73	1689.40
590.08	1692.60
590.43	1684.20
590.78	1696.00
591.13	1686.40
591.48	1696.80
591.83	1684.40
592.19	1684.20
592.54	1687.20
592.89	1687.40
593.24	1698.40
593.59	1691.60
593.94	1698.60
594.29	1700.80
594.64	1697.60
595.00	1708.20
595.35	1706.00
595.70	1694.00
596.05	1698.80
596.40	1697.60
596.75	1702.80
597.10	1721.20
597.45	1697.60
597.80	1693.20
598.15	1705.20
598.50	1705.60
598.85	1707.40
599.20	1708.60
599.55	1710.60
599.90	1684.80
600.26	1705.20
600.61	1714.20
600.96	1717.40
601.31	1711.20
601.66	1708.40
602.01	1710.00
602.36	1720.60
602.71	1699.20
603.06	1722.00
603.41	1723.20
603.76	1724.00
604.11	1722.20
604.46	1708.80
604.81	1729.20
605.16	1721.20
605.50	1739.40
605.85	1733.20
606.20	1739.00
606.55	1729.60
606.90	1743.20
607.25	1745.60
607.60	1746.40
607.95	1729.20
608.30	1748.40
608.65	1753.80
609.00	1750.00
609.35	1736.40
609.70	1757.80
610.05	1734.40
610.40	1775.60
610.74	1748.60
611.09	1755.80
611.44	1741.40
611.79	1765.00
612.14	1779.20
612.49	1760.00
612.84	1768.40
613.19	1772.00
613.53	1769.20
613.88	1787.40
614.23	1767.60
614.58	1773.60
614.93	1768.80
615.28	1778.20
615.62	1769.80
615.97	1777.80
616.32	1788.80
616.67	1775.20
617.02	1774.80
617.37	1788.40
617.71	1792.40
618.06	1794.80
618.41	1796.60
618.76	1796.40
619.11	1790.40
619.45	1813.20
619.80	1802.80
620.15	1794.60
620.50	1785.80
620.84	1798.00
621.19	1806.20
621.54	1796.00
621.89	1800.60
622.23	1797.60
622.58	1784.80
622.93	1783.40
623.28	1807.60
623.62	1786.80
623.97	1802.80
624.32	1796.00
624.66	1800.80
625.01	1809.20
625.36	1799.20
625.71	1785.20
626.05	1789.40
626.40	1797.40
626.75	1781.40
627.09	1799.80
627.44	1779.80
627.79	1780.60
628.13	1759.40
628.48	1779.60
628.83	1773.80
629.17	1753.60
629.52	1778.60
629.87	1782.60
630.21	1776.20
630.56	1780.60
630.90	1773.20
631.25	1763.60
631.60	1772.80
631.94	1776.00
632.29	1769.40
632.63	1762.80
632.98	1753.40
633.33	1752.40
633.67	1746.40
634.02	1760.20
634.36	1743.60
634.71	1732.00
635.06	1744.60
635.40	1728.20
635.75	1748.00
636.09	1720.80
636.44	1731.80
636.78	1714.80
637.13	1725.60
637.47	1706.20
637.82	1721.20
638.16	1690.20
638.51	1725.20
638.86	1697.80
639.20	1710.20
639.55	1699.00
639.89	1694.80
640.24	1686.20
640.58	1695.80
640.93	1682.40
641.27	1678.80
641.62	1683.60
641.96	1678.60
642.30	1666.60
642.65	1668.80
642.99	1671.20
643.34	1666.60
643.68	1662.40
644.03	1667.20
644.37	1659.40
644.72	1659.80
645.06	1664.20
645.40	1654.00
645.75	1662.40
646.09	1641.80
646.44	1659.20
646.78	1640.60
647.13	1635.40
647.47	1635.80
647.81	1638.80
648.16	1632.60
648.50	1634.80
648.85	1621.80
649.19	1629.80
649.53	1617.00
649.88	1627.00
650.22	1639.60
650.56	1628.80
650.91	1626.40
651.25	1619.80
651.59	1612.60
651.94	1621.40
652.28	1621.20
652.62	1617.60
652.97	1617.40
653.31	1612.60
653.65	1604.80
654.00	1613.80
654.34	1612.00
654.68	1608.20
655.03	1591.00
655.37	1601.20
655.71	1606.40
656.05	1605.20
656.40	1594.60
656.74	1603.40
657.08	1596.60
657.43	1599.80
657.77	1578.60
658.11	1591.40
658.45	1600.20
658.80	1592.80
659.14	1589.80
659.48	1590.40
659.82	1588.60
660.16	1595.00
660.51	1587.80
660.85	1593.80
661.19	1593.80
661.53	1599.20
661.87	1590.00
662.22	1601.20
662.56	1582.40
662.90	1589.20
663.24	1591.40
663.58	1590.00
663.93	1583.80
664.27	1577.00
664.61	1599.00
664.95	1593.00
665.29	1581.80
665.63	1585.20
665.98	1586.40
666.32	1584.20
666.66	1580.20
667.00	1573.80
667.34	1586.80
667.68	1582.60
668.02	1563.40
668.36	1575.80
668.70	1577.60
669.05	1564.00
669.39	1578.80
669.73	1571.40
670.07	1566.80
670.41	1549.20
670.75	1574.20
671.09	1569.20
671.43	1563.20
671.77	1570.40
672.11	1582.80
672.45	1567.00
672.79	1551.00
673.13	1574.20
673.47	1554.00
673.81	1575.40
674.16	1560.00
674.50	1554.80
674.84	1553.80
675.18	1556.80
675.52	1561.60
675.86	1553.60
676.20	1561.60
676.54	1543.80
676.88	1538.40
677.22	1547.00
677.56	1535.20
677.90	1533.80
678.23	1541.80
678.57	1540.00
678.91	1538.80
679.25	1536.80
679.59	1528.20
679.93	1521.80
680.27	1530.20
680.61	1527.80
680.95	1511.60
681.29	1507.00
681.63	1506.20
681.97	1513.00
682.31	1492.40
682.65	1515.20
682.99	1513.00
683.32	1497.40
683.66	1492.40
684.00	1491.20
684.34	1484.60
684.68	1472.80
685.02	1489.20
685.36	1466.80
685.70	1486.80
686.03	1468.40
686.37	1485.60
686.71	1468.20
687.05	1461.00
687.39	1459.00
687.73	1465.60
688.07	1454.40
688.40	1453.40
688.74	1447.40
689.08	1437.80
689.42	1444.60
689.76	1443.00
690.09	1437.60
690.43	1413.40
690.77	1442.80
691.11	1419.60
691.45	1418.20
691.78	1419.60
692.12	1397.40
692.46	1404.80
692.80	1400.40
693.13	1402.80
693.47	1393.60
693.81	1389.00
694.15	1390.00
694.48	1390.60
694.82	1377.40
695.16	1381.60
695.50	1377.40
695.83	1351.80
696.17	1370.00
696.51	1362.20
696.84	1360.80
697.18	1361.60
697.52	1360.60
697.85	1336.20
698.19	1343.20
698.53	1340.40
698.87	1320.00
699.20	1330.80
699.54	1317.80
699.88	1323.40
700.21	1319.60
700.55	1304.20
700.88	1308.00
701.22	1306.00
701.56	1297.60
701.89	1291.00
702.23	1289.80
702.57	1286.40
702.90	1279.40
703.24	1284.00
703.57	1271.80
703.91	1271.60
704.25	1264.40
704.58	1265.60
704.92	1257.40
705.25	1249.60
705.59	1261.20
705.93	1259.40
706.26	1250.00
706.60	1252.00
706.93	1240.20
707.27	1233.60
707.60	1241.80
707.94	1225.60
708.27	1229.20
708.61	1237.60
708.95	1229.20
709.28	1210.60
709.62	1212.80
709.95	1216.40
710.29	1211.40
710.62	1199.60
710.96	1197.80
711.29	1194.20
711.63	1206.00
711.96	1193.00
712.30	1189.80
712.63	1189.60
712.96	1184.40
713.30	1187.80
713.63	1174.40
713.97	1178.60
714.30	1177.80
714.64	1171.60
714.97	1174.20
715.31	1176.20
715.64	1157.00
715.97	1156.60
716.31	1167.00
716.64	1149.60
716.98	1158.80
717.31	1157.60
717.64	1158.20
717.98	1156.00
718.31	1149.60
718.65	1142.40
718.98	1139.60
719.31	1141.80
719.65	1146.20
719.98	1130.60
720.32	1139.00
720.65	1130.40
720.98	1131.60
721.32	1120.80
721.65	1123.20
721.98	1136.20
722.32	1130.20
722.65	1126.80
722.98	1119.60
723.32	1112.20
723.65	1119.40
723.98	1119.40
724.31	1111.20
724.65	1113.20
724.98	1101.20
725.31	1114.20
725.65	1112.60
725.98	1107.80
726.31	1102.20
726.64	1107.20
726.98	1101.40
727.31	1104.00
727.64	1107.60
727.97	1108.40
728.31	1101.00
728.64	1095.40
728.97	1090.80
729.30	1089.60
729.64	1100.40
729.97	1085.80
730.30	1090.40
730.63	1092.60
730.96	1088.80
731.30	1094.20
731.63	1096.60
731.96	1088.20
732.29	1086.40
732.62	1094.60
732.96	1089.80
733.29	1090.40
733.62	1079.20
733.95	1077.20
734.28	1075.60
734.61	1070.80
734.94	1072.00
735.28	1072.60
735.61	1079.40
735.94	1068.00
736.27	1077.00
736.60	1065.80
736.93	1061.40
737.26	1072.00
737.59	1071.40
737.92	1066.80
738.26	1071.20
738.59	1044.40
738.92	1064.00
739.25	1063.80
739.58	1059.40
739.91	1059.20
740.24	1058.40
740.57	1052.20
740.90	1050.80
741.23	1048.60
741.56	1047.00
741.89	1047.20
742.22	1040.20
742.55	1053.60
742.88	1041.00
743.21	1030.60
743.54	1036.40
743.87	1037.00
744.20	1034.80
744.53	1032.60
744.86	1027.60
745.19	1021.80
745.52	1015.60
745.85	1029.60
746.18	1032.00
746.51	1020.20
746.84	1020.00
747.17	1009.00
747.50	1007.20
747.83	1006.60
748.16	1013.00
748.49	1002.20
748.82	1004.60
749.15	1002.60
749.48	1007.00
749.81	1009.00
750.14	1000.40
750.46	991.40
750.79	989.80
751.12	985.80
751.45	995.80
751.78	981.40
752.11	987.60
752.44	979.60
752.77	978.40
753.10	972.20
753.42	973.20
753.75	963.40
754.08	968.80
754.41	960.20
754.74	958.80
755.07	960.00
755.39	955.00
755.72	958.20
756.05	946.00
756.38	949.00
756.71	949.20
757.04	945.20
757.36	939.40
757.69	939.00
758.02	941.80
758.35	930.00
758.67	935.40
759.00	925.80
759.33	921.80
759.66	921.40
759.99	910.80
760.31	908.00
760.64	908.80
760.97	908.40
761.30	895.20
761.62	898.40
761.95	891.80
762.28	895.40
762.60	875.80
762.93	883.80
763.26	884.80
763.59	875.20
763.91	870.60
764.24	864.20
764.57	876.80
764.89	863.00
765.22	857.40
765.55	859.20
765.87	864.60
766.20	851.80
766.53	857.80
766.85	848.40
767.18	838.20
767.51	842.80
767.83	836.20
768.16	835.00
768.48	827.60
768.81	819.40
769.14	817.80
769.46	817.00
769.79	817.00
770.12	813.40
770.44	803.00
770.77	802.40
771.09	801.60
771.42	790.20
771.74	783.40
772.07	797.00
772.40	781.40
772.72	789.20
773.05	777.40
773.37	775.60
773.70	770.40
774.02	770.80
774.35	773.40
774.67	754.80
775.00	757.80
775.32	758.80
775.65	756.80
775.97	746.60
776.30	750.00
776.63	736.40
776.95	754.80
777.27	733.20
777.60	729.80
777.92	729.80
778.25	735.80
778.57	723.00
778.90	729.40
779.22	723.80
779.55	720.60
779.87	720.60
780.20	714.00
780.52	707.20
780.85	708.20
781.17	699.40
781.49	697.20
781.82	698.00
782.14	686.20
782.47	691.40
782.79	687.80
783.11	681.40
783.44	676.60
783.76	682.80
784.09	673.00
784.41	671.80
784.73	662.80
785.06	654.60
785.38	656.00
785.70	652.20
786.03	657.00
786.35	661.00
786.67	649.20
787.00	654.80
787.32	646.80
787.64	648.80
787.97	651.40
788.29	640.80
788.61	635.60
788.94	640.00
789.26	637.00
789.58	636.80
789.91	640.20
790.23	637.60
790.55	642.60
790.87	631.20
791.20	634.60
791.52	635.00
791.84	631.00
792.16	635.20
792.49	625.80
792.81	632.00
793.13	631.40
793.45	625.20
793.78	635.00
794.10	632.60
794.42	624.80
794.74	631.20
795.06	631.20
795.39	628.80
795.71	629.40
796.03	627.80
796.35	633.00
796.67	622.40
797.00	628.40
797.32	630.80
797.64	624.40
797.96	624.00
798.28	635.60
798.60	640.80
798.93	634.20
799.25	637.20
799.57	638.00
799.89	636.40
800.21	632.00
800.53	632.20
800.85	635.40
801.17	629.80
801.50	633.40
801.82	625.20
802.14	631.60
802.46	630.20
802.78	637.60
803.10	634.00
803.42	625.40
803.74	630.00
804.06	628.20
804.38	628.40
804.70	618.40
805.02	619.80
805.34	629.40
805.66	623.80
805.98	629.60
806.30	630.40
806.62	628.40
806.94	623.00
807.26	617.60
807.58	621.20
807.90	623.20
808.22	625.60
808.54	625.00
808.86	621.00
809.18	617.80
809.50	627.40
809.82	618.40
810.14	610.60
810.46	619.60
810.78	619.00
811.10	622.80
811.42	625.20
811.74	614.80
812.06	621.60
812.38	618.20
812.70	608.60
813.02	606.60
813.34	614.60
813.66	608.00
813.97	612.40
814.29	605.00
814.61	603.40
814.93	612.80
815.25	609.60
815.57	601.60
815.89	613.40
816.21	598.80
816.52	601.60
816.84	603.00
817.16	603.00
817.48	601.60
817.80	600.80
818.12	598.00
818.43	601.40
818.75	595.40
819.07	598.60
819.39	593.00
819.71	601.00
820.03	595.40
820.34	598.60
820.66	585.80
820.98	590.80
821.30	590.80
821.61	580.60
821.93	589.60
822.25	581.20
822.57	587.20
822.88	582.00
823.20	580.20
823.52	580.60
823.84	583.40
824.15	581.20
824.47	576.80
824.79	579.00
825.11	580.80
825.42	583.00
825.74	582.60
826.06	576.60
826.37	577.00
826.69	575.00
827.01	570.60
827.32	574.40
827.64	574.80
827.96	565.80
828.27	575.40
828.59	568.40
828.91	570.00
829.22	565.80
829.54	563.40
829.86	559.60
830.17	565.60
830.49	569.00
830.81	562.60
831.12	563.60
831.44	559.00
831.75	557.00
832.07	552.60
832.39	560.00
832.70	545.40
833.02	554.00
833.33	552.40
833.65	562.80
833.96	553.60
834.28	551.00
834.60	548.00
834.91	544.60
835.23	545.60
835.54	543.80
835.86	540.20
836.17	543.80
836.49	537.40
836.80	538.40
837.12	536.00
837.43	531.60
837.75	533.20
838.06	540.40
838.38	531.20
838.69	529.00
839.01	529.00
839.32	533.80
839.64	527.60
839.95	534.80
840.27	529.60
840.58	528.00
840.90	525.20
841.21	527.40
841.53	520.20
841.84	524.60
842.15	524.60
842.47	520.20
842.78	519.40
843.10	522.00
843.41	518.80
843.72	512.80
844.04	513.40
844.35	511.60
844.67	506.60
844.98	507.20
845.29	505.00
845.61	505.00
845.92	503.40
846.23	501.00
846.55	502.00
846.86	505.40
847.18	492.40
847.49	500.80
847.80	494.80
848.12	488.80
848.43	490.20
848.74	496.60
849.05	486.60
849.37	482.00
849.68	488.40
849.99	479.20
850.31	477.40
850.62	475.20
850.93	474.00
851.24	472.40
851.56	477.60
851.87	470.00
852.18	468.60
852.50	470.40
852.81	470.60
853.12	463.40
853.43	463.00
853.74	460.20
854.06	459.20
854.37	459.40
854.68	458.80
854.99	459.40
855.31	458.60
855.62	454.60
855.93	451.60
856.24	441.60
856.55	443.20
856.87	444.40
857.18	444.20
857.49	447.60
857.80	435.80
858.11	438.80
858.42	431.80
858.73	433.60
859.05	428.00
859.36	427.60
859.67	427.20
859.98	419.60
860.29	425.60
860.60	422.40
860.91	420.60
861.22	418.20
861.54	419.60
861.85	414.60
862.16	421.00
862.47	414.40
862.78	409.00
863.09	407.80
863.40	404.00
863.71	406.60
864.02	403.40
864.33	406.20
864.64	399.20
864.95	399.20
865.26	394.80
865.57	393.00
865.88	391.60
866.19	390.00
866.50	392.00
866.81	392.40
867.12	387.00
867.43	384.60
867.74	380.00
868.05	380.40
868.36	382.20
868.67	379.60
868.98	382.80
869.29	373.20
869.60	374.40
869.91	369.00
870.22	373.40
870.53	374.60
870.84	371.00
871.15	366.20
871.46	367.60
871.77	364.00
872.08	362.80
872.39	357.40
872.69	358.80
873.00	354.60
873.31	358.00
873.62	355.80
873.93	354.40
874.24	354.60
874.55	350.20
874.86	349.60
875.16	348.40
875.47	346.00
875.78	341.40
876.09	342.60
876.40	341.60
876.71	339.60
877.01	336.40
877.32	336.80
877.63	337.40
877.94	328.40
878.25	333.40
878.56	328.60
878.86	331.80
879.17	322.60
879.48	325.40
879.79	322.40
880.09	321.20
880.40	321.80
880.71	320.80
881.02	317.00
881.32	318.20
881.63	312.20
881.94	315.80
882.25	317.20
882.55	313.80
882.86	314.60
883.17	310.60
883.48	309.80
883.78	310.80
884.09	303.60
884.40	302.60
884.70	306.20
885.01	305.60
885.32	306.00
885.62	304.20
885.93	303.60
886.24	305.60
886.54	303.20
886.85	298.60
887.16	300.80
887.46	301.80
887.77	305.60
888.08	299.40
888.38	296.80
888.69	300.00
888.99	297.00
889.30	300.00
889.61	292.60
889.91	296.80
890.22	299.80
890.52	297.00
890.83	297.00
891.14	295.80
891.44	296.60
891.75	297.80
892.05	297.00
892.36	294.80
892.66	293.20
892.97	293.80
893.27	296.80
893.58	290.40
893.89	296.60
894.19	292.00
894.50	291.00
894.80	298.00
895.11	290.40
895.41	299.00
895.72	297.20
896.02	294.60
896.33	294.00
896.63	295.20
896.93	293.60
897.24	292.20
897.54	293.40
897.85	295.00
898.15	297.60
898.46	290.60
898.76	299.00
899.07	292.40
899.37	298.00
899.67	293.20
899.98	295.80
900.28	292.60
900.59	296.20
900.89	295.60
901.19	296.80
901.50	298.60
901.80	295.60
902.11	296.20
902.41	296.20
902.71	295.80
903.02	294.60
903.32	293.60
903.62	295.40
903.93	294.20
904.23	291.20
904.53	292.40
904.84	292.20
905.14	291.40
905.44	290.20
905.75	287.80
906.05	293.00
906.35	296.20
906.66	292.60
906.96	288.60
907.26	292.20
907.56	289.60
907.87	291.80
908.17	288.20
908.47	287.60
908.77	287.80
909.08	282.40
909.38	288.00
909.68	289.20
909.98	280.80
910.29	286.60
910.59	286.60
910.89	288.20
911.19	287.00
911.50	286.60
911.80	285.20
912.10	287.20
912.40	285.20
912.70	286.00
913.00	281.80
913.31	284.40
913.61	284.00
913.91	280.60
914.21	281.40
914.51	284.00
914.81	282.80
915.12	279.80
915.42	278.80
915.72	281.00
916.02	278.80
916.32	282.80
916.62	279.60
916.92	283.40
917.22	276.40
917.52	276.80
917.83	278.60
918.13	273.20
918.43	277.40
918.73	277.20
919.03	273.00
919.33	272.40
919.63	272.40
919.93	272.80
920.23	271.40
920.53	272.00
920.83	273.60
921.13	270.20
921.43	267.60
921.73	266.80
922.03	266.80
922.33	268.80
922.63	269.40
922.93	267.40
923.23	266.80
923.53	268.60
923.83	264.80
924.13	261.80
924.43	269.00
924.73	267.40
925.03	261.40
925.33	261.00
925.63	264.00
925.93	259.80
926.23	261.00
926.53	259.40
926.83	256.40
927.13	257.80
927.42	255.20
927.72	255.40
928.02	257.80
928.32	256.80
928.62	256.20
928.92	255.00
929.22	254.60
929.52	254.20
929.82	255.80
930.11	251.40
930.41	254.80
930.71	252.80
931.01	254.20
931.31	251.80
931.61	252.20
931.90	253.00
932.20	248.60
932.50	249.20
932.80	242.20
933.10	245.60
933.39	246.00
933.69	247.60
933.99	242.20
934.29	245.00
934.59	245.00
934.88	248.00
935.18	242.40
935.48	243.40
935.78	241.80
936.07	242.20
936.37	236.80
936.67	238.40
936.97	237.40
937.26	240.20
937.56	236.80
937.86	233.40
938.15	233.40
938.45	236.40
938.75	234.60
939.05	234.80
939.34	234.40
939.64	231.00
939.94	233.80
940.23	227.20
940.53	231.60
940.83	230.40
941.12	229.80
941.42	229.00
941.71	229.80
942.01	225.40
942.31	229.00
942.60	225.00
942.90	227.40
943.20	224.20
943.49	228.40
943.79	225.40
944.08	220.00
944.38	225.80
944.68	222.60
944.97	222.80
945.27	222.20
945.56	218.20
945.86	220.60
946.15	219.00
946.45	221.60
946.74	222.00
947.04	218.20
947.34	218.60
947.63	215.20
947.93	215.20
948.22	219.80
948.52	214.60
948.81	213.60
949.11	214.20
949.40	209.80
949.70	213.20
949.99	211.40
950.29	212.20
950.58	209.20
950.87	211.00
951.17	206.40
951.46	209.40
951.76	208.00
952.05	208.80
952.35	208.80
952.64	205.80
952.94	205.20
953.23	203.80
953.52	203.20
953.82	204.80
954.11	203.80
954.41	201.00
954.70	203.60
954.99	203.00
955.29	200.80
955.58	199.40
955.87	202.80
956.17	198.80
956.46	199.60
956.76	196.60
957.05	199.20
957.34	196.60
957.64	196.20
957.93	194.20
958.22	195.40
958.52	196.00
958.81	192.60
959.10	193.40
959.39	193.00
959.69	191.40
959.98	193.60
960.27	193.00
960.57	190.80
960.86	190.60
961.15	190.40
961.44	188.00
961.74	187.40
962.03	189.20
962.32	187.40
962.61	185.60
962.91	189.00
963.20	185.40
963.49	186.20
963.78	185.80
964.07	185.20
964.37	185.60
964.66	186.00
964.95	185.40
965.24	184.00
965.53	182.20
965.83	179.80
966.12	181.80
966.41	178.20
966.70	178.20
966.99	178.80
967.28	178.80
967.57	179.20
967.87	178.20
968.16	177.20
968.45	177.80
968.74	177.40
969.03	175.00
969.32	175.60
969.61	177.40
969.90	174.80
970.19	175.60
970.49	173.80
970.78	172.60
971.07	172.60
971.36	172.20
971.65	173.40
971.94	174.00
972.23	172.80
972.52	170.20
972.81	171.80
973.10	169.20
973.39	168.20
973.68	168.60
973.97	168.40
974.26	169.20
974.55	167.60
974.84	165.80
975.13	167.80
975.42	168.80
975.71	166.60
976.00	167.20
976.29	163.00
976.58	162.60
976.87	164.60
977.16	165.80
977.45	165.00
977.74	164.20
978.03	162.80
978.32	161.40
978.60	161.60
978.89	161.20
979.18	162.40
979.47	161.60
979.76	160.80
980.05	160.60
980.34	160.80
980.63	161.20
980.92	161.20
981.20	159.60
981.49	157.60
981.78	157.80
982.07	158.40
982.36	158.00
982.65	156.00
982.94	156.20
983.22	157.00
983.51	154.00
983.80	153.60
984.09	155.20
984.38	156.80
984.66	155.40
984.95	153.60
985.24	156.40
985.53	154.80
985.82	154.20
986.10	151.60
986.39	151.80
986.68	154.40
986.97	154.20
987.25	152.40
987.54	150.60
987.83	152.60
988.12	148.60
988.40	149.20
988.69	148.60
988.98	149.80
989.26	151.60
989.55	149.80
989.84	149.00
990.12	147.80
990.41	150.80
990.70	148.20
990.98	146.00
991.27	146.80
991.56	147.40
991.84	146.20
992.13	146.40
992.42	146.00
992.70	144.60
992.99	147.00
993.28	147.40
993.56	145.40
993.85	145.80
994.13	146.20
994.42	143.20
994.71	144.40
994.99	144.60
995.28	145.20
995.56	143.60
995.85	142.20
996.14	143.00
996.42	143.20
996.71	146.00
996.99	143.80
997.28	142.60
997.56	141.40
997.85	143.40
998.13	142.80
998.42	141.60
998.70	143.00
998.99	142.20
999.27	141.80
999.56	139.80
999.84	140.20
1000.13	140.20
1000.41	141.20
1000.70	139.20
1000.98	139.20
1001.27	140.20
1001.55	140.00
1001.84	138.00
1002.12	140.40
1002.40	139.00
1002.69	139.00
1002.97	139.40
1003.26	137.00
1003.54	137.20
1003.83	139.00
1004.11	137.80
1004.39	137.80
1004.68	137.60
1004.96	136.40
1005.24	137.00
1005.53	137.00
1005.81	135.60
1006.10	136.40
1006.38	138.00
1006.66	137.20
1006.95	137.00
1007.23	137.00
1007.51	137.80
1007.80	137.00
1008.08	134.40
1008.36	135.60
1008.65	136.60
1008.93	134.60
1009.21	134.80
1009.49	135.60
1009.78	133.60
1010.06	133.80
1010.34	134.00
1010.63	134.00
1010.91	136.00
1011.19	135.80
1011.47	134.40
1011.76	134.80
1012.04	133.80
1012.32	133.60
1012.60	133.80
1012.88	133.80
1013.17	134.20
1013.45	134.00
1013.73	133.00
1014.01	133.00
1014.29	133.60
1014.58	131.20
1014.86	132.00
1015.14	133.20
1015.42	133.40
1015.70	132.20
1015.98	131.00
1016.27	131.80
1016.55	133.40
1016.83	131.60
1017.11	130.20
1017.39	130.20
1017.67	130.40
1017.95	131.00
1018.23	132.00
1018.52	132.80
1018.80	132.40
1019.08	132.20
1019.36	132.20
1019.64	130.80
1019.92	130.00
1020.20	129.80
1020.48	130.60
1020.76	128.60
1021.04	129.60
1021.32	130.00
1021.60	128.20
1021.88	127.60
1022.16	128.20
1022.44	126.60
1022.72	126.60
