	0.0	
339.41	0.00
339.79	109.60
340.17	111.40
340.55	113.20
340.94	113.20
341.32	114.40
341.70	115.80
342.08	116.40
342.46	117.20
342.84	118.20
343.22	118.40
343.60	119.40
343.98	120.40
344.36	120.40
344.74	119.00
345.12	118.20
345.50	118.80
345.88	118.20
346.26	118.20
346.64	119.20
347.02	119.60
347.40	119.40
347.78	119.40
348.15	119.40
348.53	120.60
348.91	123.40
349.29	123.40
349.67	123.40
350.05	124.00
350.43	123.60
350.81	122.80
351.19	123.60
351.57	124.40
351.95	124.00
352.33	124.60
352.71	124.60
353.09	124.80
353.47	125.40
353.84	125.00
354.22	125.40
354.60	125.00
354.98	125.80
355.36	127.20
355.74	127.40
356.12	125.80
356.50	125.80
356.88	127.00
357.25	126.60
357.63	129.00
358.01	128.80
358.39	130.20
358.77	129.80
359.15	128.40
359.53	126.60
359.90	128.40
360.28	129.00
360.66	130.60
361.04	130.40
361.42	128.60
361.80	128.20
362.17	128.40
362.55	129.80
362.93	130.60
363.31	130.60
363.69	131.60
364.06	131.20
364.44	131.60
364.82	131.00
365.20	131.60
365.58	132.60
365.95	132.20
366.33	134.20
366.71	133.60
367.09	132.60
367.46	133.00
367.84	133.40
368.22	133.40
368.60	133.20
368.97	134.00
369.35	135.20
369.73	136.00
370.11	136.20
370.48	136.80
370.86	136.40
371.24	137.20
371.62	137.00
371.99	137.20
372.37	138.20
372.75	139.20
373.12	139.40
373.50	138.20
373.88	139.40
374.25	142.20
374.63	140.80
375.01	140.60
375.38	141.00
375.76	140.40
376.14	142.00
376.51	143.00
376.89	143.00
377.27	143.60
377.64	145.20
378.02	144.20
378.40	144.40
378.77	146.20
379.15	146.00
379.53	148.00
379.90	150.20
380.28	149.40
380.66	148.00
381.03	150.00
381.41	151.00
381.78	150.80
382.16	151.40
382.54	155.00
382.91	154.20
383.29	154.20
383.66	154.00
384.04	154.40
384.42	156.40
384.79	157.00
385.17	158.00
385.54	159.00
385.92	161.00
386.29	161.00
386.67	159.20
387.05	162.20
387.42	163.40
387.80	162.60
388.17	163.40
388.55	164.60
388.92	162.80
389.30	168.80
389.67	168.00
390.05	168.80
390.42	170.80
390.80	173.40
391.17	171.40
391.55	174.60
391.92	172.40
392.30	176.40
392.67	175.80
393.05	176.60
393.42	178.20
393.80	180.20
394.17	180.80
394.55	182.40
394.92	182.00
395.30	185.00
395.67	186.40
396.05	186.00
396.42	189.40
396.80	189.80
397.17	193.00
397.55	188.80
397.92	192.20
398.29	195.80
398.67	196.40
399.04	193.00
399.42	201.20
399.79	203.80
400.17	201.20
400.54	200.60
400.91	204.00
401.29	206.60
401.66	207.40
402.04	206.80
402.41	209.20
402.78	211.80
403.16	209.00
403.53	211.40
403.90	215.00
404.28	216.00
404.65	218.00
405.03	220.00
405.40	219.40
405.77	223.20
406.15	225.20
406.52	225.20
406.89	224.80
407.27	222.00
407.64	226.00
408.01	230.60
408.39	232.80
408.76	237.00
409.13	238.40
409.51	237.20
409.88	238.20
410.25	242.20
410.62	241.00
411.00	247.40
411.37	251.20
411.74	243.80
412.12	252.20
412.49	247.80
412.86	256.40
413.23	254.40
413.61	260.20
413.98	264.20
414.35	261.20
414.73	267.00
415.10	259.20
415.47	270.00
415.84	271.20
416.22	267.80
416.59	272.40
416.96	277.00
417.33	278.40
417.70	281.00
418.08	288.00
418.45	286.20
418.82	283.40
419.19	293.60
419.57	297.60
419.94	294.60
420.31	297.00
420.68	294.20
421.05	297.00
421.42	301.20
421.80	299.20
422.17	306.60
422.54	316.40
422.91	309.40
423.28	310.20
423.65	312.00
424.03	317.60
424.40	323.80
424.77	322.20
425.14	324.20
425.51	324.00
425.88	333.00
426.25	334.40
426.63	333.80
427.00	333.80
427.37	346.00
427.74	357.60
428.11	345.40
428.48	352.00
428.85	354.80
429.22	353.40
429.59	359.60
429.97	362.00
430.34	365.60
430.71	365.60
431.08	372.60
431.45	384.80
431.82	380.80
432.19	379.60
432.56	388.40
432.93	387.40
433.30	390.20
433.67	395.40
434.04	396.40
434.41	402.60
434.78	408.20
435.15	409.60
435.52	424.40
435.89	428.40
436.26	424.00
436.63	423.80
437.00	432.00
437.37	432.80
437.74	433.80
438.11	448.60
438.48	437.20
438.85	450.80
439.22	461.40
439.59	471.80
439.96	459.00
440.33	469.00
440.70	476.20
441.07	471.00
441.44	487.60
441.81	475.40
442.18	477.60
442.55	484.20
442.92	497.00
443.29	493.80
443.66	484.00
444.03	503.20
444.40	499.80
444.77	515.00
445.14	508.00
445.51	520.20
445.88	520.00
446.24	520.40
446.61	533.80
446.98	512.80
447.35	542.80
447.72	535.00
448.09	536.60
448.46	527.40
448.83	543.00
449.20	544.20
449.56	543.40
449.93	552.00
450.30	544.40
450.67	565.40
451.04	547.00
451.41	552.20
451.78	574.00
452.14	566.80
452.51	572.80
452.88	572.40
453.25	568.20
453.62	583.20
453.99	581.40
454.35	580.00
454.72	591.40
455.09	595.80
455.46	600.40
455.83	615.40
456.19	611.80
456.56	612.20
456.93	614.60
457.30	618.00
457.66	625.60
458.03	631.40
458.40	623.80
458.77	632.20
459.14	646.80
459.50	637.20
459.87	620.00
460.24	648.60
460.61	643.60
460.97	656.00
461.34	651.20
461.71	654.60
462.07	656.00
462.44	675.00
462.81	693.80
463.18	689.40
463.54	689.60
463.91	709.00
464.28	697.80
464.64	695.40
465.01	700.40
465.38	721.80
465.75	706.00
466.11	722.60
466.48	729.00
466.85	722.00
467.21	724.40
467.58	736.40
467.95	743.60
468.31	751.40
468.68	757.80
469.04	767.80
469.41	791.00
469.78	782.80
470.14	793.20
470.51	800.00
470.88	804.40
471.24	804.80
471.61	822.40
471.98	822.00
472.34	844.60
472.71	850.00
473.07	865.80
473.44	856.60
473.81	876.60
474.17	867.40
474.54	894.20
474.90	901.60
475.27	894.60
475.63	907.20
476.00	917.40
476.37	921.40
476.73	933.60
477.10	961.60
477.46	964.60
477.83	966.40
478.19	976.80
478.56	1000.20
478.92	1004.00
479.29	1016.80
479.65	1020.60
480.02	1021.80
480.38	1044.80
480.75	1056.60
481.11	1053.80
481.48	1075.80
481.84	1089.40
482.21	1090.80
482.57	1107.80
482.94	1110.80
483.30	1120.00
483.67	1134.80
484.03	1143.40
484.40	1158.00
484.76	1166.20
485.13	1183.80
485.49	1188.00
485.86	1199.60
486.22	1206.80
486.59	1221.20
486.95	1230.40
487.31	1235.60
487.68	1246.00
488.04	1257.40
488.41	1271.00
488.77	1256.60
489.14	1275.80
489.50	1283.20
489.86	1301.40
490.23	1294.80
490.59	1314.80
490.96	1327.40
491.32	1325.00
491.68	1345.00
492.05	1332.80
492.41	1356.40
492.77	1350.20
493.14	1356.60
493.50	1379.00
493.87	1379.60
494.23	1392.80
494.59	1390.00
494.96	1403.40
495.32	1406.40
495.68	1421.20
496.05	1425.60
496.41	1423.80
496.77	1438.80
497.14	1433.60
497.50	1440.60
497.86	1451.20
498.23	1454.00
498.59	1435.00
498.95	1453.20
499.31	1465.60
499.68	1469.00
500.04	1477.40
500.40	1482.40
500.77	1477.80
501.13	1496.40
501.49	1480.40
501.85	1497.00
502.22	1490.60
502.58	1505.80
502.94	1506.60
503.30	1512.00
503.67	1508.60
504.03	1529.80
504.39	1516.60
504.75	1532.00
505.12	1529.80
505.48	1546.40
505.84	1536.40
506.20	1533.20
506.56	1543.80
506.93	1537.40
507.29	1568.00
507.65	1551.80
508.01	1562.80
508.37	1581.00
508.74	1563.60
509.10	1579.80
509.46	1580.80
509.82	1576.60
510.18	1601.80
510.54	1587.80
510.91	1593.60
511.27	1602.60
511.63	1613.60
511.99	1607.40
512.35	1606.80
512.71	1618.20
513.07	1625.60
513.43	1626.20
513.80	1623.80
514.16	1628.00
514.52	1643.20
514.88	1648.20
515.24	1654.20
515.60	1671.40
515.96	1664.40
516.32	1684.60
516.68	1671.80
517.04	1683.60
517.41	1682.60
517.77	1685.20
518.13	1687.80
518.49	1697.40
518.85	1714.20
519.21	1717.80
519.57	1732.00
519.93	1733.80
520.29	1732.20
520.65	1740.00
521.01	1749.20
521.37	1745.80
521.73	1739.20
522.09	1763.80
522.45	1768.20
522.81	1765.60
523.17	1775.20
523.53	1785.40
523.89	1777.20
524.25	1787.60
524.61	1790.20
524.97	1789.60
525.33	1806.80
525.69	1800.20
526.05	1826.40
526.41	1825.80
526.77	1837.80
527.13	1836.80
527.49	1845.20
527.85	1830.60
528.21	1857.40
528.57	1862.40
528.93	1861.40
529.29	1856.60
529.65	1869.60
530.00	1870.40
530.36	1867.40
530.72	1893.20
531.08	1887.20
531.44	1889.20
531.80	1894.60
532.16	1904.60
532.52	1903.00
532.88	1914.60
533.24	1894.00
533.59	1926.40
533.95	1908.00
534.31	1934.20
534.67	1909.60
535.03	1938.80
535.39	1923.80
535.75	1938.00
536.11	1939.80
536.46	1948.40
536.82	1943.40
537.18	1940.40
537.54	1946.00
537.90	1961.60
538.26	1944.00
538.61	1956.00
538.97	1963.20
539.33	1971.00
539.69	1968.40
540.05	1972.80
540.40	1960.60
540.76	1980.80
541.12	1978.20
541.48	1996.60
541.84	1977.60
542.19	1987.20
542.55	1986.80
542.91	1986.80
543.27	1998.00
543.62	2000.60
543.98	1996.80
544.34	1996.00
544.70	2022.20
545.05	2029.20
545.41	2018.80
545.77	2017.60
546.12	2025.60
546.48	2012.40
546.84	2022.20
547.20	2018.80
547.55	2005.20
547.91	2049.00
548.27	2031.40
548.62	2032.60
548.98	2043.40
549.34	2041.00
549.69	2057.40
550.05	2055.60
550.41	2051.80
550.77	2045.00
551.12	2056.20
551.48	2056.80
551.83	2067.60
552.19	2055.80
552.55	2068.00
552.90	2073.00
553.26	2082.60
553.62	2092.20
553.97	2085.00
554.33	2089.40
554.69	2108.80
555.04	2097.00
555.40	2097.80
555.75	2113.00
556.11	2132.20
556.47	2115.60
556.82	2114.20
557.18	2134.40
557.53	2115.40
557.89	2128.60
558.24	2126.80
558.60	2119.40
558.96	2143.40
559.31	2140.80
559.67	2152.40
560.02	2161.00
560.38	2130.60
560.73	2176.00
561.09	2172.00
561.44	2188.60
561.80	2169.20
562.16	2185.00
562.51	2195.40
562.87	2214.20
563.22	2195.00
563.58	2207.60
563.93	2213.80
564.29	2197.60
564.64	2224.60
565.00	2202.80
565.35	2218.20
565.71	2202.00
566.06	2235.00
566.41	2252.80
566.77	2230.60
567.12	2247.60
567.48	2257.00
567.83	2248.00
568.19	2255.80
568.54	2273.60
568.90	2272.60
569.25	2279.00
569.60	2285.80
569.96	2285.20
570.31	2262.40
570.67	2279.00
571.02	2295.00
571.38	2289.40
571.73	2298.80
572.08	2316.40
572.44	2296.20
572.79	2304.60
573.15	2297.00
573.50	2294.40
573.85	2326.20
574.21	2315.20
574.56	2302.00
574.91	2336.40
575.27	2326.60
575.62	2317.00
575.97	2312.40
576.33	2325.80
576.68	2331.40
577.03	2325.40
577.39	2328.00
577.74	2331.60
578.09	2323.40
578.45	2329.80
578.80	2322.20
579.15	2322.40
579.51	2328.20
579.86	2326.60
580.21	2344.00
580.57	2336.80
580.92	2330.00
581.27	2333.80
581.62	2340.00
581.98	2317.80
582.33	2330.40
582.68	2310.40
583.03	2322.00
583.39	2313.40
583.74	2324.40
584.09	2314.20
584.44	2321.40
584.80	2316.00
585.15	2299.80
585.50	2319.20
585.85	2317.20
586.21	2313.60
586.56	2320.20
586.91	2330.20
587.26	2321.40
587.61	2335.00
587.97	2311.20
588.32	2330.20
588.67	2319.00
589.02	2332.20
589.37	2300.00
589.73	2311.00
590.08	2309.40
590.43	2310.40
590.78	2308.80
591.13	2307.80
591.48	2312.80
591.83	2293.40
592.19	2303.20
592.54	2301.40
592.89	2311.00
593.24	2314.60
593.59	2311.20
593.94	2313.40
594.29	2323.80
594.64	2316.60
595.00	2321.20
595.35	2327.20
595.70	2298.60
596.05	2309.40
596.40	2303.20
596.75	2327.80
597.10	2341.40
597.45	2307.80
597.80	2330.20
598.15	2327.20
598.50	2315.00
598.85	2330.60
599.20	2316.80
599.55	2334.20
599.90	2325.60
600.26	2325.40
600.61	2334.60
600.96	2337.20
601.31	2326.20
601.66	2336.20
602.01	2340.80
602.36	2351.20
602.71	2344.40
603.06	2343.60
603.41	2350.80
603.76	2341.80
604.11	2348.00
604.46	2327.20
604.81	2358.60
605.16	2347.60
605.50	2360.40
605.85	2365.20
606.20	2372.80
606.55	2370.00
606.90	2357.60
607.25	2363.60
607.60	2359.60
607.95	2374.00
608.30	2370.80
608.65	2394.20
609.00	2388.40
609.35	2376.40
609.70	2390.20
610.05	2368.00
610.40	2393.40
610.74	2388.20
611.09	2383.60
611.44	2378.00
611.79	2390.60
612.14	2410.60
612.49	2396.40
612.84	2396.20
613.19	2410.40
613.53	2404.20
613.88	2424.60
614.23	2422.40
614.58	2401.60
614.93	2411.20
615.28	2421.80
615.62	2407.80
615.97	2406.80
616.32	2429.60
616.67	2412.20
617.02	2406.60
617.37	2424.00
617.71	2424.00
618.06	2439.60
618.41	2432.20
618.76	2439.40
619.11	2445.60
619.45	2430.60
619.80	2452.00
620.15	2424.60
620.50	2426.40
620.84	2445.40
621.19	2447.40
621.54	2438.60
621.89	2448.80
622.23	2426.40
622.58	2455.20
622.93	2426.20
623.28	2439.60
623.62	2424.80
623.97	2444.60
624.32	2446.20
624.66	2429.40
625.01	2437.20
625.36	2430.40
625.71	2427.00
626.05	2428.40
626.40	2423.80
626.75	2412.80
627.09	2411.60
627.44	2401.20
627.79	2417.00
628.13	2394.00
628.48	2421.60
628.83	2388.80
629.17	2365.20
629.52	2417.20
629.87	2414.40
630.21	2413.00
630.56	2412.40
630.90	2401.80
631.25	2402.80
631.60	2397.60
631.94	2393.60
632.29	2387.20
632.63	2396.80
632.98	2380.40
633.33	2374.60
633.67	2368.20
634.02	2376.60
634.36	2360.00
634.71	2344.60
635.06	2377.60
635.40	2331.80
635.75	2361.00
636.09	2332.20
636.44	2344.80
636.78	2329.60
637.13	2325.80
637.47	2324.00
637.82	2337.00
638.16	2299.60
638.51	2318.00
638.86	2296.00
639.20	2327.40
639.55	2289.80
639.89	2292.20
640.24	2286.20
640.58	2294.60
640.93	2274.00
641.27	2279.20
641.62	2282.80
641.96	2277.00
642.30	2254.20
642.65	2253.20
642.99	2275.60
643.34	2252.80
643.68	2242.20
644.03	2247.20
644.37	2242.40
644.72	2233.20
645.06	2243.20
645.40	2248.60
645.75	2247.40
646.09	2222.80
646.44	2238.60
646.78	2230.80
647.13	2229.80
647.47	2197.40
647.81	2222.00
648.16	2192.60
648.50	2216.20
648.85	2206.60
649.19	2199.40
649.53	2195.00
649.88	2204.00
650.22	2206.00
650.56	2168.40
650.91	2183.40
651.25	2184.20
651.59	2169.00
651.94	2173.80
652.28	2178.40
652.62	2179.00
652.97	2180.00
653.31	2174.40
653.65	2171.00
654.00	2183.80
654.34	2182.40
654.68	2170.60
655.03	2151.20
655.37	2174.20
655.71	2172.40
656.05	2159.20
656.40	2159.40
656.74	2150.00
657.08	2161.00
657.43	2163.00
657.77	2136.60
658.11	2160.00
658.45	2164.00
658.80	2145.60
659.14	2147.00
659.48	2133.60
659.82	2158.20
660.16	2169.00
660.51	2138.80
660.85	2150.60
661.19	2147.40
661.53	2154.80
661.87	2144.00
662.22	2146.20
662.56	2131.60
662.90	2146.80
663.24	2127.40
663.58	2130.80
663.93	2140.20
664.27	2115.80
664.61	2142.80
664.95	2138.80
665.29	2119.60
665.63	2110.60
665.98	2124.20
666.32	2136.80
666.66	2118.20
667.00	2123.40
667.34	2120.60
667.68	2126.00
668.02	2091.60
668.36	2111.80
668.70	2129.20
669.05	2099.20
669.39	2117.00
669.73	2100.20
670.07	2103.40
670.41	2108.80
670.75	2108.80
671.09	2104.60
671.43	2110.20
671.77	2118.80
672.11	2117.00
672.45	2119.00
672.79	2093.40
673.13	2118.40
673.47	2087.20
673.81	2112.80
674.16	2098.00
674.50	2087.60
674.84	2096.00
675.18	2080.80
675.52	2098.20
675.86	2066.80
676.20	2090.40
676.54	2079.80
676.88	2061.60
677.22	2070.40
677.56	2046.80
677.90	2073.60
678.23	2068.40
678.57	2046.80
678.91	2056.20
679.25	2066.60
679.59	2047.80
679.93	2043.20
680.27	2045.80
680.61	2044.20
680.95	2033.00
681.29	2023.00
681.63	2006.60
681.97	2037.00
682.31	1996.20
682.65	2024.00
682.99	2035.80
683.32	2007.20
683.66	2011.00
684.00	2003.00
684.34	1991.20
684.68	1970.80
685.02	2001.80
685.36	1988.60
685.70	1989.20
686.03	1983.20
686.37	1987.20
686.71	1976.20
687.05	1960.00
687.39	1962.80
687.73	1963.20
688.07	1947.40
688.40	1951.00
688.74	1954.20
689.08	1931.80
689.42	1942.80
689.76	1923.80
690.09	1919.80
690.43	1902.60
690.77	1932.40
691.11	1888.40
691.45	1881.20
691.78	1903.40
692.12	1877.60
692.46	1879.40
692.80	1877.40
693.13	1880.80
693.47	1871.60
693.81	1859.60
694.15	1852.40
694.48	1839.40
694.82	1832.80
695.16	1857.00
695.50	1827.60
695.83	1810.40
696.17	1827.20
696.51	1809.40
696.84	1806.80
697.18	1806.20
697.52	1807.00
697.85	1787.20
698.19	1777.00
698.53	1777.40
698.87	1764.60
699.20	1758.40
699.54	1760.80
699.88	1756.60
700.21	1750.00
700.55	1736.80
700.88	1742.40
701.22	1719.20
701.56	1725.60
701.89	1725.40
702.23	1712.80
702.57	1713.60
702.90	1689.60
703.24	1709.20
703.57	1701.40
703.91	1682.40
704.25	1690.80
704.58	1685.80
704.92	1674.40
705.25	1665.00
705.59	1664.20
705.93	1666.60
706.26	1661.00
706.60	1654.60
706.93	1638.40
707.27	1636.20
707.60	1653.20
707.94	1631.80
708.27	1625.80
708.61	1627.20
708.95	1624.00
709.28	1605.80
709.62	1616.60
709.95	1619.00
710.29	1619.60
710.62	1590.40
710.96	1603.00
711.29	1580.20
711.63	1591.80
711.96	1587.00
712.30	1591.60
712.63	1578.40
712.96	1569.60
713.30	1579.00
713.63	1563.60
713.97	1572.40
714.30	1560.40
714.64	1553.00
714.97	1552.60
715.31	1562.00
715.64	1548.40
715.97	1548.00
716.31	1542.20
716.64	1527.00
716.98	1539.80
717.31	1534.00
717.64	1531.20
717.98	1522.80
718.31	1535.00
718.65	1518.80
718.98	1511.00
719.31	1518.60
719.65	1519.80
719.98	1497.80
720.32	1513.40
720.65	1508.60
720.98	1495.00
721.32	1503.40
721.65	1495.00
721.98	1503.60
722.32	1506.20
722.65	1498.80
722.98	1482.00
723.32	1487.40
723.65	1473.80
723.98	1487.20
724.31	1475.40
724.65	1480.00
724.98	1479.20
725.31	1460.60
725.65	1482.80
725.98	1468.00
726.31	1466.60
726.64	1450.20
726.98	1463.80
727.31	1456.60
727.64	1466.00
727.97	1464.00
728.31	1452.40
728.64	1451.00
728.97	1448.20
729.30	1449.00
729.64	1469.20
729.97	1440.80
730.30	1446.80
730.63	1445.80
730.96	1442.60
731.30	1442.40
731.63	1444.40
731.96	1438.00
732.29	1442.40
732.62	1440.80
732.96	1437.20
733.29	1438.60
733.62	1433.60
733.95	1430.80
734.28	1422.00
734.61	1414.00
734.94	1417.00
735.28	1416.40
735.61	1419.20
735.94	1414.80
736.27	1418.80
736.60	1412.20
736.93	1409.20
737.26	1405.00
737.59	1404.60
737.92	1412.40
738.26	1404.00
738.59	1401.20
738.92	1406.80
739.25	1399.20
739.58	1398.40
739.91	1406.80
740.24	1391.20
740.57	1388.60
740.90	1397.20
741.23	1385.20
741.56	1380.20
741.89	1382.00
742.22	1367.80
742.55	1377.60
742.88	1374.40
743.21	1362.00
743.54	1362.60
743.87	1366.60
744.20	1363.00
744.53	1354.00
744.86	1360.60
745.19	1343.40
745.52	1350.00
745.85	1364.20
746.18	1353.00
746.51	1342.60
746.84	1355.80
747.17	1334.20
747.50	1332.40
747.83	1334.40
748.16	1324.00
748.49	1319.00
748.82	1317.60
749.15	1332.60
749.48	1325.40
749.81	1323.20
750.14	1304.20
750.46	1315.40
750.79	1300.40
751.12	1298.80
751.45	1301.60
751.78	1292.20
752.11	1306.20
752.44	1292.40
752.77	1288.80
753.10	1280.20
753.42	1269.60
753.75	1277.20
754.08	1278.00
754.41	1261.40
754.74	1265.00
755.07	1252.00
755.39	1258.60
755.72	1262.60
756.05	1240.00
756.38	1256.20
756.71	1249.80
757.04	1239.60
757.36	1232.00
757.69	1228.60
758.02	1222.60
758.35	1216.60
758.67	1219.40
759.00	1217.00
759.33	1216.20
759.66	1205.60
759.99	1187.40
760.31	1193.80
760.64	1184.60
760.97	1190.00
761.30	1170.80
761.62	1176.20
761.95	1172.40
762.28	1175.60
762.60	1153.40
762.93	1158.00
763.26	1150.20
763.59	1150.40
763.91	1146.80
764.24	1140.80
764.57	1154.40
764.89	1131.00
765.22	1124.00
765.55	1130.60
765.87	1133.20
766.20	1115.40
766.53	1114.80
766.85	1120.80
767.18	1107.60
767.51	1107.60
767.83	1092.20
768.16	1088.80
768.48	1091.60
768.81	1083.60
769.14	1074.60
769.46	1074.60
769.79	1074.20
770.12	1059.80
770.44	1058.40
770.77	1057.80
771.09	1053.80
771.42	1035.00
771.74	1034.00
772.07	1036.60
772.40	1022.00
772.72	1023.20
773.05	1025.40
773.37	1022.00
773.70	1007.20
774.02	1006.00
774.35	1006.80
774.67	991.20
775.00	986.00
775.32	983.60
775.65	976.00
775.97	978.40
776.30	975.80
776.63	966.40
776.95	967.60
777.27	965.60
777.60	952.20
777.92	948.80
778.25	951.00
778.57	943.80
778.90	942.80
779.22	928.20
779.55	934.60
779.87	929.80
780.20	923.80
780.52	915.80
780.85	909.40
781.17	912.80
781.49	896.80
781.82	907.00
782.14	893.00
782.47	890.40
782.79	880.00
783.11	883.40
783.44	873.40
783.76	879.60
784.09	870.80
784.41	872.40
784.73	864.40
785.06	855.20
785.38	854.00
785.70	852.80
786.03	852.00
786.35	844.40
786.67	842.20
787.00	845.60
787.32	835.80
787.64	839.80
787.97	835.00
788.29	828.40
788.61	825.20
788.94	820.80
789.26	822.60
789.58	825.20
789.91	822.60
790.23	820.00
790.55	822.20
790.87	812.40
791.20	815.00
791.52	821.60
791.84	806.80
792.16	817.80
792.49	809.40
792.81	803.60
793.13	809.20
793.45	802.80
793.78	808.20
794.10	806.00
794.42	803.60
794.74	804.40
795.06	808.40
795.39	813.80
795.71	809.20
796.03	803.00
796.35	810.20
796.67	801.60
797.00	811.60
797.32	806.60
797.64	810.60
797.96	804.60
798.28	815.40
798.60	821.00
798.93	817.00
799.25	815.20
799.57	816.20
799.89	814.40
800.21	808.20
800.53	812.00
800.85	815.40
801.17	813.00
801.50	805.80
801.82	804.40
802.14	806.00
802.46	801.00
802.78	808.60
803.10	815.00
803.42	803.00
803.74	809.80
804.06	804.80
804.38	812.00
804.70	801.00
805.02	807.80
805.34	812.40
805.66	809.40
805.98	808.80
806.30	820.40
806.62	796.40
806.94	802.20
807.26	799.60
807.58	795.40
807.90	802.40
808.22	799.00
808.54	796.40
808.86	800.40
809.18	789.60
809.50	797.20
809.82	795.20
810.14	792.80
810.46	791.40
810.78	790.20
811.10	794.40
811.42	789.20
811.74	785.20
812.06	799.00
812.38	788.40
812.70	780.20
813.02	779.00
813.34	776.80
813.66	777.20
813.97	786.00
814.29	786.80
814.61	769.40
814.93	775.60
815.25	771.20
815.57	773.80
815.89	777.60
816.21	765.20
816.52	772.20
816.84	771.40
817.16	766.60
817.48	768.80
817.80	763.00
818.12	765.80
818.43	762.40
818.75	763.00
819.07	756.80
819.39	756.20
819.71	764.60
820.03	748.00
820.34	759.60
820.66	756.60
820.98	746.40
821.30	752.00
821.61	740.80
821.93	756.00
822.25	745.40
822.57	749.80
822.88	742.00
823.20	737.20
823.52	745.60
823.84	739.80
824.15	737.60
824.47	736.80
824.79	739.20
825.11	740.00
825.42	745.40
825.74	747.60
826.06	738.00
826.37	738.40
826.69	730.00
827.01	731.80
827.32	727.40
827.64	728.20
827.96	712.80
828.27	730.40
828.59	720.20
828.91	725.00
829.22	721.80
829.54	717.60
829.86	718.20
830.17	719.20
830.49	721.40
830.81	715.40
831.12	707.00
831.44	707.80
831.75	708.20
832.07	712.40
832.39	710.80
832.70	699.20
833.02	699.80
833.33	699.00
833.65	694.40
833.96	697.00
834.28	692.80
834.60	697.80
834.91	688.60
835.23	699.00
835.54	682.80
835.86	693.20
836.17	690.60
836.49	685.00
836.80	689.60
837.12	684.40
837.43	691.60
837.75	679.20
838.06	683.20
838.38	671.60
838.69	680.80
839.01	672.60
839.32	673.80
839.64	670.60
839.95	665.80
840.27	666.80
840.58	666.40
840.90	664.80
841.21	668.20
841.53	660.60
841.84	661.00
842.15	658.20
842.47	657.40
842.78	652.80
843.10	649.60
843.41	651.20
843.72	645.60
844.04	645.00
844.35	643.00
844.67	641.80
844.98	635.60
845.29	631.20
845.61	628.60
845.92	630.00
846.23	630.20
846.55	636.80
846.86	628.20
847.18	622.80
847.49	615.60
847.80	619.00
848.12	617.00
848.43	610.20
848.74	612.60
849.05	609.60
849.37	606.40
849.68	607.00
849.99	601.40
850.31	601.00
850.62	595.60
850.93	596.40
851.24	591.20
851.56	587.00
851.87	581.80
852.18	582.60
852.50	586.00
852.81	590.00
853.12	581.60
853.43	582.20
853.74	574.40
854.06	573.20
854.37	570.20
854.68	572.80
854.99	571.40
855.31	575.80
855.62	558.80
855.93	566.20
856.24	560.60
856.55	552.20
856.87	552.60
857.18	551.20
857.49	548.60
857.80	548.60
858.11	536.00
858.42	542.20
858.73	544.80
859.05	540.60
859.36	531.00
859.67	536.40
859.98	528.40
860.29	529.00
860.60	534.60
860.91	522.20
861.22	522.40
861.54	517.00
861.85	516.60
862.16	518.20
862.47	508.00
862.78	509.80
863.09	504.00
863.40	506.00
863.71	502.60
864.02	503.80
864.33	497.20
864.64	494.60
864.95	498.20
865.26	486.20
865.57	485.40
865.88	485.00
866.19	485.00
866.50	474.80
866.81	481.00
867.12	476.00
867.43	478.80
867.74	472.80
868.05	469.60
868.36	474.20
868.67	470.00
868.98	465.40
869.29	464.20
869.60	459.40
869.91	465.60
870.22	459.40
870.53	458.80
870.84	450.20
871.15	445.80
871.46	448.60
871.77	450.20
872.08	446.20
872.39	443.00
872.69	437.20
873.00	434.40
873.31	432.20
873.62	435.60
873.93	426.60
874.24	431.20
874.55	430.20
874.86	423.60
875.16	419.40
875.47	419.20
875.78	422.00
876.09	416.20
876.40	414.60
876.71	405.60
877.01	410.20
877.32	408.60
877.63	406.40
877.94	406.20
878.25	402.20
878.56	398.40
878.86	401.40
879.17	397.60
879.48	396.00
879.79	393.20
880.09	393.00
880.40	392.40
880.71	387.80
881.02	386.00
881.32	379.40
881.63	379.80
881.94	388.20
882.25	381.20
882.55	376.80
882.86	376.80
883.17	376.40
883.48	377.20
883.78	377.40
884.09	366.00
884.40	366.00
884.70	368.20
885.01	363.60
885.32	363.40
885.62	370.40
885.93	366.20
886.24	366.20
886.54	360.40
886.85	359.00
887.16	363.40
887.46	355.20
887.77	360.20
888.08	357.20
888.38	359.00
888.69	362.60
888.99	357.80
889.30	354.60
889.61	361.20
889.91	360.00
890.22	357.00
890.52	358.60
890.83	353.80
891.14	351.20
891.44	351.40
891.75	356.60
892.05	349.60
892.36	358.60
892.66	357.20
892.97	346.20
893.27	352.20
893.58	354.00
893.89	357.40
894.19	352.80
894.50	350.00
894.80	347.80
895.11	353.20
895.41	353.00
895.72	351.60
896.02	347.40
896.33	352.80
896.63	356.00
896.93	348.00
897.24	348.00
897.54	354.00
897.85	352.00
898.15	355.60
898.46	349.60
898.76	352.80
899.07	349.60
899.37	354.00
899.67	352.60
899.98	352.40
900.28	352.20
900.59	350.60
900.89	351.80
901.19	351.00
901.50	358.60
901.80	350.80
902.11	351.00
902.41	355.20
902.71	355.60
903.02	354.40
903.32	350.80
903.62	351.40
903.93	349.80
904.23	351.40
904.53	354.80
904.84	353.00
905.14	350.00
905.44	348.20
905.75	344.00
906.05	349.00
906.35	353.20
906.66	349.20
906.96	345.80
907.26	349.60
907.56	346.20
907.87	346.40
908.17	346.60
908.47	338.80
908.77	346.60
909.08	341.40
909.38	344.00
909.68	348.80
909.98	342.40
910.29	340.60
910.59	346.00
910.89	344.80
911.19	347.80
911.50	340.80
911.80	342.40
912.10	338.40
912.40	343.80
912.70	334.00
913.00	335.00
913.31	337.00
913.61	343.20
913.91	338.20
914.21	334.60
914.51	339.00
914.81	336.60
915.12	335.00
915.42	332.00
915.72	334.60
916.02	329.80
916.32	331.40
916.62	331.60
916.92	332.80
917.22	327.80
917.52	325.80
917.83	325.80
918.13	325.00
918.43	320.20
918.73	322.60
919.03	328.40
919.33	324.80
919.63	323.00
919.93	322.40
920.23	320.20
920.53	325.00
920.83	321.20
921.13	323.40
921.43	315.40
921.73	314.00
922.03	318.80
922.33	317.60
922.63	312.40
922.93	318.20
923.23	312.20
923.53	311.00
923.83	313.60
924.13	310.60
924.43	311.40
924.73	311.80
925.03	310.80
925.33	306.20
925.63	304.40
925.93	309.60
926.23	306.60
926.53	302.40
926.83	304.80
927.13	300.60
927.42	301.40
927.72	304.20
928.02	297.00
928.32	299.00
928.62	303.20
928.92	297.40
929.22	300.20
929.52	299.80
929.82	295.40
930.11	298.20
930.41	293.20
930.71	292.40
931.01	290.40
931.31	294.20
931.61	291.60
931.90	291.20
932.20	291.20
932.50	288.20
932.80	290.00
933.10	287.60
933.39	285.40
933.69	281.60
933.99	284.60
934.29	287.20
934.59	284.40
934.88	281.60
935.18	280.60
935.48	280.80
935.78	281.60
936.07	278.20
936.37	279.60
936.67	279.20
936.97	275.40
937.26	278.20
937.56	274.20
937.86	271.20
938.15	273.00
938.45	275.40
938.75	271.40
939.05	272.00
939.34	270.60
939.64	269.40
939.94	267.80
940.23	267.20
940.53	264.60
940.83	264.00
941.12	263.00
941.42	261.60
941.71	264.00
942.01	261.60
942.31	264.20
942.60	261.40
942.90	259.40
943.20	256.40
943.49	259.20
943.79	259.60
944.08	257.20
944.38	258.80
944.68	257.60
944.97	254.00
945.27	254.20
945.56	249.60
945.86	250.40
946.15	250.20
946.45	250.60
946.74	249.20
947.04	250.80
947.34	249.40
947.63	247.80
947.93	246.20
948.22	245.00
948.52	246.80
948.81	244.40
949.11	244.80
949.40	242.80
949.70	243.40
949.99	238.40
950.29	243.20
950.58	241.20
950.87	235.20
951.17	237.40
951.46	242.00
951.76	236.20
952.05	236.60
952.35	235.80
952.64	236.80
952.94	231.80
953.23	233.60
953.52	233.20
953.82	233.60
954.11	229.80
954.41	230.80
954.70	229.60
954.99	225.60
955.29	226.00
955.58	228.40
955.87	226.60
956.17	227.80
956.46	225.20
956.76	225.00
957.05	222.80
957.34	222.60
957.64	220.20
957.93	218.80
958.22	221.80
958.52	216.40
958.81	216.80
959.10	215.20
959.39	214.80
959.69	212.40
959.98	217.80
960.27	213.00
960.57	214.00
960.86	211.60
961.15	213.40
961.44	208.00
961.74	212.60
962.03	209.60
962.32	208.20
962.61	205.40
962.91	207.20
963.20	206.60
963.49	208.80
963.78	205.40
964.07	205.80
964.37	207.20
964.66	205.60
964.95	201.20
965.24	202.00
965.53	199.80
965.83	199.00
966.12	199.40
966.41	196.80
966.70	200.60
966.99	195.40
967.28	193.80
967.57	197.40
967.87	193.80
968.16	193.80
968.45	195.40
968.74	194.00
969.03	192.20
969.32	193.40
969.61	191.80
969.90	195.00
970.19	194.00
970.49	191.60
970.78	191.60
971.07	187.80
971.36	189.00
971.65	189.60
971.94	191.00
972.23	187.60
972.52	188.80
972.81	183.60
973.10	185.80
973.39	185.20
973.68	183.40
973.97	183.60
974.26	183.40
974.55	182.80
974.84	180.80
975.13	181.80
975.42	183.80
975.71	179.40
976.00	179.60
976.29	180.20
976.58	178.00
976.87	178.60
977.16	178.20
977.45	176.80
977.74	174.80
978.03	176.60
978.32	173.60
978.60	172.00
978.89	174.60
979.18	172.60
979.47	172.00
979.76	172.40
980.05	170.80
980.34	171.60
980.63	172.60
980.92	169.20
981.20	168.20
981.49	167.80
981.78	168.40
982.07	169.20
982.36	169.80
982.65	167.60
982.94	166.00
983.22	165.40
983.51	165.60
983.80	164.80
984.09	167.00
984.38	165.60
984.66	164.40
984.95	165.00
985.24	165.20
985.53	162.40
985.82	162.40
986.10	162.40
986.39	163.20
986.68	164.00
986.97	162.80
987.25	160.00
987.54	161.00
987.83	160.40
988.12	158.20
988.40	157.00
988.69	160.40
988.98	159.80
989.26	160.40
989.55	161.00
989.84	156.40
990.12	156.80
990.41	156.00
990.70	156.20
990.98	156.00
991.27	156.60
991.56	156.20
991.84	155.00
992.13	154.20
992.42	156.20
992.70	154.40
992.99	153.60
993.28	153.20
993.56	153.60
993.85	153.20
994.13	151.60
994.42	151.80
994.71	153.20
994.99	151.80
995.28	150.40
995.56	150.20
995.85	150.60
996.14	149.80
996.42	148.60
996.71	152.80
996.99	150.20
997.28	150.80
997.56	149.20
997.85	150.60
998.13	148.00
998.42	148.40
998.70	148.60
998.99	147.00
999.27	147.60
999.56	145.00
999.84	147.40
1000.13	147.00
1000.41	145.80
1000.70	144.60
1000.98	146.20
1001.27	146.40
1001.55	145.20
1001.84	146.40
1002.12	143.40
1002.40	142.80
1002.69	142.60
1002.97	142.80
1003.26	144.80
1003.54	143.00
1003.83	144.60
1004.11	142.80
1004.39	143.20
1004.68	142.00
1004.96	142.40
1005.24	143.20
1005.53	143.80
1005.81	143.80
1006.10	140.80
1006.38	141.80
1006.66	143.40
1006.95	142.60
1007.23	142.60
1007.51	142.20
1007.80	140.20
1008.08	140.60
1008.36	139.60
1008.65	139.80
1008.93	138.40
1009.21	138.80
1009.49	139.40
1009.78	138.40
1010.06	138.80
1010.34	138.40
1010.63	137.20
1010.91	139.20
1011.19	140.80
1011.47	139.00
1011.76	136.60
1012.04	136.40
1012.32	137.80
1012.60	138.40
1012.88	137.80
1013.17	138.00
1013.45	137.00
1013.73	136.60
1014.01	136.80
1014.29	135.60
1014.58	136.80
1014.86	135.00
1015.14	133.80
1015.42	134.40
1015.70	135.40
1015.98	133.80
1016.27	134.60
1016.55	134.40
1016.83	134.00
1017.11	134.40
1017.39	134.60
1017.67	134.00
1017.95	132.80
1018.23	134.00
1018.52	132.40
1018.80	133.80
1019.08	134.80
1019.36	134.60
1019.64	133.40
1019.92	134.20
1020.20	131.60
1020.48	131.00
1020.76	132.20
1021.04	132.20
1021.32	133.40
1021.60	132.80
1021.88	132.60
1022.16	132.00
1022.44	130.00
1022.72	132.00
