	0.0	
339.41	0.00
339.79	110.00
340.17	111.40
340.55	113.00
340.94	114.00
341.32	116.20
341.70	116.40
342.08	116.40
342.46	118.40
342.84	119.20
343.22	119.40
343.60	119.60
343.98	118.60
344.36	120.20
344.74	120.20
345.12	120.00
345.50	119.60
345.88	120.20
346.26	120.00
346.64	118.40
347.02	118.40
347.40	117.40
347.78	118.60
348.15	118.80
348.53	118.60
348.91	121.20
349.29	122.80
349.67	124.20
350.05	124.40
350.43	123.60
350.81	123.80
351.19	124.20
351.57	124.80
351.95	124.80
352.33	124.20
352.71	123.60
353.09	123.80
353.47	125.00
353.84	125.00
354.22	123.80
354.60	124.60
354.98	125.00
355.36	125.40
355.74	126.20
356.12	125.40
356.50	125.00
356.88	125.20
357.25	125.40
357.63	125.60
358.01	127.20
358.39	127.60
358.77	127.40
359.15	128.40
359.53	128.40
359.90	127.00
360.28	126.60
360.66	126.60
361.04	126.40
361.42	125.80
361.80	126.20
362.17	127.80
362.55	127.80
362.93	128.20
363.31	129.40
363.69	129.80
364.06	130.60
364.44	129.60
364.82	130.40
365.20	132.60
365.58	132.00
365.95	130.60
366.33	130.40
366.71	130.40
367.09	130.60
367.46	131.00
367.84	129.80
368.22	131.80
368.60	132.00
368.97	132.60
369.35	132.60
369.73	133.20
370.11	133.80
370.48	133.80
370.86	131.40
371.24	131.80
371.62	132.40
371.99	133.40
372.37	134.80
372.75	132.80
373.12	134.00
373.50	135.00
373.88	135.60
374.25	136.60
374.63	137.00
375.01	136.20
375.38	135.80
375.76	138.00
376.14	138.00
376.51	137.80
376.89	137.80
377.27	140.00
377.64	140.80
378.02	139.80
378.40	140.40
378.77	140.80
379.15	141.00
379.53	142.20
379.90	143.40
380.28	143.00
380.66	142.20
381.03	141.80
381.41	143.20
381.78	144.20
382.16	145.20
382.54	145.80
382.91	147.40
383.29	147.80
383.66	148.60
384.04	148.40
384.42	150.20
384.79	148.80
385.17	149.60
385.54	150.40
385.92	153.40
386.29	153.00
386.67	153.60
387.05	152.00
387.42	153.20
387.80	154.60
388.17	153.80
388.55	158.20
388.92	158.40
389.30	160.00
389.67	158.60
390.05	159.80
390.42	158.80
390.80	162.40
391.17	161.40
391.55	161.20
391.92	163.40
392.30	164.20
392.67	166.00
393.05	167.00
393.42	169.20
393.80	167.60
394.17	168.20
394.55	170.40
394.92	169.40
395.30	169.40
395.67	175.20
396.05	176.00
396.42	174.60
396.80	178.60
397.17	176.60
397.55	178.40
397.92	178.20
398.29	180.40
398.67	181.20
399.04	184.60
399.42	184.20
399.79	187.60
400.17	186.60
400.54	189.20
400.91	187.00
401.29	189.00
401.66	186.80
402.04	192.60
402.41	190.80
402.78	193.40
403.16	193.20
403.53	195.80
403.90	199.00
404.28	197.00
404.65	199.80
405.03	200.00
405.40	199.40
405.77	199.40
406.15	204.80
406.52	204.40
406.89	207.80
407.27	205.40
407.64	210.20
408.01	211.00
408.39	213.20
408.76	213.40
409.13	209.60
409.51	217.40
409.88	216.20
410.25	217.60
410.62	217.60
411.00	223.60
411.37	221.20
411.74	222.80
412.12	226.20
412.49	223.20
412.86	230.20
413.23	227.40
413.61	232.00
413.98	239.00
414.35	236.20
414.73	233.00
415.10	232.00
415.47	239.20
415.84	238.00
416.22	238.60
416.59	239.00
416.96	243.60
417.33	242.60
417.70	249.80
418.08	255.60
418.45	254.20
418.82	251.60
419.19	256.40
419.57	264.60
419.94	258.20
420.31	266.80
420.68	262.80
421.05	259.40
421.42	266.00
421.80	265.20
422.17	269.00
422.54	276.60
422.91	271.00
423.28	270.80
423.65	280.20
424.03	281.20
424.40	277.80
424.77	282.00
425.14	287.40
425.51	284.40
425.88	289.80
426.25	290.80
426.63	296.00
427.00	290.60
427.37	299.40
427.74	308.20
428.11	296.40
428.48	307.80
428.85	311.80
429.22	309.60
429.59	311.60
429.97	313.80
430.34	315.80
430.71	321.80
431.08	321.60
431.45	332.60
431.82	327.80
432.19	326.80
432.56	337.20
432.93	335.60
433.30	337.00
433.67	343.40
434.04	346.40
434.41	350.40
434.78	349.60
435.15	351.80
435.52	361.60
435.89	368.00
436.26	370.60
436.63	367.00
437.00	375.60
437.37	373.60
437.74	371.20
438.11	385.80
438.48	376.40
438.85	386.80
439.22	396.00
439.59	401.00
439.96	392.00
440.33	403.60
440.70	410.80
441.07	403.20
441.44	418.40
441.81	410.20
442.18	409.80
442.55	416.20
442.92	427.40
443.29	422.40
443.66	418.20
444.03	425.40
444.40	430.20
444.77	436.80
445.14	435.80
445.51	446.80
445.88	439.80
446.24	446.00
446.61	451.40
446.98	438.80
447.35	461.60
447.72	459.40
448.09	461.60
448.46	454.00
448.83	460.80
449.20	464.80
449.56	462.60
449.93	468.40
450.30	465.20
450.67	481.00
451.04	465.40
451.41	467.00
451.78	488.60
452.14	483.40
452.51	480.20
452.88	482.00
453.25	480.40
453.62	493.40
453.99	490.60
454.35	490.60
454.72	502.60
455.09	501.60
455.46	510.60
455.83	517.00
456.19	521.60
456.56	514.00
456.93	520.00
457.30	527.40
457.66	519.40
458.03	525.80
458.40	524.60
458.77	535.40
459.14	543.00
459.50	538.00
459.87	522.60
460.24	550.60
460.61	544.60
460.97	556.20
461.34	549.00
461.71	556.40
462.07	550.60
462.44	572.40
462.81	584.20
463.18	570.20
463.54	570.40
463.91	598.40
464.28	582.60
464.64	593.40
465.01	591.80
465.38	607.80
465.75	589.80
466.11	604.60
466.48	609.60
466.85	607.40
467.21	604.60
467.58	621.80
467.95	629.60
468.31	631.00
468.68	640.80
469.04	646.60
469.41	659.20
469.78	655.80
470.14	657.60
470.51	664.40
470.88	675.00
471.24	678.00
471.61	696.40
471.98	687.40
472.34	700.60
472.71	704.40
473.07	713.80
473.44	715.00
473.81	729.80
474.17	720.40
474.54	740.00
474.90	749.00
475.27	740.40
475.63	760.20
476.00	760.60
476.37	767.00
476.73	773.80
477.10	798.60
477.46	794.20
477.83	794.80
478.19	812.40
478.56	823.40
478.92	836.40
479.29	836.00
479.65	847.80
480.02	849.80
480.38	864.20
480.75	868.80
481.11	878.80
481.48	891.00
481.84	897.80
482.21	902.20
482.57	910.00
482.94	926.60
483.30	932.00
483.67	931.00
484.03	941.40
484.40	957.60
484.76	959.20
485.13	969.60
485.49	983.40
485.86	996.20
486.22	991.40
486.59	1003.40
486.95	1005.00
487.31	1020.20
487.68	1025.60
488.04	1039.20
488.41	1050.60
488.77	1036.80
489.14	1054.20
489.50	1056.60
489.86	1067.80
490.23	1071.80
490.59	1082.00
490.96	1092.20
491.32	1091.20
491.68	1100.40
492.05	1098.60
492.41	1116.60
492.77	1117.20
493.14	1119.60
493.50	1140.60
493.87	1137.00
494.23	1146.00
494.59	1148.60
494.96	1154.80
495.32	1155.60
495.68	1171.20
496.05	1171.60
496.41	1170.00
496.77	1183.40
497.14	1166.80
497.50	1184.20
497.86	1184.80
498.23	1186.00
498.59	1192.00
498.95	1198.20
499.31	1210.80
499.68	1209.00
500.04	1217.20
500.40	1215.40
500.77	1213.60
501.13	1227.40
501.49	1219.40
501.85	1230.20
502.22	1227.60
502.58	1238.00
502.94	1236.40
503.30	1239.40
503.67	1238.60
504.03	1250.20
504.39	1248.80
504.75	1264.60
505.12	1258.20
505.48	1273.60
505.84	1265.80
506.20	1257.40
506.56	1265.80
506.93	1265.00
507.29	1281.00
507.65	1276.60
508.01	1284.60
508.37	1294.60
508.74	1276.00
509.10	1293.80
509.46	1303.60
509.82	1298.40
510.18	1305.20
510.54	1316.00
510.91	1315.20
511.27	1312.80
511.63	1312.60
511.99	1322.00
512.35	1318.00
512.71	1320.00
513.07	1332.60
513.43	1327.60
513.80	1335.40
514.16	1344.00
514.52	1352.40
514.88	1357.00
515.24	1356.60
515.60	1376.00
515.96	1352.60
516.32	1375.40
516.68	1381.60
517.04	1384.60
517.41	1385.00
517.77	1395.00
518.13	1381.00
518.49	1399.80
518.85	1412.80
519.21	1408.20
519.57	1413.60
519.93	1417.60
520.29	1419.00
520.65	1430.00
521.01	1425.00
521.37	1439.00
521.73	1435.20
522.09	1449.60
522.45	1461.00
522.81	1448.40
523.17	1456.00
523.53	1468.20
523.89	1457.00
524.25	1464.00
524.61	1474.60
524.97	1473.40
525.33	1480.20
525.69	1483.80
526.05	1494.00
526.41	1511.40
526.77	1503.00
527.13	1503.20
527.49	1517.60
527.85	1499.00
528.21	1514.60
528.57	1517.40
528.93	1527.20
529.29	1522.40
529.65	1523.40
530.00	1531.00
530.36	1533.00
530.72	1539.80
531.08	1540.60
531.44	1554.40
531.80	1557.80
532.16	1565.60
532.52	1561.40
532.88	1570.00
533.24	1565.00
533.59	1575.60
533.95	1566.00
534.31	1574.40
534.67	1572.60
535.03	1588.20
535.39	1582.00
535.75	1589.40
536.11	1584.80
536.46	1586.00
536.82	1574.00
537.18	1596.40
537.54	1594.60
537.90	1598.80
538.26	1589.40
538.61	1602.80
538.97	1614.80
539.33	1618.20
539.69	1616.00
540.05	1627.20
540.40	1609.20
540.76	1628.00
541.12	1627.20
541.48	1644.00
541.84	1621.80
542.19	1620.00
542.55	1637.20
542.91	1644.20
543.27	1642.80
543.62	1647.60
543.98	1639.20
544.34	1627.20
544.70	1643.60
545.05	1650.00
545.41	1660.40
545.77	1660.40
546.12	1654.20
546.48	1656.60
546.84	1647.20
547.20	1654.00
547.55	1670.20
547.91	1685.80
548.27	1668.80
548.62	1659.00
548.98	1663.20
549.34	1668.40
549.69	1688.20
550.05	1681.20
550.41	1684.20
550.77	1683.40
551.12	1686.20
551.48	1683.80
551.83	1708.20
552.19	1703.80
552.55	1701.80
552.90	1697.60
553.26	1703.60
553.62	1705.80
553.97	1711.40
554.33	1703.40
554.69	1719.60
555.04	1713.00
555.40	1713.40
555.75	1725.80
556.11	1742.60
556.47	1729.20
556.82	1741.40
557.18	1746.00
557.53	1734.40
557.89	1751.80
558.24	1748.40
558.60	1741.20
558.96	1763.60
559.31	1748.00
559.67	1766.40
560.02	1766.40
560.38	1757.20
560.73	1779.60
561.09	1790.40
561.44	1787.80
561.80	1777.60
562.16	1779.00
562.51	1801.20
562.87	1811.80
563.22	1803.40
563.58	1803.60
563.93	1811.80
564.29	1798.80
564.64	1823.80
565.00	1813.40
565.35	1822.80
565.71	1811.80
566.06	1847.40
566.41	1846.40
566.77	1816.00
567.12	1840.00
567.48	1850.60
567.83	1845.60
568.19	1862.40
568.54	1867.20
568.90	1867.80
569.25	1855.20
569.60	1876.40
569.96	1876.00
570.31	1866.20
570.67	1878.00
571.02	1884.60
571.38	1886.80
571.73	1887.80
572.08	1912.40
572.44	1898.60
572.79	1882.40
573.15	1902.00
573.50	1884.00
573.85	1907.00
574.21	1901.20
574.56	1890.40
574.91	1902.20
575.27	1919.40
575.62	1896.60
575.97	1898.40
576.33	1900.80
576.68	1909.40
577.03	1905.60
577.39	1906.00
577.74	1903.80
578.09	1920.80
578.45	1908.60
578.80	1898.20
579.15	1895.20
579.51	1903.20
579.86	1912.20
580.21	1913.40
580.57	1915.60
580.92	1917.20
581.27	1905.80
581.62	1920.20
581.98	1895.80
582.33	1902.60
582.68	1902.80
583.03	1908.40
583.39	1900.60
583.74	1897.00
584.09	1901.00
584.44	1909.60
584.80	1901.20
585.15	1881.40
585.50	1897.20
585.85	1907.40
586.21	1881.00
586.56	1897.20
586.91	1899.80
587.26	1912.60
587.61	1911.40
587.97	1889.20
588.32	1907.20
588.67	1901.20
589.02	1903.40
589.37	1894.60
589.73	1905.60
590.08	1901.60
590.43	1886.80
590.78	1893.20
591.13	1885.20
591.48	1901.60
591.83	1882.00
592.19	1889.00
592.54	1888.80
592.89	1882.00
593.24	1895.00
593.59	1892.00
593.94	1898.20
594.29	1892.20
594.64	1899.20
595.00	1904.40
595.35	1906.00
595.70	1885.80
596.05	1887.40
596.40	1885.00
596.75	1893.80
597.10	1905.40
597.45	1893.20
597.80	1909.00
598.15	1904.60
598.50	1906.60
598.85	1909.20
599.20	1898.60
599.55	1903.20
599.90	1908.40
600.26	1906.80
600.61	1918.40
600.96	1915.60
601.31	1912.80
601.66	1922.20
602.01	1912.20
602.36	1917.20
602.71	1924.60
603.06	1923.20
603.41	1927.00
603.76	1922.60
604.11	1945.00
604.46	1922.00
604.81	1923.40
605.16	1937.60
605.50	1947.80
605.85	1939.20
606.20	1949.60
606.55	1949.40
606.90	1935.80
607.25	1938.20
607.60	1941.00
607.95	1948.00
608.30	1944.00
608.65	1964.60
609.00	1961.40
609.35	1949.40
609.70	1947.40
610.05	1946.40
610.40	1963.40
610.74	1967.40
611.09	1946.80
611.44	1955.00
611.79	1967.80
612.14	1985.40
612.49	1983.00
612.84	1973.20
613.19	1989.20
613.53	1978.00
613.88	1990.00
614.23	1987.60
614.58	1966.00
614.93	1968.80
615.28	1985.00
615.62	1979.60
615.97	1985.80
616.32	1984.00
616.67	1980.00
617.02	1974.60
617.37	1989.60
617.71	1995.20
618.06	2003.20
618.41	1994.00
618.76	1999.60
619.11	1998.00
619.45	1996.00
619.80	2004.80
620.15	1992.60
620.50	1992.00
620.84	1993.80
621.19	2003.20
621.54	1997.40
621.89	2001.00
622.23	1998.20
622.58	1987.60
622.93	1990.40
623.28	1994.20
623.62	1975.60
623.97	2004.60
624.32	1999.20
624.66	1992.60
625.01	1995.20
625.36	1996.60
625.71	1984.20
626.05	1997.00
626.40	2003.20
626.75	1980.60
627.09	1986.60
627.44	1992.20
627.79	1987.60
628.13	1959.60
628.48	1977.00
628.83	1963.60
629.17	1937.60
629.52	1974.20
629.87	1960.80
630.21	1987.20
630.56	1981.00
630.90	1964.40
631.25	1963.20
631.60	1962.20
631.94	1967.20
632.29	1952.60
632.63	1969.40
632.98	1945.60
633.33	1946.40
633.67	1945.00
634.02	1959.80
634.36	1934.00
634.71	1927.00
635.06	1948.80
635.40	1918.00
635.75	1947.60
636.09	1915.00
636.44	1921.20
636.78	1909.00
637.13	1917.00
637.47	1890.00
637.82	1904.20
638.16	1877.20
638.51	1910.80
638.86	1883.80
639.20	1906.40
639.55	1872.40
639.89	1875.80
640.24	1869.20
640.58	1886.60
640.93	1860.60
641.27	1857.00
641.62	1869.00
641.96	1854.40
642.30	1845.80
642.65	1859.60
642.99	1856.00
643.34	1848.40
643.68	1843.60
644.03	1845.40
644.37	1843.40
644.72	1840.60
645.06	1846.60
645.40	1840.60
645.75	1842.80
646.09	1828.40
646.44	1834.40
646.78	1829.60
647.13	1820.60
647.47	1799.80
647.81	1818.20
648.16	1811.20
648.50	1813.60
648.85	1816.40
649.19	1791.00
649.53	1798.00
649.88	1801.60
650.22	1804.80
650.56	1797.60
650.91	1792.00
651.25	1796.80
651.59	1775.00
651.94	1787.80
652.28	1799.20
652.62	1794.60
652.97	1802.80
653.31	1790.00
653.65	1783.80
654.00	1788.60
654.34	1794.40
654.68	1788.60
655.03	1762.80
655.37	1775.40
655.71	1791.00
656.05	1770.60
656.40	1767.40
656.74	1765.20
657.08	1758.80
657.43	1773.40
657.77	1740.60
658.11	1763.20
658.45	1758.80
658.80	1761.60
659.14	1759.60
659.48	1743.60
659.82	1758.80
660.16	1765.60
660.51	1739.00
660.85	1754.60
661.19	1749.60
661.53	1770.60
661.87	1754.20
662.22	1761.60
662.56	1747.20
662.90	1766.20
663.24	1748.20
663.58	1750.00
663.93	1746.60
664.27	1740.00
664.61	1751.20
664.95	1759.80
665.29	1745.40
665.63	1746.40
665.98	1747.60
666.32	1744.60
666.66	1743.80
667.00	1733.20
667.34	1751.40
667.68	1739.00
668.02	1718.80
668.36	1743.00
668.70	1737.20
669.05	1718.60
669.39	1737.00
669.73	1735.60
670.07	1731.20
670.41	1725.60
670.75	1737.00
671.09	1733.00
671.43	1722.20
671.77	1734.80
672.11	1738.20
672.45	1729.40
672.79	1723.40
673.13	1730.00
673.47	1723.40
673.81	1735.60
674.16	1716.00
674.50	1715.20
674.84	1710.80
675.18	1703.80
675.52	1719.60
675.86	1708.80
676.20	1706.80
676.54	1704.80
676.88	1704.80
677.22	1701.80
677.56	1686.00
677.90	1697.40
678.23	1694.20
678.57	1698.20
678.91	1690.60
679.25	1692.20
679.59	1684.60
679.93	1685.40
680.27	1681.80
680.61	1673.20
680.95	1672.40
681.29	1675.80
681.63	1654.40
681.97	1669.60
682.31	1649.40
682.65	1656.60
682.99	1682.40
683.32	1650.60
683.66	1656.60
684.00	1646.40
684.34	1636.20
684.68	1624.40
685.02	1650.60
685.36	1629.40
685.70	1633.20
686.03	1625.00
686.37	1630.60
686.71	1625.00
687.05	1607.00
687.39	1610.80
687.73	1618.00
688.07	1609.40
688.40	1603.00
688.74	1597.20
689.08	1589.40
689.42	1594.40
689.76	1587.20
690.09	1571.20
690.43	1569.60
690.77	1595.20
691.11	1557.20
691.45	1537.40
691.78	1550.40
692.12	1543.20
692.46	1548.40
692.80	1537.80
693.13	1538.60
693.47	1528.60
693.81	1522.80
694.15	1528.20
694.48	1517.80
694.82	1510.60
695.16	1514.20
695.50	1508.20
695.83	1487.60
696.17	1491.80
696.51	1487.40
696.84	1485.40
697.18	1480.00
697.52	1479.40
697.85	1467.80
698.19	1463.00
698.53	1476.60
698.87	1442.40
699.20	1455.40
699.54	1441.60
699.88	1450.00
700.21	1436.80
700.55	1426.80
700.88	1424.20
701.22	1423.00
701.56	1423.20
701.89	1421.80
702.23	1412.80
702.57	1406.40
702.90	1390.40
703.24	1397.80
703.57	1389.20
703.91	1394.40
704.25	1379.80
704.58	1385.20
704.92	1377.40
705.25	1366.80
705.59	1372.00
705.93	1369.00
706.26	1363.20
706.60	1367.00
706.93	1354.60
707.27	1338.00
707.60	1361.60
707.94	1341.20
708.27	1343.20
708.61	1348.80
708.95	1340.20
709.28	1329.40
709.62	1310.80
709.95	1331.00
710.29	1314.60
710.62	1311.20
710.96	1307.20
711.29	1301.20
711.63	1311.60
711.96	1295.60
712.30	1296.20
712.63	1286.60
712.96	1286.60
713.30	1296.60
713.63	1286.00
713.97	1289.00
714.30	1279.80
714.64	1277.80
714.97	1274.20
715.31	1281.60
715.64	1267.80
715.97	1271.40
716.31	1276.60
716.64	1260.20
716.98	1264.40
717.31	1264.80
717.64	1256.00
717.98	1259.00
718.31	1253.80
718.65	1245.60
718.98	1247.20
719.31	1249.20
719.65	1250.60
719.98	1233.00
720.32	1243.40
720.65	1246.80
720.98	1235.20
721.32	1234.20
721.65	1237.60
721.98	1225.60
722.32	1243.40
722.65	1233.40
722.98	1232.80
723.32	1223.20
723.65	1214.20
723.98	1225.40
724.31	1203.60
724.65	1220.60
724.98	1213.20
725.31	1203.80
725.65	1211.80
725.98	1212.80
726.31	1207.00
726.64	1201.60
726.98	1197.00
727.31	1193.60
727.64	1204.80
727.97	1196.40
728.31	1194.20
728.64	1197.40
728.97	1192.20
729.30	1188.20
729.64	1206.40
729.97	1192.40
730.30	1199.40
730.63	1186.00
730.96	1182.80
731.30	1186.20
731.63	1194.40
731.96	1187.80
732.29	1184.00
732.62	1191.40
732.96	1177.40
733.29	1187.20
733.62	1169.80
733.95	1172.80
734.28	1174.60
734.61	1160.80
734.94	1165.80
735.28	1170.00
735.61	1162.60
735.94	1159.00
736.27	1161.60
736.60	1172.40
736.93	1160.00
737.26	1162.20
737.59	1161.20
737.92	1162.40
738.26	1154.20
738.59	1144.40
738.92	1150.80
739.25	1159.00
739.58	1144.40
739.91	1160.60
740.24	1151.20
740.57	1147.80
740.90	1152.20
741.23	1139.20
741.56	1135.00
741.89	1145.40
742.22	1124.40
742.55	1132.00
742.88	1128.40
743.21	1114.00
743.54	1117.20
743.87	1131.80
744.20	1126.80
744.53	1114.00
744.86	1125.60
745.19	1110.20
745.52	1115.40
745.85	1124.60
746.18	1120.20
746.51	1103.60
746.84	1116.80
747.17	1099.00
747.50	1096.60
747.83	1088.60
748.16	1094.00
748.49	1094.80
748.82	1087.20
749.15	1096.00
749.48	1100.80
749.81	1099.40
750.14	1082.60
750.46	1088.20
750.79	1075.60
751.12	1067.60
751.45	1075.80
751.78	1068.60
752.11	1069.80
752.44	1063.00
752.77	1068.40
753.10	1049.20
753.42	1054.40
753.75	1048.20
754.08	1045.60
754.41	1043.80
754.74	1041.00
755.07	1042.80
755.39	1032.00
755.72	1040.20
756.05	1017.20
756.38	1024.20
756.71	1027.80
757.04	1021.00
757.36	1010.00
757.69	1005.60
758.02	1012.40
758.35	1004.20
758.67	1009.20
759.00	1006.20
759.33	996.40
759.66	991.00
759.99	983.40
760.31	988.20
760.64	978.40
760.97	983.40
761.30	968.00
761.62	976.60
761.95	966.20
762.28	971.00
762.60	957.80
762.93	963.20
763.26	957.20
763.59	942.20
763.91	944.20
764.24	942.60
764.57	945.20
764.89	935.00
765.22	927.80
765.55	930.80
765.87	932.60
766.20	929.60
766.53	915.60
766.85	920.20
767.18	906.20
767.51	913.60
767.83	902.00
768.16	895.20
768.48	896.60
768.81	897.40
769.14	891.40
769.46	891.00
769.79	884.20
770.12	883.40
770.44	877.40
770.77	875.80
771.09	861.00
771.42	855.40
771.74	847.20
772.07	855.60
772.40	843.80
772.72	849.80
773.05	844.60
773.37	846.20
773.70	832.20
774.02	827.60
774.35	830.20
774.67	817.80
775.00	822.00
775.32	811.80
775.65	815.60
775.97	806.80
776.30	803.40
776.63	802.60
776.95	808.00
777.27	792.40
777.60	796.00
777.92	794.80
778.25	794.60
778.57	780.00
778.90	782.80
779.22	770.60
779.55	776.40
779.87	765.80
780.20	770.40
780.52	760.80
780.85	759.00
781.17	749.60
781.49	751.40
781.82	747.00
782.14	739.80
782.47	745.80
782.79	738.60
783.11	736.80
783.44	730.00
783.76	728.80
784.09	716.80
784.41	723.40
784.73	711.40
785.06	706.00
785.38	712.20
785.70	715.20
786.03	712.00
786.35	702.20
786.67	697.60
787.00	707.00
787.32	700.00
787.64	697.60
787.97	696.40
788.29	684.00
788.61	681.60
788.94	690.60
789.26	691.40
789.58	681.00
789.91	686.40
790.23	693.20
790.55	686.20
790.87	685.60
791.20	686.40
791.52	681.60
791.84	678.60
792.16	674.80
792.49	674.00
792.81	677.20
793.13	674.20
793.45	671.40
793.78	682.00
794.10	677.00
794.42	672.40
794.74	673.80
795.06	678.60
795.39	678.40
795.71	676.20
796.03	680.60
796.35	676.40
796.67	675.40
797.00	674.40
797.32	673.00
797.64	678.80
797.96	671.00
798.28	682.00
798.60	685.20
798.93	686.40
799.25	677.20
799.57	685.00
799.89	673.80
800.21	677.00
800.53	672.40
800.85	676.20
801.17	668.40
801.50	676.80
801.82	674.40
802.14	671.60
802.46	669.60
802.78	674.40
803.10	675.60
803.42	671.80
803.74	681.00
804.06	670.40
804.38	671.60
804.70	670.00
805.02	669.20
805.34	677.40
805.66	674.00
805.98	667.00
806.30	679.00
806.62	667.60
806.94	671.80
807.26	666.40
807.58	666.60
807.90	671.20
808.22	671.00
808.54	664.20
808.86	664.40
809.18	663.40
809.50	670.80
809.82	658.20
810.14	661.60
810.46	660.00
810.78	662.40
811.10	665.00
811.42	665.20
811.74	657.40
812.06	667.80
812.38	656.40
812.70	657.40
813.02	656.20
813.34	653.20
813.66	651.60
813.97	658.00
814.29	650.40
814.61	644.80
814.93	652.60
815.25	652.20
815.57	650.60
815.89	652.40
816.21	634.80
816.52	646.00
816.84	645.40
817.16	648.80
817.48	641.60
817.80	639.00
818.12	636.40
818.43	639.80
818.75	635.00
819.07	639.00
819.39	631.60
819.71	633.20
820.03	635.20
820.34	633.40
820.66	634.60
820.98	626.20
821.30	634.40
821.61	624.40
821.93	630.40
822.25	629.00
822.57	624.20
822.88	620.80
823.20	614.60
823.52	618.00
823.84	619.40
824.15	618.40
824.47	619.60
824.79	620.60
825.11	622.40
825.42	622.20
825.74	616.20
826.06	614.60
826.37	616.00
826.69	612.40
827.01	614.20
827.32	611.00
827.64	604.60
827.96	600.80
828.27	609.60
828.59	606.80
828.91	600.60
829.22	602.20
829.54	604.60
829.86	601.20
830.17	604.00
830.49	600.60
830.81	600.00
831.12	601.00
831.44	595.40
831.75	586.00
832.07	590.20
832.39	592.80
832.70	591.20
833.02	588.60
833.33	583.60
833.65	590.00
833.96	590.00
834.28	585.80
834.60	583.20
834.91	584.60
835.23	586.00
835.54	574.20
835.86	579.00
836.17	579.60
836.49	570.40
836.80	570.60
837.12	574.20
837.43	568.60
837.75	572.00
838.06	573.40
838.38	572.60
838.69	565.80
839.01	561.40
839.32	569.40
839.64	565.20
839.95	568.60
840.27	564.60
840.58	566.80
840.90	562.20
841.21	559.20
841.53	553.80
841.84	559.80
842.15	553.20
842.47	550.00
842.78	544.40
843.10	555.60
843.41	545.60
843.72	548.60
844.04	546.80
844.35	543.60
844.67	537.00
844.98	536.80
845.29	539.20
845.61	535.40
845.92	535.80
846.23	534.20
846.55	532.80
846.86	529.80
847.18	526.20
847.49	528.00
847.80	529.00
848.12	520.40
848.43	525.20
848.74	526.00
849.05	517.40
849.37	514.00
849.68	516.80
849.99	506.80
850.31	504.00
850.62	507.20
850.93	501.80
851.24	503.20
851.56	500.60
851.87	498.80
852.18	495.20
852.50	492.80
852.81	499.40
853.12	492.20
853.43	488.80
853.74	487.60
854.06	484.60
854.37	489.20
854.68	488.60
854.99	485.80
855.31	480.40
855.62	479.60
855.93	475.80
856.24	470.20
856.55	471.20
856.87	463.60
857.18	470.00
857.49	465.80
857.80	464.40
858.11	459.00
858.42	457.60
858.73	460.00
859.05	452.20
859.36	455.80
859.67	445.60
859.98	449.60
860.29	450.00
860.60	444.20
860.91	446.40
861.22	445.00
861.54	441.00
861.85	440.20
862.16	442.00
862.47	436.80
862.78	437.00
863.09	432.00
863.40	431.60
863.71	431.20
864.02	426.60
864.33	428.00
864.64	424.40
864.95	428.40
865.26	411.80
865.57	415.00
865.88	409.00
866.19	413.40
866.50	407.20
866.81	409.80
867.12	410.20
867.43	411.00
867.74	406.20
868.05	405.20
868.36	398.40
868.67	398.00
868.98	402.00
869.29	400.60
869.60	389.40
869.91	392.40
870.22	393.60
870.53	393.60
870.84	390.80
871.15	384.60
871.46	382.00
871.77	383.40
872.08	380.00
872.39	377.00
872.69	378.20
873.00	373.80
873.31	370.80
873.62	371.20
873.93	367.60
874.24	372.80
874.55	367.40
874.86	369.00
875.16	359.80
875.47	362.60
875.78	359.20
876.09	360.80
876.40	354.60
876.71	356.80
877.01	350.40
877.32	353.60
877.63	349.60
877.94	347.20
878.25	350.40
878.56	343.20
878.86	342.60
879.17	335.00
879.48	335.20
879.79	338.00
880.09	339.60
880.40	338.40
880.71	339.40
881.02	334.00
881.32	331.80
881.63	328.60
881.94	328.20
882.25	328.60
882.55	327.80
882.86	327.00
883.17	326.40
883.48	327.20
883.78	326.40
884.09	324.40
884.40	319.80
884.70	320.80
885.01	324.20
885.32	317.20
885.62	318.20
885.93	317.60
886.24	320.20
886.54	314.00
886.85	311.00
887.16	320.00
887.46	312.80
887.77	319.00
888.08	313.20
888.38	314.40
888.69	314.00
888.99	309.80
889.30	317.60
889.61	311.00
889.91	315.60
890.22	314.00
890.52	312.40
890.83	309.60
891.14	309.00
891.44	306.80
891.75	309.20
892.05	307.20
892.36	309.20
892.66	305.00
892.97	306.80
893.27	310.60
893.58	305.00
893.89	309.60
894.19	308.20
894.50	305.40
894.80	307.20
895.11	308.80
895.41	309.20
895.72	305.60
896.02	306.20
896.33	305.40
896.63	307.00
896.93	305.20
897.24	306.40
897.54	309.80
897.85	305.20
898.15	308.00
898.46	305.80
898.76	309.00
899.07	306.00
899.37	306.60
899.67	307.40
899.98	304.80
900.28	305.40
900.59	311.00
900.89	304.80
901.19	310.80
901.50	307.00
901.80	308.80
902.11	307.60
902.41	307.20
902.71	306.60
903.02	307.60
903.32	305.40
903.62	308.00
903.93	307.60
904.23	309.80
904.53	307.20
904.84	305.20
905.14	299.20
905.44	302.80
905.75	302.40
906.05	306.00
906.35	308.80
906.66	301.60
906.96	300.20
907.26	306.00
907.56	302.20
907.87	304.80
908.17	301.60
908.47	299.40
908.77	303.60
909.08	296.60
909.38	299.40
909.68	301.00
909.98	297.60
910.29	299.20
910.59	299.80
910.89	302.00
911.19	304.00
911.50	299.80
911.80	296.60
912.10	297.00
912.40	301.00
912.70	292.60
913.00	299.40
913.31	294.60
913.61	292.20
913.91	292.40
914.21	295.60
914.51	294.60
914.81	294.80
915.12	292.00
915.42	295.40
915.72	295.80
916.02	293.40
916.32	294.00
916.62	292.00
916.92	289.80
917.22	292.20
917.52	288.40
917.83	284.40
918.13	286.40
918.43	283.60
918.73	286.40
919.03	283.80
919.33	286.00
919.63	287.80
919.93	284.80
920.23	281.20
920.53	284.60
920.83	282.60
921.13	281.80
921.43	280.60
921.73	275.20
922.03	280.80
922.33	282.00
922.63	279.20
922.93	280.40
923.23	275.00
923.53	275.00
923.83	273.60
924.13	273.00
924.43	275.20
924.73	274.00
925.03	274.40
925.33	271.80
925.63	272.20
925.93	269.60
926.23	268.40
926.53	265.60
926.83	269.00
927.13	272.00
927.42	265.80
927.72	266.20
928.02	268.60
928.32	266.40
928.62	267.00
928.92	265.00
929.22	265.20
929.52	262.20
929.82	265.80
930.11	261.80
930.41	265.40
930.71	261.00
931.01	256.20
931.31	262.00
931.61	260.00
931.90	259.20
932.20	255.00
932.50	257.00
932.80	257.60
933.10	255.60
933.39	254.40
933.69	253.00
933.99	258.00
934.29	253.20
934.59	252.80
934.88	254.60
935.18	253.80
935.48	252.40
935.78	249.60
936.07	250.20
936.37	250.40
936.67	247.20
936.97	245.60
937.26	247.00
937.56	247.20
937.86	243.80
938.15	245.80
938.45	246.00
938.75	240.20
939.05	241.20
939.34	241.60
939.64	238.80
939.94	238.80
940.23	241.20
940.53	237.60
940.83	237.60
941.12	238.00
941.42	233.80
941.71	240.20
942.01	234.20
942.31	236.80
942.60	232.80
942.90	235.60
943.20	231.80
943.49	233.00
943.79	234.00
944.08	230.60
944.38	229.60
944.68	232.20
944.97	229.80
945.27	225.40
945.56	230.00
945.86	231.40
946.15	226.60
946.45	227.60
946.74	226.60
947.04	224.80
947.34	226.00
947.63	224.20
947.93	223.00
948.22	219.80
948.52	219.80
948.81	220.40
949.11	220.20
949.40	221.40
949.70	218.00
949.99	219.60
950.29	215.20
950.58	215.20
950.87	216.40
951.17	214.00
951.46	213.60
951.76	215.20
952.05	212.80
952.35	215.20
952.64	210.60
952.94	210.60
953.23	211.20
953.52	208.20
953.82	210.20
954.11	210.20
954.41	207.20
954.70	209.00
954.99	210.00
955.29	207.00
955.58	208.80
955.87	203.00
956.17	208.20
956.46	206.00
956.76	201.60
957.05	203.60
957.34	202.20
957.64	202.60
957.93	199.80
958.22	203.00
958.52	202.00
958.81	199.60
959.10	197.60
959.39	200.20
959.69	194.20
959.98	194.00
960.27	194.20
960.57	197.60
960.86	195.80
961.15	193.40
961.44	194.80
961.74	195.60
962.03	193.00
962.32	193.20
962.61	191.00
962.91	190.60
963.20	189.40
963.49	187.20
963.78	190.80
964.07	186.60
964.37	187.20
964.66	185.60
964.95	187.80
965.24	187.60
965.53	185.40
965.83	183.80
966.12	184.20
966.41	184.00
966.70	183.60
966.99	180.40
967.28	181.20
967.57	181.20
967.87	182.80
968.16	179.00
968.45	182.20
968.74	182.20
969.03	179.20
969.32	179.80
969.61	178.60
969.90	178.00
970.19	179.20
970.49	175.80
970.78	175.60
971.07	178.40
971.36	173.40
971.65	175.80
971.94	173.20
972.23	174.00
972.52	172.80
972.81	171.40
973.10	171.40
973.39	173.00
973.68	172.80
973.97	173.00
974.26	170.00
974.55	168.00
974.84	168.40
975.13	171.80
975.42	170.00
975.71	168.00
976.00	169.20
976.29	166.20
976.58	168.20
976.87	165.40
977.16	166.80
977.45	168.40
977.74	166.20
978.03	164.20
978.32	164.40
978.60	164.20
978.89	164.00
979.18	164.20
979.47	164.00
979.76	161.40
980.05	163.20
980.34	162.20
980.63	163.00
980.92	161.80
981.20	160.40
981.49	158.00
981.78	160.40
982.07	159.60
982.36	159.40
982.65	159.00
982.94	156.60
983.22	159.40
983.51	158.20
983.80	158.20
984.09	158.40
984.38	155.80
984.66	156.00
984.95	157.60
985.24	158.20
985.53	155.80
985.82	155.20
986.10	156.40
986.39	154.80
986.68	150.80
986.97	152.40
987.25	154.20
987.54	154.60
987.83	150.40
988.12	152.00
988.40	153.80
988.69	152.40
988.98	152.20
989.26	152.20
989.55	151.00
989.84	152.20
990.12	150.60
990.41	152.00
990.70	150.80
990.98	150.20
991.27	148.40
991.56	151.00
991.84	148.60
992.13	150.00
992.42	150.60
992.70	149.20
992.99	148.60
993.28	146.60
993.56	147.80
993.85	147.60
994.13	148.20
994.42	147.80
994.71	144.80
994.99	146.40
995.28	146.20
995.56	145.40
995.85	144.00
996.14	145.80
996.42	146.80
996.71	144.00
996.99	142.40
997.28	143.80
997.56	144.60
997.85	144.00
998.13	143.40
998.42	142.00
998.70	144.00
998.99	143.60
999.27	142.60
999.56	143.20
999.84	143.20
1000.13	140.80
1000.41	141.60
1000.70	143.00
1000.98	141.80
1001.27	141.00
1001.55	141.60
1001.84	141.20
1002.12	141.20
1002.40	139.00
1002.69	138.40
1002.97	138.60
1003.26	139.60
1003.54	140.00
1003.83	140.40
1004.11	139.60
1004.39	138.00
1004.68	140.00
1004.96	140.20
1005.24	139.60
1005.53	139.80
1005.81	140.60
1006.10	137.20
1006.38	137.00
1006.66	137.00
1006.95	138.60
1007.23	137.00
1007.51	137.40
1007.80	136.00
1008.08	137.00
1008.36	137.80
1008.65	136.80
1008.93	134.60
1009.21	135.60
1009.49	135.00
1009.78	136.40
1010.06	137.40
1010.34	134.80
1010.63	134.80
1010.91	134.00
1011.19	133.60
1011.47	134.20
1011.76	133.60
1012.04	134.40
1012.32	135.00
1012.60	134.60
1012.88	135.40
1013.17	135.00
1013.45	133.80
1013.73	134.60
1014.01	133.40
1014.29	133.60
1014.58	133.00
1014.86	134.20
1015.14	133.20
1015.42	132.40
1015.70	131.40
1015.98	134.00
1016.27	134.40
1016.55	134.00
1016.83	133.80
1017.11	132.00
1017.39	133.60
1017.67	132.00
1017.95	131.80
1018.23	132.00
1018.52	131.40
1018.80	131.20
1019.08	130.40
1019.36	129.40
1019.64	131.40
1019.92	132.60
1020.20	130.80
1020.48	131.00
1020.76	130.00
1021.04	130.80
1021.32	130.40
1021.60	130.20
1021.88	130.40
1022.16	130.20
1022.44	130.40
1022.72	129.80
