	0.0	
339.41	0.00
339.79	111.80
340.17	111.80
340.55	113.20
340.94	112.80
341.32	114.60
341.70	116.60
342.08	118.00
342.46	118.80
342.84	119.20
343.22	119.20
343.60	119.80
343.98	120.80
344.36	120.20
344.74	120.00
345.12	119.60
345.50	119.20
345.88	118.60
346.26	119.20
346.64	120.40
347.02	119.80
347.40	119.20
347.78	119.80
348.15	118.80
348.53	117.80
348.91	120.80
349.29	122.80
349.67	124.60
350.05	123.60
350.43	123.60
350.81	123.40
351.19	124.80
351.57	125.00
351.95	124.40
352.33	125.20
352.71	124.40
353.09	124.60
353.47	125.00
353.84	124.40
354.22	124.80
354.60	125.40
354.98	124.40
355.36	125.40
355.74	125.80
356.12	126.40
356.50	125.20
356.88	125.60
357.25	125.40
357.63	127.40
358.01	127.20
358.39	126.80
358.77	126.80
359.15	128.00
359.53	128.00
359.90	127.40
360.28	128.80
360.66	129.80
361.04	128.00
361.42	128.40
361.80	128.40
362.17	128.20
362.55	131.00
362.93	130.60
363.31	130.00
363.69	130.40
364.06	131.80
364.44	132.20
364.82	130.80
365.20	132.60
365.58	131.00
365.95	132.00
366.33	130.80
366.71	131.40
367.09	131.20
367.46	130.60
367.84	131.00
368.22	131.40
368.60	131.20
368.97	132.60
369.35	133.40
369.73	133.00
370.11	134.00
370.48	134.20
370.86	136.20
371.24	136.60
371.62	138.00
371.99	137.60
372.37	136.40
372.75	137.80
373.12	137.60
373.50	136.00
373.88	136.40
374.25	137.80
374.63	139.40
375.01	140.20
375.38	140.40
375.76	141.60
376.14	142.00
376.51	141.20
376.89	141.60
377.27	143.00
377.64	143.00
378.02	142.60
378.40	143.80
378.77	145.20
379.15	145.00
379.53	144.60
379.90	145.00
380.28	147.80
380.66	147.60
381.03	147.00
381.41	149.40
381.78	150.60
382.16	148.40
382.54	151.60
382.91	152.60
383.29	152.60
383.66	152.20
384.04	153.20
384.42	153.40
384.79	153.40
385.17	154.60
385.54	156.00
385.92	159.20
386.29	156.80
386.67	156.20
387.05	157.80
387.42	159.40
387.80	160.60
388.17	161.60
388.55	160.80
388.92	164.00
389.30	160.00
389.67	166.20
390.05	164.80
390.42	164.60
390.80	169.40
391.17	170.20
391.55	173.00
391.92	171.60
392.30	172.20
392.67	171.00
393.05	173.60
393.42	174.80
393.80	177.20
394.17	179.00
394.55	179.20
394.92	178.60
395.30	177.40
395.67	182.20
396.05	182.20
396.42	185.80
396.80	186.20
397.17	185.00
397.55	183.80
397.92	190.80
398.29	192.60
398.67	191.40
399.04	195.20
399.42	192.20
399.79	195.60
400.17	200.20
400.54	198.60
400.91	199.40
401.29	202.00
401.66	200.00
402.04	202.00
402.41	199.00
402.78	205.80
403.16	209.20
403.53	205.60
403.90	207.80
404.28	206.60
404.65	211.60
405.03	214.00
405.40	217.20
405.77	215.40
406.15	217.40
406.52	214.00
406.89	219.80
407.27	214.60
407.64	220.60
408.01	227.00
408.39	226.60
408.76	227.00
409.13	227.20
409.51	229.80
409.88	237.60
410.25	234.20
410.62	234.40
411.00	238.60
411.37	238.40
411.74	237.60
412.12	244.00
412.49	241.00
412.86	245.40
413.23	246.00
413.61	252.40
413.98	255.60
414.35	255.20
414.73	255.80
415.10	249.40
415.47	258.60
415.84	255.20
416.22	259.40
416.59	257.20
416.96	267.00
417.33	263.40
417.70	267.20
418.08	280.00
418.45	273.40
418.82	276.40
419.19	280.40
419.57	284.00
419.94	279.40
420.31	292.60
420.68	284.80
421.05	285.40
421.42	292.60
421.80	289.40
422.17	293.80
422.54	303.00
422.91	296.60
423.28	297.60
423.65	301.40
424.03	306.20
424.40	303.40
424.77	306.00
425.14	308.60
425.51	312.20
425.88	315.40
426.25	316.80
426.63	323.20
427.00	323.20
427.37	333.40
427.74	337.60
428.11	327.20
428.48	342.40
428.85	343.20
429.22	339.00
429.59	346.60
429.97	350.40
430.34	350.60
430.71	354.80
431.08	354.80
431.45	363.00
431.82	363.20
432.19	364.00
432.56	368.80
432.93	369.40
433.30	372.20
433.67	380.00
434.04	382.20
434.41	387.80
434.78	387.20
435.15	392.40
435.52	406.40
435.89	409.40
436.26	403.60
436.63	404.00
437.00	410.60
437.37	414.00
437.74	414.80
438.11	428.00
438.48	419.60
438.85	431.80
439.22	437.40
439.59	447.20
439.96	439.60
440.33	448.80
440.70	457.00
441.07	453.40
441.44	467.00
441.81	451.00
442.18	460.60
442.55	466.80
442.92	470.80
443.29	465.80
443.66	468.20
444.03	481.80
444.40	479.40
444.77	488.80
445.14	484.80
445.51	501.20
445.88	494.60
446.24	494.80
446.61	504.20
446.98	491.20
447.35	518.40
447.72	512.80
448.09	515.20
448.46	508.60
448.83	518.00
449.20	515.80
449.56	517.60
449.93	528.00
450.30	519.40
450.67	540.40
451.04	520.00
451.41	527.40
451.78	549.20
452.14	536.00
452.51	546.60
452.88	541.40
453.25	542.80
453.62	550.60
453.99	555.40
454.35	553.40
454.72	562.20
455.09	570.20
455.46	572.40
455.83	582.20
456.19	580.60
456.56	580.80
456.93	579.60
457.30	590.60
457.66	591.00
458.03	599.80
458.40	589.40
458.77	601.60
459.14	614.00
459.50	603.20
459.87	595.60
460.24	620.00
460.61	618.20
460.97	630.20
461.34	617.40
461.71	625.20
462.07	624.20
462.44	639.00
462.81	654.80
463.18	647.80
463.54	646.20
463.91	670.80
464.28	659.40
464.64	663.20
465.01	664.40
465.38	683.80
465.75	666.40
466.11	685.60
466.48	694.80
466.85	682.60
467.21	686.00
467.58	698.00
467.95	708.80
468.31	711.80
468.68	720.80
469.04	730.40
469.41	746.00
469.78	742.80
470.14	752.20
470.51	753.80
470.88	769.00
471.24	766.60
471.61	784.00
471.98	774.40
472.34	800.80
472.71	801.80
473.07	816.40
473.44	817.40
473.81	826.60
474.17	827.60
474.54	841.20
474.90	847.20
475.27	841.00
475.63	866.40
476.00	871.80
476.37	875.40
476.73	879.80
477.10	913.00
477.46	915.40
477.83	904.00
478.19	923.20
478.56	945.80
478.92	951.80
479.29	962.40
479.65	957.20
480.02	958.80
480.38	988.20
480.75	999.00
481.11	1003.00
481.48	1023.80
481.84	1026.00
482.21	1029.20
482.57	1050.20
482.94	1051.80
483.30	1060.60
483.67	1074.80
484.03	1080.20
484.40	1089.40
484.76	1096.00
485.13	1112.40
485.49	1119.20
485.86	1129.00
486.22	1153.20
486.59	1146.20
486.95	1152.20
487.31	1162.60
487.68	1172.00
488.04	1191.80
488.41	1200.00
488.77	1192.80
489.14	1200.80
489.50	1211.00
489.86	1223.20
490.23	1232.40
490.59	1238.00
490.96	1253.80
491.32	1258.80
491.68	1270.20
492.05	1266.40
492.41	1279.60
492.77	1290.00
493.14	1284.20
493.50	1305.20
493.87	1304.00
494.23	1307.40
494.59	1319.40
494.96	1332.40
495.32	1317.00
495.68	1339.60
496.05	1338.80
496.41	1344.20
496.77	1357.60
497.14	1362.80
497.50	1357.20
497.86	1363.40
498.23	1362.60
498.59	1370.60
498.95	1382.40
499.31	1382.60
499.68	1394.40
500.04	1394.40
500.40	1401.80
500.77	1392.60
501.13	1410.20
501.49	1407.00
501.85	1423.40
502.22	1409.40
502.58	1423.80
502.94	1419.20
503.30	1420.20
503.67	1422.40
504.03	1429.40
504.39	1428.80
504.75	1451.80
505.12	1446.60
505.48	1452.40
505.84	1455.80
506.20	1453.20
506.56	1458.80
506.93	1458.60
507.29	1473.60
507.65	1466.60
508.01	1476.40
508.37	1495.40
508.74	1482.60
509.10	1489.00
509.46	1491.00
509.82	1491.60
510.18	1495.80
510.54	1497.00
510.91	1500.00
511.27	1506.40
511.63	1516.40
511.99	1520.80
512.35	1511.80
512.71	1530.20
513.07	1538.60
513.43	1528.80
513.80	1523.80
514.16	1542.60
514.52	1543.40
514.88	1556.20
515.24	1558.00
515.60	1571.80
515.96	1557.60
516.32	1567.00
516.68	1577.60
517.04	1599.20
517.41	1582.60
517.77	1602.20
518.13	1595.40
518.49	1611.60
518.85	1613.00
519.21	1626.60
519.57	1622.20
519.93	1613.60
520.29	1630.60
520.65	1650.00
521.01	1642.40
521.37	1655.00
521.73	1647.00
522.09	1661.20
522.45	1674.40
522.81	1671.00
523.17	1688.20
523.53	1680.20
523.89	1667.80
524.25	1689.20
524.61	1693.00
524.97	1689.60
525.33	1705.20
525.69	1718.00
526.05	1718.20
526.41	1721.40
526.77	1724.60
527.13	1731.20
527.49	1750.00
527.85	1713.60
528.21	1757.00
528.57	1755.20
528.93	1758.60
529.29	1760.80
529.65	1760.20
530.00	1766.40
530.36	1755.40
530.72	1779.60
531.08	1773.00
531.44	1785.20
531.80	1790.40
532.16	1798.40
532.52	1796.00
532.88	1807.00
533.24	1799.80
533.59	1810.80
533.95	1795.80
534.31	1820.80
534.67	1808.60
535.03	1827.20
535.39	1815.40
535.75	1822.00
536.11	1821.60
536.46	1818.60
536.82	1832.40
537.18	1837.20
537.54	1830.80
537.90	1852.40
538.26	1833.80
538.61	1847.80
538.97	1854.40
539.33	1847.20
539.69	1859.40
540.05	1854.60
540.40	1842.40
540.76	1878.60
541.12	1874.40
541.48	1887.60
541.84	1867.60
542.19	1873.00
542.55	1886.60
542.91	1871.20
543.27	1882.00
543.62	1888.60
543.98	1882.00
544.34	1873.40
544.70	1901.20
545.05	1905.20
545.41	1913.00
545.77	1900.80
546.12	1912.80
546.48	1910.80
546.84	1904.20
547.20	1901.00
547.55	1919.60
547.91	1933.40
548.27	1923.20
548.62	1923.60
548.98	1927.80
549.34	1930.00
549.69	1939.80
550.05	1944.00
550.41	1945.00
550.77	1924.60
551.12	1935.40
551.48	1935.00
551.83	1961.20
552.19	1943.20
552.55	1961.80
552.90	1951.20
553.26	1960.20
553.62	1972.20
553.97	1970.60
554.33	1972.20
554.69	1979.60
555.04	1973.20
555.40	1977.80
555.75	1997.40
556.11	2018.20
556.47	1997.80
556.82	1997.80
557.18	2013.40
557.53	1994.60
557.89	2013.40
558.24	2006.60
558.60	2008.80
558.96	2024.40
559.31	2027.20
559.67	2027.20
560.02	2036.40
560.38	2023.40
560.73	2038.40
561.09	2044.20
561.44	2059.00
561.80	2040.40
562.16	2060.40
562.51	2064.60
562.87	2081.40
563.22	2079.00
563.58	2074.40
563.93	2078.80
564.29	2076.80
564.64	2107.80
565.00	2087.80
565.35	2090.00
565.71	2090.80
566.06	2096.60
566.41	2117.20
566.77	2092.00
567.12	2127.80
567.48	2131.40
567.83	2129.60
568.19	2130.20
568.54	2139.20
568.90	2139.80
569.25	2146.00
569.60	2150.40
569.96	2161.00
570.31	2140.60
570.67	2147.00
571.02	2153.80
571.38	2174.20
571.73	2172.20
572.08	2187.00
572.44	2165.00
572.79	2178.60
573.15	2177.40
573.50	2160.40
573.85	2178.80
574.21	2192.80
574.56	2164.80
574.91	2194.20
575.27	2200.80
575.62	2182.00
575.97	2186.40
576.33	2194.40
576.68	2205.60
577.03	2212.80
577.39	2200.80
577.74	2199.60
578.09	2202.40
578.45	2194.20
578.80	2194.20
579.15	2191.80
579.51	2197.60
579.86	2195.00
580.21	2192.60
580.57	2207.20
580.92	2208.80
581.27	2198.20
581.62	2206.80
581.98	2189.00
582.33	2190.20
582.68	2191.80
583.03	2183.20
583.39	2202.60
583.74	2197.00
584.09	2188.80
584.44	2200.80
584.80	2189.20
585.15	2184.20
585.50	2193.40
585.85	2199.20
586.21	2172.20
586.56	2196.20
586.91	2184.80
587.26	2191.60
587.61	2196.60
587.97	2176.00
588.32	2179.80
588.67	2181.40
589.02	2205.40
589.37	2168.40
589.73	2189.20
590.08	2189.40
590.43	2181.80
590.78	2184.60
591.13	2172.40
591.48	2187.60
591.83	2163.80
592.19	2169.60
592.54	2175.80
592.89	2183.40
593.24	2182.80
593.59	2180.40
593.94	2186.00
594.29	2186.00
594.64	2189.20
595.00	2202.20
595.35	2203.40
595.70	2174.20
596.05	2175.20
596.40	2184.20
596.75	2194.40
597.10	2204.00
597.45	2185.20
597.80	2198.80
598.15	2186.40
598.50	2188.40
598.85	2194.20
599.20	2194.60
599.55	2195.60
599.90	2191.00
600.26	2197.80
600.61	2211.40
600.96	2211.60
601.31	2213.40
601.66	2209.20
602.01	2191.80
602.36	2217.00
602.71	2208.40
603.06	2203.60
603.41	2200.60
603.76	2219.40
604.11	2225.60
604.46	2202.80
604.81	2226.60
605.16	2223.60
605.50	2224.00
605.85	2228.00
606.20	2239.20
606.55	2235.40
606.90	2220.40
607.25	2227.40
607.60	2225.20
607.95	2232.80
608.30	2245.00
608.65	2248.00
609.00	2252.60
609.35	2250.80
609.70	2244.80
610.05	2232.80
610.40	2254.00
610.74	2245.20
611.09	2249.60
611.44	2259.60
611.79	2257.20
612.14	2281.80
612.49	2268.00
612.84	2256.40
613.19	2291.60
613.53	2273.60
613.88	2293.20
614.23	2275.80
614.58	2275.00
614.93	2262.80
615.28	2285.20
615.62	2272.20
615.97	2282.20
616.32	2299.80
616.67	2279.80
617.02	2279.00
617.37	2281.60
617.71	2302.60
618.06	2303.20
618.41	2313.40
618.76	2299.00
619.11	2304.80
619.45	2317.40
619.80	2312.00
620.15	2300.40
620.50	2291.00
620.84	2308.40
621.19	2306.40
621.54	2303.80
621.89	2304.00
622.23	2283.40
622.58	2295.40
622.93	2288.00
623.28	2300.80
623.62	2264.60
623.97	2298.00
624.32	2306.00
624.66	2295.00
625.01	2308.80
625.36	2291.00
625.71	2288.20
626.05	2293.00
626.40	2286.00
626.75	2286.80
627.09	2294.80
627.44	2279.00
627.79	2307.80
628.13	2259.80
628.48	2288.00
628.83	2279.40
629.17	2248.20
629.52	2274.60
629.87	2265.20
630.21	2279.00
630.56	2289.20
630.90	2269.20
631.25	2280.20
631.60	2252.80
631.94	2267.40
632.29	2257.20
632.63	2267.20
632.98	2248.20
633.33	2236.20
633.67	2240.60
634.02	2243.20
634.36	2228.00
634.71	2212.60
635.06	2230.00
635.40	2214.60
635.75	2224.80
636.09	2192.40
636.44	2210.80
636.78	2188.60
637.13	2193.00
637.47	2171.60
637.82	2177.60
638.16	2150.40
638.51	2177.20
638.86	2170.80
639.20	2199.40
639.55	2171.80
639.89	2168.80
640.24	2156.40
640.58	2166.60
640.93	2152.00
641.27	2150.00
641.62	2156.80
641.96	2144.40
642.30	2131.60
642.65	2141.00
642.99	2134.60
643.34	2126.40
643.68	2127.20
644.03	2119.20
644.37	2116.00
644.72	2116.60
645.06	2098.60
645.40	2112.80
645.75	2111.00
646.09	2090.80
646.44	2121.40
646.78	2089.20
647.13	2084.80
647.47	2081.60
647.81	2075.40
648.16	2077.40
648.50	2089.20
648.85	2078.00
649.19	2059.40
649.53	2059.00
649.88	2073.60
650.22	2076.60
650.56	2059.60
650.91	2071.20
651.25	2054.60
651.59	2046.80
651.94	2069.80
652.28	2065.40
652.62	2057.80
652.97	2067.60
653.31	2056.40
653.65	2043.80
654.00	2040.40
654.34	2053.80
654.68	2053.40
655.03	2037.20
655.37	2049.60
655.71	2046.00
656.05	2031.60
656.40	2040.40
656.74	2022.60
657.08	2023.20
657.43	2042.80
657.77	2011.20
658.11	2026.80
658.45	2037.20
658.80	2029.20
659.14	2026.80
659.48	2018.40
659.82	2035.20
660.16	2024.80
660.51	2000.40
660.85	2030.60
661.19	2016.60
661.53	2015.20
661.87	2019.20
662.22	2011.00
662.56	1995.40
662.90	2035.40
663.24	2021.40
663.58	2007.00
663.93	2013.00
664.27	1999.20
664.61	2028.80
664.95	2026.00
665.29	2015.00
665.63	2024.20
665.98	2005.20
666.32	2023.80
666.66	1993.80
667.00	2001.00
667.34	2007.80
667.68	2012.80
668.02	1975.60
668.36	2000.00
668.70	1987.00
669.05	1986.80
669.39	1997.00
669.73	1987.80
670.07	1984.20
670.41	1984.40
670.75	1993.20
671.09	1983.00
671.43	1987.20
671.77	1976.20
672.11	1975.80
672.45	1988.20
672.79	1971.80
673.13	1999.80
673.47	1972.00
673.81	1994.40
674.16	1972.00
674.50	1979.00
674.84	1966.00
675.18	1961.60
675.52	1985.40
675.86	1966.60
676.20	1981.60
676.54	1970.80
676.88	1956.80
677.22	1965.20
677.56	1941.20
677.90	1957.40
678.23	1940.80
678.57	1941.80
678.91	1953.40
679.25	1952.40
679.59	1925.40
679.93	1931.80
680.27	1935.40
680.61	1923.40
680.95	1916.00
681.29	1918.40
681.63	1898.00
681.97	1923.80
682.31	1886.40
682.65	1899.60
682.99	1923.20
683.32	1899.00
683.66	1909.20
684.00	1896.00
684.34	1892.80
684.68	1859.00
685.02	1885.20
685.36	1868.00
685.70	1876.00
686.03	1880.00
686.37	1871.80
686.71	1867.80
687.05	1869.20
687.39	1857.80
687.73	1859.20
688.07	1843.00
688.40	1854.40
688.74	1846.00
689.08	1820.60
689.42	1831.20
689.76	1824.20
690.09	1811.00
690.43	1804.00
690.77	1832.80
691.11	1792.60
691.45	1786.40
691.78	1797.20
692.12	1775.40
692.46	1785.20
692.80	1773.00
693.13	1780.80
693.47	1761.00
693.81	1756.00
694.15	1743.20
694.48	1735.80
694.82	1747.00
695.16	1744.00
695.50	1730.60
695.83	1723.40
696.17	1713.80
696.51	1712.80
696.84	1702.80
697.18	1703.40
697.52	1697.60
697.85	1691.40
698.19	1689.60
698.53	1689.00
698.87	1673.80
699.20	1665.60
699.54	1652.60
699.88	1670.40
700.21	1654.00
700.55	1652.60
700.88	1641.60
701.22	1634.40
701.56	1648.20
701.89	1633.00
702.23	1620.00
702.57	1622.80
702.90	1609.00
703.24	1609.00
703.57	1599.80
703.91	1589.80
704.25	1592.80
704.58	1598.00
704.92	1590.60
705.25	1578.60
705.59	1578.40
705.93	1569.00
706.26	1569.40
706.60	1564.40
706.93	1557.20
707.27	1545.00
707.60	1560.60
707.94	1537.60
708.27	1544.40
708.61	1548.40
708.95	1532.20
709.28	1516.20
709.62	1534.40
709.95	1521.40
710.29	1517.60
710.62	1505.00
710.96	1512.40
711.29	1492.20
711.63	1506.40
711.96	1493.60
712.30	1497.00
712.63	1497.80
712.96	1480.60
713.30	1494.80
713.63	1480.80
713.97	1483.80
714.30	1476.20
714.64	1462.20
714.97	1464.80
715.31	1469.00
715.64	1460.40
715.97	1458.00
716.31	1458.00
716.64	1439.00
716.98	1456.20
717.31	1453.00
717.64	1442.60
717.98	1445.20
718.31	1442.00
718.65	1424.60
718.98	1423.80
719.31	1424.80
719.65	1429.20
719.98	1423.80
720.32	1430.40
720.65	1433.20
720.98	1420.00
721.32	1418.40
721.65	1407.20
721.98	1412.60
722.32	1419.40
722.65	1410.00
722.98	1399.00
723.32	1400.00
723.65	1386.60
723.98	1403.80
724.31	1392.20
724.65	1402.60
724.98	1394.60
725.31	1380.40
725.65	1398.80
725.98	1393.80
726.31	1378.00
726.64	1383.60
726.98	1380.40
727.31	1376.40
727.64	1384.60
727.97	1372.00
728.31	1372.40
728.64	1374.40
728.97	1370.60
729.30	1371.60
729.64	1388.20
729.97	1362.20
730.30	1371.40
730.63	1362.00
730.96	1357.60
731.30	1364.20
731.63	1358.00
731.96	1357.00
732.29	1353.80
732.62	1363.60
732.96	1351.20
733.29	1350.00
733.62	1350.00
733.95	1340.00
734.28	1337.60
734.61	1328.40
734.94	1326.20
735.28	1337.80
735.61	1330.00
735.94	1343.00
736.27	1333.00
736.60	1329.60
736.93	1334.60
737.26	1333.00
737.59	1330.40
737.92	1328.80
738.26	1332.00
738.59	1311.00
738.92	1333.60
739.25	1318.60
739.58	1313.00
739.91	1320.20
740.24	1303.00
740.57	1306.60
740.90	1316.00
741.23	1306.40
741.56	1299.40
741.89	1307.80
742.22	1287.40
742.55	1310.40
742.88	1297.00
743.21	1295.20
743.54	1298.20
743.87	1292.60
744.20	1299.40
744.53	1286.20
744.86	1286.40
745.19	1276.00
745.52	1286.20
745.85	1285.20
746.18	1281.60
746.51	1271.20
746.84	1277.60
747.17	1268.60
747.50	1260.20
747.83	1253.40
748.16	1250.00
748.49	1260.20
748.82	1246.60
749.15	1248.20
749.48	1255.20
749.81	1252.20
750.14	1244.40
750.46	1240.00
750.79	1231.80
751.12	1233.00
751.45	1222.80
751.78	1222.80
752.11	1225.80
752.44	1218.80
752.77	1211.20
753.10	1211.60
753.42	1208.40
753.75	1196.40
754.08	1203.80
754.41	1187.00
754.74	1197.80
755.07	1195.20
755.39	1183.20
755.72	1182.40
756.05	1162.00
756.38	1181.40
756.71	1170.80
757.04	1162.60
757.36	1158.40
757.69	1157.80
758.02	1159.00
758.35	1153.40
758.67	1149.40
759.00	1149.60
759.33	1139.60
759.66	1120.80
759.99	1120.60
760.31	1124.40
760.64	1126.60
760.97	1129.00
761.30	1114.20
761.62	1113.60
761.95	1113.40
762.28	1106.80
762.60	1101.80
762.93	1093.80
763.26	1082.00
763.59	1084.00
763.91	1087.60
764.24	1078.60
764.57	1084.40
764.89	1076.40
765.22	1062.40
765.55	1068.80
765.87	1072.40
766.20	1049.20
766.53	1059.60
766.85	1058.40
767.18	1036.80
767.51	1045.40
767.83	1022.40
768.16	1031.40
768.48	1028.80
768.81	1023.80
769.14	1019.20
769.46	1012.80
769.79	1015.00
770.12	1008.60
770.44	995.80
770.77	1010.00
771.09	983.60
771.42	979.80
771.74	973.60
772.07	983.80
772.40	969.20
772.72	971.60
773.05	970.60
773.37	958.40
773.70	947.60
774.02	956.60
774.35	946.20
774.67	931.40
775.00	935.20
775.32	931.00
775.65	920.40
775.97	925.00
776.30	912.80
776.63	912.60
776.95	915.60
777.27	901.40
777.60	893.00
777.92	899.60
778.25	903.20
778.57	898.80
778.90	893.80
779.22	877.00
779.55	884.80
779.87	874.00
780.20	877.40
780.52	869.20
780.85	870.80
781.17	859.40
781.49	849.60
781.82	849.40
782.14	845.40
782.47	849.60
782.79	843.80
783.11	837.80
783.44	832.20
783.76	829.80
784.09	819.20
784.41	826.60
784.73	814.80
785.06	805.40
785.38	806.40
785.70	801.40
786.03	800.00
786.35	799.60
786.67	797.80
787.00	791.60
787.32	787.60
787.64	798.60
787.97	796.00
788.29	788.80
788.61	775.40
788.94	781.20
789.26	780.60
789.58	781.80
789.91	778.40
790.23	778.60
790.55	776.80
790.87	766.80
791.20	772.60
791.52	773.80
791.84	767.40
792.16	769.80
792.49	766.20
792.81	758.80
793.13	771.00
793.45	766.00
793.78	766.40
794.10	760.00
794.42	759.80
794.74	756.20
795.06	760.40
795.39	769.20
795.71	763.80
796.03	761.80
796.35	770.80
796.67	761.60
797.00	768.40
797.32	768.20
797.64	766.80
797.96	763.80
798.28	775.00
798.60	776.20
798.93	771.60
799.25	777.40
799.57	776.80
799.89	773.20
800.21	762.40
800.53	768.40
800.85	779.00
801.17	767.80
801.50	773.80
801.82	762.20
802.14	767.80
802.46	763.20
802.78	772.40
803.10	774.80
803.42	768.00
803.74	773.60
804.06	765.60
804.38	762.40
804.70	763.60
805.02	765.00
805.34	769.20
805.66	761.00
805.98	762.60
806.30	764.00
806.62	762.60
806.94	757.60
807.26	756.60
807.58	758.60
807.90	762.80
808.22	765.40
808.54	757.80
808.86	754.40
809.18	744.00
809.50	757.60
809.82	751.00
810.14	749.60
810.46	751.80
810.78	751.00
811.10	756.60
811.42	758.60
811.74	746.80
812.06	751.80
812.38	750.80
812.70	732.20
813.02	739.80
813.34	744.00
813.66	737.00
813.97	746.20
814.29	745.40
814.61	732.20
814.93	738.20
815.25	741.40
815.57	740.40
815.89	735.40
816.21	732.40
816.52	729.80
816.84	729.80
817.16	734.60
817.48	726.20
817.80	720.80
818.12	730.00
818.43	735.60
818.75	721.60
819.07	723.80
819.39	720.00
819.71	722.20
820.03	713.20
820.34	717.00
820.66	718.60
820.98	718.20
821.30	711.60
821.61	706.00
821.93	712.60
822.25	709.80
822.57	707.00
822.88	704.40
823.20	705.20
823.52	702.00
823.84	703.00
824.15	697.80
824.47	699.20
824.79	708.60
825.11	703.00
825.42	702.00
825.74	696.20
826.06	694.40
826.37	696.00
826.69	690.00
827.01	692.20
827.32	694.40
827.64	688.00
827.96	683.00
828.27	689.00
828.59	680.60
828.91	685.60
829.22	683.80
829.54	684.40
829.86	679.80
830.17	682.80
830.49	680.60
830.81	681.40
831.12	674.40
831.44	672.40
831.75	676.40
832.07	671.40
832.39	668.80
832.70	665.60
833.02	666.40
833.33	664.00
833.65	659.00
833.96	671.20
834.28	661.40
834.60	661.40
834.91	654.40
835.23	654.00
835.54	653.60
835.86	648.60
836.17	651.00
836.49	649.20
836.80	651.80
837.12	646.00
837.43	646.60
837.75	643.20
838.06	647.60
838.38	641.80
838.69	643.40
839.01	635.20
839.32	639.40
839.64	638.40
839.95	640.80
840.27	631.20
840.58	635.80
840.90	626.20
841.21	633.00
841.53	626.80
841.84	628.80
842.15	624.00
842.47	621.40
842.78	618.40
843.10	620.40
843.41	614.60
843.72	616.40
844.04	615.40
844.35	611.40
844.67	608.20
844.98	607.20
845.29	605.40
845.61	601.20
845.92	597.80
846.23	598.00
846.55	601.00
846.86	593.80
847.18	579.20
847.49	590.00
847.80	586.00
848.12	585.20
848.43	580.00
848.74	582.20
849.05	579.20
849.37	573.20
849.68	579.60
849.99	569.20
850.31	567.40
850.62	568.60
850.93	570.00
851.24	561.20
851.56	558.20
851.87	558.00
852.18	556.60
852.50	560.40
852.81	559.00
853.12	557.20
853.43	553.40
853.74	552.60
854.06	543.80
854.37	538.20
854.68	544.00
854.99	542.80
855.31	540.80
855.62	529.80
855.93	532.80
856.24	534.60
856.55	533.80
856.87	526.20
857.18	526.60
857.49	523.20
857.80	522.80
858.11	519.00
858.42	514.80
858.73	513.40
859.05	510.40
859.36	509.60
859.67	505.40
859.98	500.60
860.29	502.00
860.60	504.60
860.91	499.80
861.22	494.60
861.54	498.00
861.85	494.00
862.16	490.60
862.47	490.60
862.78	486.00
863.09	479.80
863.40	477.40
863.71	481.40
864.02	474.00
864.33	475.20
864.64	471.20
864.95	469.80
865.26	463.40
865.57	464.60
865.88	461.20
866.19	459.40
866.50	458.80
866.81	460.60
867.12	456.20
867.43	454.60
867.74	451.00
868.05	446.80
868.36	445.60
868.67	442.00
868.98	444.80
869.29	439.80
869.60	439.00
869.91	437.20
870.22	439.00
870.53	434.80
870.84	431.00
871.15	430.40
871.46	430.80
871.77	427.00
872.08	427.40
872.39	419.80
872.69	418.60
873.00	416.60
873.31	414.40
873.62	414.40
873.93	409.60
874.24	410.00
874.55	407.60
874.86	403.40
875.16	404.40
875.47	402.00
875.78	396.40
876.09	400.40
876.40	394.60
876.71	387.40
877.01	388.60
877.32	387.80
877.63	390.00
877.94	384.60
878.25	389.40
878.56	382.40
878.86	379.00
879.17	378.80
879.48	379.80
879.79	372.80
880.09	375.60
880.40	370.60
880.71	370.80
881.02	369.40
881.32	368.00
881.63	367.20
881.94	368.00
882.25	362.20
882.55	365.00
882.86	359.00
883.17	356.60
883.48	354.80
883.78	361.60
884.09	355.80
884.40	354.40
884.70	353.00
885.01	352.00
885.32	354.60
885.62	354.40
885.93	350.60
886.24	353.20
886.54	351.20
886.85	346.20
887.16	352.20
887.46	344.20
887.77	349.60
888.08	347.60
888.38	347.40
888.69	347.80
888.99	341.60
889.30	345.60
889.61	340.00
889.91	349.00
890.22	341.20
890.52	348.60
890.83	346.20
891.14	337.40
891.44	342.40
891.75	343.80
892.05	337.60
892.36	337.40
892.66	342.00
892.97	335.40
893.27	339.00
893.58	337.00
893.89	342.00
894.19	340.60
894.50	336.00
894.80	337.60
895.11	333.40
895.41	337.20
895.72	334.60
896.02	337.20
896.33	341.00
896.63	340.20
896.93	333.20
897.24	333.80
897.54	339.60
897.85	336.60
898.15	335.20
898.46	337.00
898.76	336.60
899.07	330.80
899.37	339.80
899.67	332.40
899.98	335.40
900.28	335.40
900.59	339.60
900.89	342.20
901.19	337.60
901.50	340.80
901.80	339.60
902.11	336.60
902.41	337.80
902.71	335.40
903.02	335.40
903.32	342.60
903.62	333.80
903.93	338.00
904.23	335.20
904.53	343.60
904.84	337.20
905.14	331.00
905.44	331.40
905.75	331.80
906.05	337.40
906.35	336.00
906.66	334.60
906.96	330.60
907.26	337.80
907.56	331.60
907.87	334.00
908.17	334.20
908.47	332.20
908.77	330.20
909.08	328.20
909.38	331.20
909.68	331.40
909.98	328.40
910.29	332.20
910.59	331.40
910.89	329.00
911.19	330.40
911.50	325.40
911.80	326.40
912.10	327.60
912.40	331.20
912.70	325.60
913.00	328.60
913.31	320.80
913.61	323.00
913.91	324.40
914.21	320.00
914.51	321.60
914.81	324.80
915.12	321.80
915.42	327.20
915.72	318.80
916.02	319.20
916.32	318.40
916.62	320.40
916.92	320.20
917.22	317.20
917.52	317.60
917.83	314.60
918.13	311.80
918.43	308.60
918.73	312.40
919.03	314.00
919.33	313.80
919.63	314.80
919.93	311.60
920.23	308.80
920.53	310.00
920.83	311.00
921.13	313.20
921.43	305.80
921.73	306.80
922.03	308.20
922.33	305.20
922.63	304.20
922.93	308.40
923.23	301.20
923.53	302.40
923.83	305.00
924.13	301.60
924.43	298.20
924.73	302.20
925.03	301.20
925.33	299.40
925.63	298.20
925.93	293.80
926.23	295.20
926.53	292.00
926.83	289.60
927.13	290.40
927.42	289.60
927.72	291.80
928.02	290.20
928.32	290.40
928.62	296.80
928.92	287.80
929.22	286.00
929.52	288.20
929.82	283.40
930.11	283.20
930.41	289.00
930.71	285.00
931.01	281.20
931.31	282.20
931.61	283.60
931.90	280.20
932.20	283.60
932.50	279.20
932.80	277.00
933.10	273.20
933.39	276.00
933.69	274.00
933.99	278.40
934.29	274.40
934.59	274.00
934.88	271.60
935.18	270.00
935.48	270.40
935.78	270.20
936.07	268.40
936.37	271.40
936.67	270.60
936.97	266.20
937.26	268.80
937.56	268.00
937.86	266.40
938.15	261.20
938.45	263.60
938.75	259.80
939.05	262.80
939.34	261.40
939.64	259.60
939.94	259.60
940.23	257.40
940.53	256.80
940.83	261.60
941.12	254.60
941.42	255.60
941.71	257.40
942.01	250.00
942.31	256.00
942.60	250.60
942.90	251.60
943.20	254.60
943.49	248.20
943.79	248.60
944.08	251.80
944.38	246.60
944.68	246.80
944.97	247.20
945.27	243.40
945.56	243.00
945.86	241.80
946.15	246.80
946.45	244.40
946.74	240.20
947.04	239.00
947.34	244.00
947.63	237.60
947.93	238.20
948.22	240.80
948.52	239.80
948.81	235.80
949.11	235.80
949.40	237.00
949.70	232.40
949.99	233.20
950.29	230.20
950.58	235.80
950.87	229.40
951.17	230.40
951.46	228.60
951.76	233.00
952.05	227.80
952.35	227.40
952.64	227.20
952.94	227.40
953.23	225.20
953.52	223.00
953.82	221.80
954.11	224.00
954.41	225.20
954.70	221.40
954.99	222.40
955.29	221.80
955.58	220.80
955.87	216.40
956.17	218.00
956.46	216.00
956.76	215.80
957.05	216.00
957.34	218.00
957.64	212.40
957.93	216.60
958.22	212.20
958.52	209.00
958.81	211.40
959.10	210.40
959.39	212.60
959.69	210.40
959.98	209.80
960.27	208.80
960.57	207.60
960.86	205.40
961.15	207.60
961.44	205.00
961.74	205.20
962.03	198.80
962.32	203.60
962.61	203.80
962.91	204.40
963.20	203.20
963.49	204.40
963.78	202.00
964.07	196.80
964.37	198.80
964.66	198.40
964.95	195.40
965.24	198.00
965.53	197.40
965.83	195.00
966.12	192.80
966.41	194.60
966.70	195.60
966.99	193.80
967.28	194.80
967.57	194.20
967.87	191.60
968.16	189.60
968.45	190.40
968.74	189.20
969.03	190.20
969.32	188.60
969.61	185.20
969.90	187.60
970.19	186.00
970.49	183.80
970.78	185.60
971.07	184.60
971.36	184.20
971.65	185.20
971.94	183.60
972.23	183.80
972.52	182.60
972.81	184.40
973.10	181.40
973.39	180.40
973.68	179.40
973.97	179.40
974.26	179.60
974.55	180.00
974.84	180.20
975.13	178.20
975.42	177.00
975.71	177.80
976.00	174.80
976.29	172.40
976.58	176.20
976.87	172.40
977.16	174.80
977.45	174.20
977.74	175.20
978.03	175.40
978.32	171.40
978.60	172.00
978.89	172.80
979.18	173.40
979.47	171.20
979.76	169.20
980.05	171.60
980.34	168.40
980.63	168.20
980.92	167.00
981.20	168.60
981.49	167.60
981.78	165.80
982.07	166.60
982.36	168.00
982.65	166.20
982.94	163.80
983.22	163.60
983.51	163.80
983.80	165.40
984.09	165.60
984.38	162.00
984.66	161.00
984.95	161.80
985.24	163.00
985.53	162.20
985.82	160.40
986.10	161.60
986.39	162.00
986.68	159.20
986.97	159.00
987.25	159.80
987.54	159.80
987.83	157.60
988.12	158.60
988.40	159.40
988.69	156.40
988.98	157.60
989.26	156.80
989.55	157.00
989.84	156.20
990.12	155.80
990.41	153.00
990.70	153.00
990.98	153.80
991.27	154.20
991.56	153.00
991.84	152.80
992.13	151.60
992.42	152.20
992.70	149.60
992.99	151.60
993.28	152.20
993.56	152.20
993.85	149.60
994.13	150.00
994.42	150.80
994.71	149.40
994.99	149.00
995.28	148.00
995.56	149.60
995.85	150.60
996.14	149.80
996.42	150.20
996.71	150.80
996.99	151.00
997.28	148.80
997.56	147.20
997.85	145.80
998.13	148.20
998.42	148.20
998.70	145.00
998.99	146.00
999.27	147.20
999.56	145.80
999.84	145.40
1000.13	145.60
1000.41	145.20
1000.70	146.20
1000.98	145.00
1001.27	142.60
1001.55	144.20
1001.84	143.60
1002.12	143.00
1002.40	143.80
1002.69	141.80
1002.97	143.00
1003.26	141.80
1003.54	139.40
1003.83	140.60
1004.11	142.80
1004.39	145.40
1004.68	141.80
1004.96	141.80
1005.24	142.00
1005.53	143.00
1005.81	139.40
1006.10	140.80
1006.38	140.00
1006.66	139.20
1006.95	138.60
1007.23	140.40
1007.51	142.60
1007.80	139.40
1008.08	139.40
1008.36	140.60
1008.65	140.20
1008.93	140.60
1009.21	140.20
1009.49	138.60
1009.78	138.20
1010.06	137.40
1010.34	138.60
1010.63	137.80
1010.91	136.60
1011.19	138.00
1011.47	137.60
1011.76	137.60
1012.04	136.80
1012.32	137.40
1012.60	136.40
1012.88	136.00
1013.17	136.20
1013.45	137.60
1013.73	136.80
1014.01	135.60
1014.29	135.20
1014.58	133.40
1014.86	134.00
1015.14	135.00
1015.42	134.80
1015.70	134.20
1015.98	134.60
1016.27	134.80
1016.55	134.40
1016.83	134.20
1017.11	134.20
1017.39	134.40
1017.67	134.00
1017.95	133.00
1018.23	133.40
1018.52	133.60
1018.80	133.60
1019.08	134.20
1019.36	134.00
1019.64	132.80
1019.92	132.20
1020.20	131.20
1020.48	131.60
1020.76	131.60
1021.04	129.20
1021.32	131.20
1021.60	131.60
1021.88	132.80
1022.16	131.60
1022.44	130.60
1022.72	130.00
