	0.0	
339.41	0.00
339.79	118.80
340.17	120.20
340.55	120.80
340.94	122.20
341.32	124.00
341.70	124.60
342.08	125.80
342.46	126.80
342.84	127.40
343.22	127.00
343.60	127.80
343.98	127.00
344.36	127.20
344.74	127.60
345.12	127.20
345.50	128.80
345.88	129.20
346.26	129.60
346.64	129.40
347.02	128.80
347.40	126.40
347.78	127.00
348.15	127.80
348.53	128.20
348.91	130.20
349.29	131.60
349.67	132.40
350.05	132.00
350.43	132.00
350.81	132.40
351.19	133.60
351.57	133.00
351.95	132.80
352.33	133.00
352.71	133.80
353.09	134.60
353.47	134.20
353.84	134.00
354.22	134.00
354.60	134.20
354.98	133.40
355.36	134.60
355.74	134.60
356.12	134.20
356.50	134.80
356.88	134.60
357.25	134.20
357.63	136.00
358.01	135.20
358.39	135.80
358.77	137.00
359.15	138.20
359.53	137.00
359.90	138.00
360.28	136.40
360.66	137.40
361.04	136.40
361.42	137.80
361.80	137.60
362.17	137.80
362.55	137.20
362.93	139.40
363.31	137.80
363.69	138.00
364.06	139.60
364.44	139.80
364.82	139.60
365.20	141.40
365.58	141.20
365.95	138.60
366.33	140.60
366.71	141.00
367.09	140.80
367.46	140.20
367.84	142.00
368.22	143.20
368.60	142.00
368.97	143.00
369.35	143.20
369.73	144.20
370.11	144.40
370.48	145.60
370.86	145.60
371.24	146.40
371.62	145.20
371.99	145.20
372.37	144.20
372.75	145.40
373.12	146.60
373.50	144.80
373.88	146.80
374.25	147.60
374.63	147.00
375.01	148.40
375.38	148.40
375.76	148.60
376.14	149.00
376.51	150.60
376.89	152.00
377.27	152.00
377.64	150.80
378.02	152.20
378.40	153.40
378.77	152.60
379.15	152.40
379.53	154.40
379.90	154.40
380.28	154.80
380.66	158.40
381.03	157.60
381.41	157.80
381.78	158.80
382.16	158.00
382.54	159.60
382.91	157.00
383.29	161.20
383.66	162.40
384.04	162.20
384.42	162.20
384.79	161.40
385.17	164.00
385.54	164.00
385.92	166.20
386.29	163.40
386.67	166.20
387.05	167.80
387.42	171.20
387.80	168.80
388.17	170.40
388.55	169.20
388.92	174.40
389.30	172.80
389.67	171.20
390.05	172.80
390.42	174.80
390.80	178.00
391.17	177.20
391.55	179.20
391.92	179.60
392.30	179.20
392.67	182.80
393.05	184.60
393.42	184.40
393.80	185.00
394.17	187.80
394.55	186.40
394.92	190.40
395.30	189.40
395.67	189.20
396.05	190.80
396.42	193.00
396.80	193.80
397.17	196.00
397.55	195.60
397.92	197.60
398.29	199.60
398.67	201.20
399.04	200.00
399.42	202.40
399.79	202.00
400.17	205.80
400.54	206.40
400.91	208.20
401.29	208.80
401.66	211.80
402.04	211.00
402.41	207.60
402.78	213.40
403.16	212.20
403.53	212.80
403.90	222.40
404.28	211.00
404.65	220.00
405.03	224.00
405.40	221.40
405.77	222.80
406.15	224.60
406.52	226.60
406.89	231.40
407.27	227.40
407.64	231.00
408.01	235.00
408.39	239.40
408.76	240.20
409.13	238.20
409.51	239.60
409.88	244.20
410.25	242.40
410.62	242.40
411.00	248.80
411.37	251.60
411.74	244.20
412.12	252.20
412.49	250.00
412.86	255.20
413.23	260.40
413.61	259.20
413.98	263.80
414.35	263.60
414.73	260.60
415.10	261.40
415.47	273.00
415.84	268.00
416.22	268.20
416.59	270.00
416.96	276.20
417.33	275.00
417.70	278.40
418.08	286.80
418.45	281.60
418.82	285.00
419.19	286.80
419.57	296.60
419.94	291.20
420.31	300.60
420.68	299.20
421.05	291.40
421.42	298.40
421.80	299.40
422.17	299.20
422.54	312.00
422.91	304.00
423.28	303.00
423.65	314.60
424.03	313.80
424.40	314.20
424.77	322.20
425.14	320.80
425.51	323.60
425.88	324.20
426.25	327.80
426.63	334.60
427.00	329.60
427.37	340.00
427.74	352.60
428.11	340.00
428.48	350.80
428.85	354.80
429.22	353.40
429.59	351.60
429.97	355.60
430.34	360.20
430.71	363.80
431.08	368.40
431.45	375.80
431.82	375.40
432.19	372.60
432.56	379.00
432.93	378.40
433.30	385.00
433.67	386.60
434.04	390.80
434.41	397.80
434.78	401.80
435.15	397.60
435.52	414.60
435.89	413.20
436.26	417.60
436.63	415.20
437.00	424.20
437.37	428.40
437.74	423.40
438.11	441.20
438.48	432.20
438.85	444.20
439.22	454.00
439.59	455.00
439.96	446.80
440.33	457.80
440.70	473.60
441.07	465.00
441.44	476.00
441.81	462.00
442.18	469.60
442.55	477.00
442.92	483.60
443.29	486.00
443.66	473.00
444.03	489.40
444.40	487.60
444.77	504.40
445.14	502.20
445.51	516.80
445.88	502.00
446.24	512.00
446.61	519.80
446.98	510.20
447.35	528.00
447.72	529.20
448.09	524.00
448.46	519.20
448.83	532.80
449.20	528.20
449.56	528.00
449.93	542.80
450.30	533.20
450.67	551.00
451.04	539.00
451.41	536.60
451.78	555.60
452.14	550.40
452.51	554.40
452.88	550.80
453.25	558.20
453.62	565.20
453.99	560.20
454.35	565.40
454.72	578.60
455.09	577.20
455.46	584.00
455.83	599.00
456.19	597.60
456.56	589.40
456.93	597.80
457.30	606.40
457.66	601.20
458.03	613.80
458.40	612.60
458.77	613.40
459.14	627.40
459.50	628.00
459.87	600.80
460.24	632.40
460.61	629.80
460.97	640.20
461.34	636.60
461.71	641.00
462.07	638.00
462.44	655.60
462.81	671.00
463.18	674.00
463.54	664.60
463.91	688.40
464.28	681.00
464.64	672.40
465.01	682.60
465.38	707.80
465.75	681.60
466.11	702.00
466.48	698.40
466.85	697.20
467.21	701.60
467.58	717.00
467.95	727.00
468.31	731.40
468.68	739.00
469.04	749.20
469.41	765.60
469.78	760.20
470.14	775.80
470.51	772.60
470.88	787.40
471.24	781.80
471.61	804.40
471.98	787.80
472.34	822.00
472.71	820.20
473.07	828.40
473.44	831.00
473.81	848.80
474.17	849.80
474.54	858.00
474.90	868.20
475.27	863.40
475.63	882.20
476.00	887.20
476.37	887.40
476.73	896.40
477.10	928.20
477.46	938.40
477.83	929.20
478.19	941.40
478.56	961.80
478.92	972.80
479.29	977.00
479.65	977.00
480.02	981.00
480.38	1004.40
480.75	1012.00
481.11	1027.60
481.48	1034.80
481.84	1046.20
482.21	1055.80
482.57	1052.80
482.94	1069.00
483.30	1084.00
483.67	1097.00
484.03	1098.40
484.40	1111.80
484.76	1115.40
485.13	1131.60
485.49	1146.40
485.86	1153.60
486.22	1162.60
486.59	1169.80
486.95	1181.80
487.31	1187.00
487.68	1202.20
488.04	1220.80
488.41	1219.00
488.77	1211.40
489.14	1230.80
489.50	1249.00
489.86	1252.60
490.23	1255.20
490.59	1258.80
490.96	1277.60
491.32	1282.40
491.68	1305.00
492.05	1290.60
492.41	1306.40
492.77	1313.00
493.14	1312.00
493.50	1326.60
493.87	1321.60
494.23	1339.80
494.59	1335.80
494.96	1353.00
495.32	1350.60
495.68	1364.40
496.05	1370.00
496.41	1383.00
496.77	1378.00
497.14	1371.00
497.50	1386.40
497.86	1395.40
498.23	1394.20
498.59	1392.80
498.95	1406.00
499.31	1407.60
499.68	1415.60
500.04	1421.00
500.40	1424.80
500.77	1423.80
501.13	1431.00
501.49	1430.00
501.85	1437.20
502.22	1442.00
502.58	1433.40
502.94	1456.60
503.30	1446.60
503.67	1460.80
504.03	1467.80
504.39	1453.00
504.75	1478.80
505.12	1476.00
505.48	1481.40
505.84	1476.00
506.20	1468.40
506.56	1485.20
506.93	1488.80
507.29	1498.00
507.65	1484.00
508.01	1505.00
508.37	1514.80
508.74	1513.60
509.10	1524.80
509.46	1522.00
509.82	1519.00
510.18	1526.20
510.54	1534.00
510.91	1528.80
511.27	1530.80
511.63	1549.40
511.99	1550.00
512.35	1547.40
512.71	1552.80
513.07	1551.60
513.43	1563.20
513.80	1570.00
514.16	1572.60
514.52	1583.00
514.88	1578.40
515.24	1593.80
515.60	1608.00
515.96	1589.80
516.32	1601.80
516.68	1615.00
517.04	1622.00
517.41	1612.40
517.77	1630.60
518.13	1626.20
518.49	1629.60
518.85	1639.40
519.21	1651.00
519.57	1659.40
519.93	1652.40
520.29	1662.20
520.65	1671.20
521.01	1676.40
521.37	1688.80
521.73	1681.40
522.09	1698.60
522.45	1702.80
522.81	1706.60
523.17	1707.00
523.53	1720.00
523.89	1719.20
524.25	1711.40
524.61	1720.40
524.97	1721.20
525.33	1737.80
525.69	1739.40
526.05	1744.40
526.41	1760.00
526.77	1761.80
527.13	1761.40
527.49	1779.00
527.85	1768.00
528.21	1783.60
528.57	1799.20
528.93	1792.00
529.29	1799.00
529.65	1784.40
530.00	1796.60
530.36	1792.80
530.72	1811.20
531.08	1804.20
531.44	1808.00
531.80	1837.20
532.16	1832.60
532.52	1828.80
532.88	1838.20
533.24	1841.40
533.59	1851.00
533.95	1837.20
534.31	1849.80
534.67	1844.00
535.03	1863.20
535.39	1845.40
535.75	1866.20
536.11	1850.80
536.46	1856.00
536.82	1860.80
537.18	1860.60
537.54	1873.40
537.90	1868.80
538.26	1866.60
538.61	1880.20
538.97	1900.60
539.33	1891.20
539.69	1905.80
540.05	1892.60
540.40	1887.80
540.76	1904.20
541.12	1906.80
541.48	1919.20
541.84	1902.20
542.19	1907.60
542.55	1925.20
542.91	1913.20
543.27	1914.40
543.62	1934.40
543.98	1926.60
544.34	1920.60
544.70	1931.80
545.05	1940.20
545.41	1937.80
545.77	1936.00
546.12	1944.40
546.48	1939.60
546.84	1944.60
547.20	1951.80
547.55	1948.00
547.91	1972.20
548.27	1937.80
548.62	1959.60
548.98	1973.80
549.34	1957.80
549.69	1973.40
550.05	1969.20
550.41	1986.80
550.77	1974.60
551.12	1972.40
551.48	1983.20
551.83	1997.20
552.19	1980.00
552.55	1992.20
552.90	1983.60
553.26	1991.40
553.62	2013.40
553.97	2012.80
554.33	2000.60
554.69	2025.20
555.04	2002.00
555.40	2015.80
555.75	2024.60
556.11	2041.40
556.47	2029.60
556.82	2028.80
557.18	2045.00
557.53	2028.60
557.89	2059.00
558.24	2058.60
558.60	2039.00
558.96	2066.60
559.31	2065.20
559.67	2064.40
560.02	2066.80
560.38	2060.20
560.73	2092.00
561.09	2106.00
561.44	2093.80
561.80	2091.40
562.16	2094.40
562.51	2106.60
562.87	2116.60
563.22	2108.00
563.58	2113.60
563.93	2122.60
564.29	2114.20
564.64	2149.60
565.00	2131.40
565.35	2145.80
565.71	2137.00
566.06	2158.20
566.41	2162.00
566.77	2135.20
567.12	2175.40
567.48	2173.40
567.83	2177.00
568.19	2179.00
568.54	2192.60
568.90	2177.80
569.25	2187.60
569.60	2206.60
569.96	2202.80
570.31	2181.00
570.67	2199.60
571.02	2202.40
571.38	2215.80
571.73	2207.60
572.08	2242.00
572.44	2216.40
572.79	2215.80
573.15	2220.00
573.50	2201.20
573.85	2231.40
574.21	2221.60
574.56	2209.40
574.91	2242.20
575.27	2240.20
575.62	2224.20
575.97	2239.60
576.33	2240.80
576.68	2240.80
577.03	2237.00
577.39	2234.00
577.74	2238.80
578.09	2244.40
578.45	2233.40
578.80	2239.00
579.15	2217.80
579.51	2239.20
579.86	2227.60
580.21	2246.20
580.57	2244.80
580.92	2257.20
581.27	2247.40
581.62	2243.40
581.98	2241.80
582.33	2244.40
582.68	2235.20
583.03	2231.60
583.39	2236.20
583.74	2244.00
584.09	2230.40
584.44	2248.40
584.80	2230.00
585.15	2231.80
585.50	2236.60
585.85	2247.20
586.21	2230.60
586.56	2244.00
586.91	2236.40
587.26	2233.60
587.61	2232.20
587.97	2206.20
588.32	2229.00
588.67	2225.80
589.02	2241.00
589.37	2211.60
589.73	2243.60
590.08	2233.20
590.43	2229.80
590.78	2235.60
591.13	2210.60
591.48	2243.80
591.83	2209.80
592.19	2214.60
592.54	2223.80
592.89	2214.00
593.24	2231.60
593.59	2218.60
593.94	2231.20
594.29	2218.20
594.64	2229.60
595.00	2242.80
595.35	2240.80
595.70	2222.40
596.05	2217.80
596.40	2220.80
596.75	2226.40
597.10	2249.80
597.45	2226.20
597.80	2233.40
598.15	2229.60
598.50	2235.40
598.85	2239.40
599.20	2244.20
599.55	2238.80
599.90	2235.20
600.26	2249.40
600.61	2244.60
600.96	2249.20
601.31	2258.20
601.66	2253.60
602.01	2246.20
602.36	2255.60
602.71	2253.60
603.06	2264.20
603.41	2264.80
603.76	2266.20
604.11	2275.80
604.46	2239.00
604.81	2273.20
605.16	2255.00
605.50	2267.60
605.85	2272.40
606.20	2286.40
606.55	2277.60
606.90	2258.40
607.25	2267.80
607.60	2288.40
607.95	2281.00
608.30	2282.60
608.65	2291.60
609.00	2292.40
609.35	2287.00
609.70	2303.00
610.05	2287.20
610.40	2305.80
610.74	2300.80
611.09	2294.20
611.44	2315.20
611.79	2299.80
612.14	2322.40
612.49	2313.20
612.84	2329.00
613.19	2328.60
613.53	2307.20
613.88	2340.20
614.23	2324.00
614.58	2320.40
614.93	2328.20
615.28	2325.40
615.62	2322.00
615.97	2333.40
616.32	2337.00
616.67	2332.60
617.02	2321.60
617.37	2328.40
617.71	2344.00
618.06	2354.40
618.41	2345.40
618.76	2344.00
619.11	2351.00
619.45	2355.20
619.80	2361.60
620.15	2352.00
620.50	2343.20
620.84	2360.20
621.19	2359.00
621.54	2347.20
621.89	2356.20
622.23	2329.20
622.58	2334.20
622.93	2345.80
623.28	2354.80
623.62	2335.60
623.97	2341.00
624.32	2344.20
624.66	2341.60
625.01	2350.40
625.36	2327.60
625.71	2332.00
626.05	2340.00
626.40	2346.20
626.75	2334.20
627.09	2335.20
627.44	2340.80
627.79	2343.40
628.13	2309.80
628.48	2336.00
628.83	2312.60
629.17	2297.80
629.52	2327.80
629.87	2327.60
630.21	2325.40
630.56	2322.20
630.90	2317.60
631.25	2309.40
631.60	2308.20
631.94	2311.20
632.29	2290.00
632.63	2311.00
632.98	2287.40
633.33	2292.80
633.67	2271.20
634.02	2289.20
634.36	2272.00
634.71	2265.20
635.06	2296.80
635.40	2238.00
635.75	2273.80
636.09	2243.40
636.44	2260.60
636.78	2234.40
637.13	2242.40
637.47	2223.00
637.82	2245.60
638.16	2212.00
638.51	2254.40
638.86	2197.40
639.20	2241.00
639.55	2217.00
639.89	2209.80
640.24	2209.20
640.58	2214.40
640.93	2196.60
641.27	2194.40
641.62	2202.80
641.96	2193.80
642.30	2182.20
642.65	2198.00
642.99	2184.40
643.34	2177.60
643.68	2170.20
644.03	2170.20
644.37	2173.60
644.72	2172.00
645.06	2167.20
645.40	2152.60
645.75	2153.00
646.09	2134.40
646.44	2155.00
646.78	2158.20
647.13	2143.40
647.47	2129.60
647.81	2138.80
648.16	2125.20
648.50	2126.00
648.85	2128.40
649.19	2114.60
649.53	2111.60
649.88	2119.80
650.22	2120.80
650.56	2117.80
650.91	2103.40
651.25	2108.20
651.59	2095.20
651.94	2093.20
652.28	2112.20
652.62	2108.40
652.97	2115.00
653.31	2100.20
653.65	2095.60
654.00	2090.40
654.34	2094.40
654.68	2089.40
655.03	2072.80
655.37	2080.80
655.71	2097.20
656.05	2071.20
656.40	2066.80
656.74	2079.60
657.08	2077.40
657.43	2089.60
657.77	2058.40
658.11	2077.60
658.45	2083.40
658.80	2071.20
659.14	2071.60
659.48	2058.60
659.82	2076.80
660.16	2077.20
660.51	2064.00
660.85	2066.80
661.19	2060.40
661.53	2080.80
661.87	2073.40
662.22	2072.20
662.56	2070.60
662.90	2078.80
663.24	2053.80
663.58	2054.60
663.93	2062.60
664.27	2046.40
664.61	2058.40
664.95	2067.20
665.29	2054.40
665.63	2052.20
665.98	2047.20
666.32	2060.20
666.66	2048.00
667.00	2036.00
667.34	2047.80
667.68	2055.60
668.02	2023.40
668.36	2046.20
668.70	2051.20
669.05	2025.00
669.39	2039.40
669.73	2038.60
670.07	2043.40
670.41	2033.00
670.75	2043.00
671.09	2039.00
671.43	2044.60
671.77	2029.40
672.11	2037.40
672.45	2030.20
672.79	2023.80
673.13	2042.40
673.47	2021.60
673.81	2047.60
674.16	2025.00
674.50	2014.00
674.84	2014.60
675.18	2014.40
675.52	2023.00
675.86	2009.00
676.20	2019.80
676.54	2000.80
676.88	1995.80
677.22	2007.40
677.56	1990.60
677.90	1992.60
678.23	1988.60
678.57	1997.20
678.91	1996.20
679.25	1988.60
679.59	1985.80
679.93	1980.00
680.27	1993.80
680.61	1986.80
680.95	1967.60
681.29	1974.60
681.63	1953.80
681.97	1966.80
682.31	1939.00
682.65	1955.80
682.99	1971.80
683.32	1941.60
683.66	1943.20
684.00	1954.00
684.34	1935.60
684.68	1920.60
685.02	1945.20
685.36	1925.60
685.70	1919.20
686.03	1925.00
686.37	1916.00
686.71	1924.20
687.05	1900.40
687.39	1902.80
687.73	1890.00
688.07	1876.20
688.40	1891.00
688.74	1880.20
689.08	1869.00
689.42	1884.60
689.76	1871.20
690.09	1846.80
690.43	1835.00
690.77	1859.60
691.11	1826.80
691.45	1819.20
691.78	1829.80
692.12	1808.00
692.46	1810.60
692.80	1806.60
693.13	1830.40
693.47	1811.80
693.81	1807.20
694.15	1799.40
694.48	1789.40
694.82	1785.20
695.16	1790.20
695.50	1769.80
695.83	1758.80
696.17	1763.60
696.51	1764.40
696.84	1764.00
697.18	1755.00
697.52	1749.80
697.85	1735.80
698.19	1730.80
698.53	1739.40
698.87	1723.00
699.20	1723.00
699.54	1691.60
699.88	1709.20
700.21	1703.00
700.55	1690.40
700.88	1696.80
701.22	1675.80
701.56	1680.80
701.89	1663.40
702.23	1668.60
702.57	1662.00
702.90	1649.80
703.24	1661.80
703.57	1636.20
703.91	1638.80
704.25	1640.80
704.58	1636.80
704.92	1628.20
705.25	1608.20
705.59	1612.80
705.93	1613.20
706.26	1619.00
706.60	1600.40
706.93	1583.40
707.27	1586.80
707.60	1608.60
707.94	1588.60
708.27	1587.40
708.61	1591.00
708.95	1574.00
709.28	1565.00
709.62	1557.00
709.95	1575.60
710.29	1549.20
710.62	1540.40
710.96	1551.60
711.29	1537.40
711.63	1543.00
711.96	1536.00
712.30	1532.20
712.63	1525.80
712.96	1536.20
713.30	1531.20
713.63	1517.80
713.97	1526.80
714.30	1512.00
714.64	1502.00
714.97	1501.00
715.31	1509.60
715.64	1493.20
715.97	1492.40
716.31	1499.00
716.64	1484.60
716.98	1501.40
717.31	1493.80
717.64	1479.80
717.98	1487.80
718.31	1481.40
718.65	1476.80
718.98	1465.80
719.31	1475.60
719.65	1473.20
719.98	1456.80
720.32	1464.60
720.65	1455.40
720.98	1448.80
721.32	1456.40
721.65	1450.80
721.98	1448.80
722.32	1454.00
722.65	1443.40
722.98	1434.60
723.32	1434.20
723.65	1429.00
723.98	1435.40
724.31	1427.00
724.65	1439.00
724.98	1432.80
725.31	1423.60
725.65	1440.60
725.98	1428.40
726.31	1422.00
726.64	1417.00
726.98	1427.40
727.31	1414.80
727.64	1419.00
727.97	1412.60
728.31	1413.60
728.64	1398.60
728.97	1405.40
729.30	1403.80
729.64	1413.60
729.97	1404.40
730.30	1393.60
730.63	1398.60
730.96	1398.80
731.30	1386.00
731.63	1401.80
731.96	1393.00
732.29	1388.80
732.62	1394.80
732.96	1390.00
733.29	1396.80
733.62	1386.20
733.95	1382.20
734.28	1389.80
734.61	1376.20
734.94	1393.80
735.28	1383.00
735.61	1377.40
735.94	1370.80
736.27	1377.00
736.60	1365.60
736.93	1367.40
737.26	1360.80
737.59	1367.00
737.92	1362.80
738.26	1362.00
738.59	1358.60
738.92	1352.20
739.25	1366.00
739.58	1348.40
739.91	1348.60
740.24	1345.00
740.57	1335.20
740.90	1352.20
741.23	1344.40
741.56	1331.20
741.89	1342.00
742.22	1336.40
742.55	1336.00
742.88	1333.20
743.21	1322.00
743.54	1329.80
743.87	1326.80
744.20	1323.60
744.53	1314.60
744.86	1323.80
745.19	1314.00
745.52	1303.40
745.85	1318.20
746.18	1314.40
746.51	1302.40
746.84	1310.40
747.17	1294.00
747.50	1294.00
747.83	1299.60
748.16	1289.00
748.49	1290.80
748.82	1283.80
749.15	1294.80
749.48	1295.20
749.81	1277.20
750.14	1277.80
750.46	1276.80
750.79	1264.60
751.12	1270.80
751.45	1271.40
751.78	1258.40
752.11	1266.80
752.44	1260.00
752.77	1263.40
753.10	1245.60
753.42	1236.20
753.75	1241.40
754.08	1238.60
754.41	1225.00
754.74	1241.40
755.07	1226.40
755.39	1217.20
755.72	1221.80
756.05	1213.80
756.38	1205.40
756.71	1214.60
757.04	1202.00
757.36	1194.60
757.69	1187.40
758.02	1189.00
758.35	1183.20
758.67	1183.80
759.00	1191.80
759.33	1174.00
759.66	1167.40
759.99	1161.80
760.31	1153.00
760.64	1158.60
760.97	1148.00
761.30	1141.00
761.62	1146.00
761.95	1143.20
762.28	1135.20
762.60	1121.00
762.93	1123.20
763.26	1125.00
763.59	1111.60
763.91	1116.60
764.24	1108.00
764.57	1114.00
764.89	1101.40
765.22	1096.00
765.55	1099.20
765.87	1102.00
766.20	1070.80
766.53	1077.20
766.85	1079.00
767.18	1074.40
767.51	1079.80
767.83	1058.80
768.16	1063.40
768.48	1052.40
768.81	1050.80
769.14	1046.60
769.46	1040.20
769.79	1045.60
770.12	1026.80
770.44	1016.80
770.77	1031.80
771.09	1017.20
771.42	1009.20
771.74	1007.00
772.07	1009.80
772.40	996.20
772.72	1002.40
773.05	988.60
773.37	992.40
773.70	980.00
774.02	979.20
774.35	970.60
774.67	965.40
775.00	971.20
775.32	957.40
775.65	948.60
775.97	955.60
776.30	951.40
776.63	942.00
776.95	946.60
777.27	937.60
777.60	931.40
777.92	919.60
778.25	936.00
778.57	915.60
778.90	918.00
779.22	905.00
779.55	907.40
779.87	905.00
780.20	900.60
780.52	888.60
780.85	889.80
781.17	878.00
781.49	881.00
781.82	877.80
782.14	868.80
782.47	869.00
782.79	865.00
783.11	858.20
783.44	852.20
783.76	853.60
784.09	846.80
784.41	849.00
784.73	844.20
785.06	831.40
785.38	839.60
785.70	829.40
786.03	827.20
786.35	826.20
786.67	820.20
787.00	829.20
787.32	819.00
787.64	824.40
787.97	813.00
788.29	804.60
788.61	797.40
788.94	809.00
789.26	795.40
789.58	796.40
789.91	803.40
790.23	798.00
790.55	802.60
790.87	787.20
791.20	798.40
791.52	801.80
791.84	792.20
792.16	800.40
792.49	784.80
792.81	793.00
793.13	787.40
793.45	787.40
793.78	795.40
794.10	790.20
794.42	790.80
794.74	785.80
795.06	782.00
795.39	792.00
795.71	785.80
796.03	785.60
796.35	797.80
796.67	788.60
797.00	788.20
797.32	796.60
797.64	789.60
797.96	796.60
798.28	799.00
798.60	807.20
798.93	792.80
799.25	790.00
799.57	798.40
799.89	801.20
800.21	793.40
800.53	789.40
800.85	796.40
801.17	791.40
801.50	798.20
801.82	790.40
802.14	795.60
802.46	784.40
802.78	793.20
803.10	793.60
803.42	790.60
803.74	788.00
804.06	779.40
804.38	792.20
804.70	776.80
805.02	780.00
805.34	790.40
805.66	780.20
805.98	789.20
806.30	794.40
806.62	788.40
806.94	785.40
807.26	786.60
807.58	782.40
807.90	789.60
808.22	780.60
808.54	782.20
808.86	778.00
809.18	773.00
809.50	776.20
809.82	779.60
810.14	775.20
810.46	775.80
810.78	777.40
811.10	780.20
811.42	780.00
811.74	772.20
812.06	776.40
812.38	769.60
812.70	767.00
813.02	758.40
813.34	757.40
813.66	759.00
813.97	762.60
814.29	762.00
814.61	750.80
814.93	761.00
815.25	758.20
815.57	758.80
815.89	763.60
816.21	751.80
816.52	749.60
816.84	746.40
817.16	757.20
817.48	751.60
817.80	745.20
818.12	751.00
818.43	749.60
818.75	747.00
819.07	737.40
819.39	740.00
819.71	741.20
820.03	735.00
820.34	736.60
820.66	731.20
820.98	733.00
821.30	738.20
821.61	730.00
821.93	737.80
822.25	741.80
822.57	736.80
822.88	735.00
823.20	724.80
823.52	724.00
823.84	720.20
824.15	720.40
824.47	718.00
824.79	722.20
825.11	717.00
825.42	724.00
825.74	722.20
826.06	720.00
826.37	720.60
826.69	712.00
827.01	708.60
827.32	708.80
827.64	708.00
827.96	697.60
828.27	715.80
828.59	709.40
828.91	704.20
829.22	704.60
829.54	705.60
829.86	697.40
830.17	703.80
830.49	705.80
830.81	693.60
831.12	691.80
831.44	694.40
831.75	701.20
832.07	693.00
832.39	691.60
832.70	683.40
833.02	693.60
833.33	680.20
833.65	682.80
833.96	690.20
834.28	679.00
834.60	681.20
834.91	680.60
835.23	674.80
835.54	672.40
835.86	668.20
836.17	667.00
836.49	659.80
836.80	664.80
837.12	669.80
837.43	672.80
837.75	663.20
838.06	663.40
838.38	656.00
838.69	662.80
839.01	659.00
839.32	656.20
839.64	652.00
839.95	654.60
840.27	654.80
840.58	655.80
840.90	650.60
841.21	654.80
841.53	649.60
841.84	644.00
842.15	641.80
842.47	645.20
842.78	641.80
843.10	639.60
843.41	631.20
843.72	638.20
844.04	635.00
844.35	627.60
844.67	626.60
844.98	625.80
845.29	631.00
845.61	622.00
845.92	626.40
846.23	620.60
846.55	620.00
846.86	617.20
847.18	601.80
847.49	602.00
847.80	610.20
848.12	598.40
848.43	601.40
848.74	602.40
849.05	594.80
849.37	597.20
849.68	593.00
849.99	592.00
850.31	589.20
850.62	588.20
850.93	591.00
851.24	587.00
851.56	581.60
851.87	580.40
852.18	575.40
852.50	579.00
852.81	572.60
853.12	570.20
853.43	573.00
853.74	561.80
854.06	564.60
854.37	565.40
854.68	559.00
854.99	560.40
855.31	559.20
855.62	553.60
855.93	554.00
856.24	550.20
856.55	544.60
856.87	541.60
857.18	541.00
857.49	544.20
857.80	539.40
858.11	533.60
858.42	533.60
858.73	536.20
859.05	529.20
859.36	522.60
859.67	527.80
859.98	521.00
860.29	517.40
860.60	525.80
860.91	516.80
861.22	521.20
861.54	510.20
861.85	515.20
862.16	506.80
862.47	506.80
862.78	500.40
863.09	504.00
863.40	499.00
863.71	494.40
864.02	489.60
864.33	496.80
864.64	487.40
864.95	484.40
865.26	472.80
865.57	481.20
865.88	482.40
866.19	476.20
866.50	469.20
866.81	473.00
867.12	469.60
867.43	471.60
867.74	471.60
868.05	461.80
868.36	462.00
868.67	458.40
868.98	462.40
869.29	459.40
869.60	461.60
869.91	455.00
870.22	452.60
870.53	453.00
870.84	444.80
871.15	442.00
871.46	438.60
871.77	436.40
872.08	436.40
872.39	436.40
872.69	435.80
873.00	427.80
873.31	430.20
873.62	428.20
873.93	423.20
874.24	421.40
874.55	420.60
874.86	421.80
875.16	412.80
875.47	416.80
875.78	415.40
876.09	409.80
876.40	409.60
876.71	404.60
877.01	403.20
877.32	403.60
877.63	401.00
877.94	399.60
878.25	394.40
878.56	396.60
878.86	393.60
879.17	393.40
879.48	392.40
879.79	385.40
880.09	392.80
880.40	384.40
880.71	382.60
881.02	380.60
881.32	375.80
881.63	376.00
881.94	381.40
882.25	380.20
882.55	380.40
882.86	375.60
883.17	372.40
883.48	369.00
883.78	369.80
884.09	363.20
884.40	365.00
884.70	362.00
885.01	365.80
885.32	365.60
885.62	364.00
885.93	363.40
886.24	362.80
886.54	360.00
886.85	364.60
887.16	365.00
887.46	362.00
887.77	362.80
888.08	359.40
888.38	357.60
888.69	357.00
888.99	352.20
889.30	361.40
889.61	353.00
889.91	367.00
890.22	356.60
890.52	359.20
890.83	355.00
891.14	352.60
891.44	350.60
891.75	350.00
892.05	353.20
892.36	351.00
892.66	356.80
892.97	353.00
893.27	355.60
893.58	350.80
893.89	358.00
894.19	350.00
894.50	347.00
894.80	350.60
895.11	350.40
895.41	353.80
895.72	350.40
896.02	349.80
896.33	352.00
896.63	353.60
896.93	348.20
897.24	349.80
897.54	347.60
897.85	347.60
898.15	348.00
898.46	346.40
898.76	352.40
899.07	351.80
899.37	348.40
899.67	351.60
899.98	351.80
900.28	346.60
900.59	350.00
900.89	348.60
901.19	348.20
901.50	348.00
901.80	349.00
902.11	348.40
902.41	351.00
902.71	349.80
903.02	350.60
903.32	350.20
903.62	346.20
903.93	344.80
904.23	354.40
904.53	349.60
904.84	348.80
905.14	345.60
905.44	343.80
905.75	344.40
906.05	347.00
906.35	348.20
906.66	343.00
906.96	342.00
907.26	346.80
907.56	345.20
907.87	345.00
908.17	342.80
908.47	348.80
908.77	349.20
909.08	343.60
909.38	343.80
909.68	344.80
909.98	338.00
910.29	343.20
910.59	339.60
910.89	339.40
911.19	340.20
911.50	337.00
911.80	337.60
912.10	338.60
912.40	339.40
912.70	339.00
913.00	341.00
913.31	334.20
913.61	334.40
913.91	333.00
914.21	336.80
914.51	330.60
914.81	336.60
915.12	336.00
915.42	343.20
915.72	336.60
916.02	334.80
916.32	336.60
916.62	328.80
916.92	330.80
917.22	330.40
917.52	324.60
917.83	324.60
918.13	325.40
918.43	328.00
918.73	325.40
919.03	324.40
919.33	325.20
919.63	324.80
919.93	318.40
920.23	317.60
920.53	320.00
920.83	320.20
921.13	318.80
921.43	316.00
921.73	316.20
922.03	317.00
922.33	314.40
922.63	315.40
922.93	312.80
923.23	315.00
923.53	311.40
923.83	310.60
924.13	307.40
924.43	310.60
924.73	308.20
925.03	309.20
925.33	310.80
925.63	312.00
925.93	307.60
926.23	307.00
926.53	302.40
926.83	302.40
927.13	303.60
927.42	303.00
927.72	302.60
928.02	303.80
928.32	302.40
928.62	302.00
928.92	301.00
929.22	297.80
929.52	297.20
929.82	302.20
930.11	299.20
930.41	293.40
930.71	293.80
931.01	295.40
931.31	294.80
931.61	294.00
931.90	294.60
932.20	292.60
932.50	290.20
932.80	291.80
933.10	290.40
933.39	289.60
933.69	286.60
933.99	288.00
934.29	286.60
934.59	283.60
934.88	282.60
935.18	288.80
935.48	281.80
935.78	283.80
936.07	283.40
936.37	281.20
936.67	280.00
936.97	281.40
937.26	282.60
937.56	279.40
937.86	278.00
938.15	271.40
938.45	276.80
938.75	276.80
939.05	274.00
939.34	268.60
939.64	271.20
939.94	269.80
940.23	273.60
940.53	267.00
940.83	269.20
941.12	266.80
941.42	269.60
941.71	266.60
942.01	266.40
942.31	267.60
942.60	262.00
942.90	266.20
943.20	263.40
943.49	262.40
943.79	264.20
944.08	256.20
944.38	257.60
944.68	257.20
944.97	260.20
945.27	257.40
945.56	255.20
945.86	252.80
946.15	254.40
946.45	253.40
946.74	249.00
947.04	251.80
947.34	250.80
947.63	249.60
947.93	252.00
948.22	249.40
948.52	247.00
948.81	247.60
949.11	246.40
949.40	246.80
949.70	247.60
949.99	243.60
950.29	245.40
950.58	242.60
950.87	247.60
951.17	241.00
951.46	242.00
951.76	236.60
952.05	236.40
952.35	237.80
952.64	236.60
952.94	233.00
953.23	236.40
953.52	232.80
953.82	233.00
954.11	232.20
954.41	231.40
954.70	229.60
954.99	231.60
955.29	230.20
955.58	230.60
955.87	228.00
956.17	232.20
956.46	224.40
956.76	228.60
957.05	224.20
957.34	227.80
957.64	228.40
957.93	228.80
958.22	223.60
958.52	222.20
958.81	219.40
959.10	220.00
959.39	222.20
959.69	219.60
959.98	218.80
960.27	222.80
960.57	219.40
960.86	220.40
961.15	216.80
961.44	218.40
961.74	216.00
962.03	216.60
962.32	215.80
962.61	213.40
962.91	209.40
963.20	214.00
963.49	212.60
963.78	211.40
964.07	210.00
964.37	209.40
964.66	211.80
964.95	207.80
965.24	205.80
965.53	206.40
965.83	206.00
966.12	206.00
966.41	203.20
966.70	202.00
966.99	203.40
967.28	204.40
967.57	204.00
967.87	201.40
968.16	201.00
968.45	200.60
968.74	199.40
969.03	201.40
969.32	198.60
969.61	198.40
969.90	197.00
970.19	197.80
970.49	197.80
970.78	193.80
971.07	194.20
971.36	190.20
971.65	192.60
971.94	193.00
972.23	192.80
972.52	189.60
972.81	191.40
973.10	189.80
973.39	190.60
973.68	189.00
973.97	190.00
974.26	187.20
974.55	189.40
974.84	187.00
975.13	189.60
975.42	185.40
975.71	186.20
976.00	185.60
976.29	186.00
976.58	184.80
976.87	184.40
977.16	181.40
977.45	183.20
977.74	181.80
978.03	182.60
978.32	179.80
978.60	180.00
978.89	181.00
979.18	180.00
979.47	179.00
979.76	176.40
980.05	179.40
980.34	176.80
980.63	178.60
980.92	176.40
981.20	174.20
981.49	176.60
981.78	176.20
982.07	173.60
982.36	173.60
982.65	173.40
982.94	171.80
983.22	174.00
983.51	172.00
983.80	174.00
984.09	173.80
984.38	172.60
984.66	172.80
984.95	171.00
985.24	170.00
985.53	172.00
985.82	169.60
986.10	167.80
986.39	170.60
986.68	167.80
986.97	169.00
987.25	167.40
987.54	166.60
987.83	166.80
988.12	166.60
988.40	166.20
988.69	168.00
988.98	167.40
989.26	165.20
989.55	166.20
989.84	166.20
990.12	165.60
990.41	163.60
990.70	164.80
990.98	162.40
991.27	163.00
991.56	162.60
991.84	161.20
992.13	163.40
992.42	161.00
992.70	163.20
992.99	160.40
993.28	164.20
993.56	161.20
993.85	161.20
994.13	158.00
994.42	159.40
994.71	159.80
994.99	159.00
995.28	159.20
995.56	158.00
995.85	156.40
996.14	157.80
996.42	157.40
996.71	156.20
996.99	156.40
997.28	156.00
997.56	158.80
997.85	155.20
998.13	154.40
998.42	155.80
998.70	153.60
998.99	153.40
999.27	153.00
999.56	155.60
999.84	153.20
1000.13	153.40
1000.41	152.20
1000.70	152.60
1000.98	153.00
1001.27	150.80
1001.55	155.00
1001.84	153.00
1002.12	154.20
1002.40	151.80
1002.69	151.20
1002.97	151.20
1003.26	151.20
1003.54	150.00
1003.83	149.40
1004.11	149.00
1004.39	149.00
1004.68	151.00
1004.96	151.20
1005.24	149.20
1005.53	149.60
1005.81	150.60
1006.10	149.40
1006.38	147.80
1006.66	148.20
1006.95	149.60
1007.23	147.60
1007.51	147.40
1007.80	148.00
1008.08	150.00
1008.36	149.20
1008.65	147.20
1008.93	145.00
1009.21	147.00
1009.49	146.80
1009.78	146.60
1010.06	144.40
1010.34	144.60
1010.63	146.80
1010.91	147.00
1011.19	146.20
1011.47	146.00
1011.76	144.80
1012.04	145.40
1012.32	145.40
1012.60	144.80
1012.88	144.00
1013.17	145.00
1013.45	145.40
1013.73	145.20
1014.01	143.40
1014.29	143.40
1014.58	142.00
1014.86	143.60
1015.14	143.40
1015.42	143.60
1015.70	143.00
1015.98	143.80
1016.27	142.00
1016.55	141.80
1016.83	142.00
1017.11	143.00
1017.39	141.40
1017.67	140.40
1017.95	141.80
1018.23	142.80
1018.52	140.60
1018.80	140.20
1019.08	140.80
1019.36	141.80
1019.64	140.80
1019.92	141.20
1020.20	141.60
1020.48	139.80
1020.76	140.60
1021.04	142.00
1021.32	140.60
1021.60	139.60
1021.88	140.40
1022.16	139.00
1022.44	140.20
1022.72	140.60
