	0.0	
339.41	0.00
339.79	119.00
340.17	120.80
340.55	122.00
340.94	122.80
341.32	123.20
341.70	124.60
342.08	126.20
342.46	124.20
342.84	127.80
343.22	127.80
343.60	128.60
343.98	128.80
344.36	128.60
344.74	129.40
345.12	130.00
345.50	130.00
345.88	128.20
346.26	128.40
346.64	130.20
347.02	129.40
347.40	130.40
347.78	131.00
348.15	127.60
348.53	127.60
348.91	130.40
349.29	132.00
349.67	132.60
350.05	134.60
350.43	133.80
350.81	134.80
351.19	135.00
351.57	135.60
351.95	135.60
352.33	135.40
352.71	134.80
353.09	134.80
353.47	134.20
353.84	134.60
354.22	134.80
354.60	134.60
354.98	136.00
355.36	133.60
355.74	134.20
356.12	135.60
356.50	135.00
356.88	135.60
357.25	136.60
357.63	137.20
358.01	137.00
358.39	138.40
358.77	137.20
359.15	138.00
359.53	137.40
359.90	140.20
360.28	138.80
360.66	138.00
361.04	138.00
361.42	137.60
361.80	139.20
362.17	139.00
362.55	140.20
362.93	141.40
363.31	142.40
363.69	139.60
364.06	141.40
364.44	140.60
364.82	141.40
365.20	141.40
365.58	141.80
365.95	142.60
366.33	143.80
366.71	143.40
367.09	144.20
367.46	143.00
367.84	142.60
368.22	142.60
368.60	142.20
368.97	141.80
369.35	145.40
369.73	143.40
370.11	143.00
370.48	146.60
370.86	146.60
371.24	146.80
371.62	147.00
371.99	147.20
372.37	148.00
372.75	146.80
373.12	146.80
373.50	149.60
373.88	149.80
374.25	151.20
374.63	150.20
375.01	149.20
375.38	151.20
375.76	151.00
376.14	150.60
376.51	152.60
376.89	153.60
377.27	152.60
377.64	153.00
378.02	152.80
378.40	153.00
378.77	156.40
379.15	157.00
379.53	155.80
379.90	153.60
380.28	157.00
380.66	157.80
381.03	160.80
381.41	160.40
381.78	159.00
382.16	165.00
382.54	160.60
382.91	162.40
383.29	163.20
383.66	162.40
384.04	164.00
384.42	164.40
384.79	165.00
385.17	166.80
385.54	169.20
385.92	169.00
386.29	170.80
386.67	170.80
387.05	170.00
387.42	171.60
387.80	173.00
388.17	172.00
388.55	172.00
388.92	173.00
389.30	178.20
389.67	178.80
390.05	177.20
390.42	178.80
390.80	179.40
391.17	180.00
391.55	181.40
391.92	180.40
392.30	183.40
392.67	183.40
393.05	189.60
393.42	188.40
393.80	188.60
394.17	188.80
394.55	188.60
394.92	189.40
395.30	191.60
395.67	195.00
396.05	194.80
396.42	195.60
396.80	201.20
397.17	200.80
397.55	198.00
397.92	200.20
398.29	205.60
398.67	204.40
399.04	201.80
399.42	205.00
399.79	209.20
400.17	212.00
400.54	208.40
400.91	214.40
401.29	214.00
401.66	216.60
402.04	214.00
402.41	214.00
402.78	221.40
403.16	218.00
403.53	220.40
403.90	224.60
404.28	220.60
404.65	225.00
405.03	227.40
405.40	227.20
405.77	227.60
406.15	230.00
406.52	229.60
406.89	234.60
407.27	232.00
407.64	236.80
408.01	239.00
408.39	241.40
408.76	242.60
409.13	244.20
409.51	246.40
409.88	249.60
410.25	250.20
410.62	249.80
411.00	258.40
411.37	253.60
411.74	253.80
412.12	262.40
412.49	254.40
412.86	257.20
413.23	260.40
413.61	262.00
413.98	270.80
414.35	274.80
414.73	270.20
415.10	265.80
415.47	274.20
415.84	277.80
416.22	271.80
416.59	277.20
416.96	284.80
417.33	279.40
417.70	285.40
418.08	290.80
418.45	286.80
418.82	290.60
419.19	298.20
419.57	303.00
419.94	298.80
420.31	307.40
420.68	302.40
421.05	300.60
421.42	306.80
421.80	304.80
422.17	310.60
422.54	317.40
422.91	314.00
423.28	312.80
423.65	319.20
424.03	317.00
424.40	322.80
424.77	326.60
425.14	330.20
425.51	325.60
425.88	334.20
426.25	334.60
426.63	339.40
427.00	337.00
427.37	348.00
427.74	354.00
428.11	350.20
428.48	352.80
428.85	357.00
429.22	356.20
429.59	359.60
429.97	363.20
430.34	363.00
430.71	373.00
431.08	374.40
431.45	382.40
431.82	379.60
432.19	377.20
432.56	385.00
432.93	389.20
433.30	394.60
433.67	400.00
434.04	402.00
434.41	411.00
434.78	406.40
435.15	412.80
435.52	427.60
435.89	422.40
436.26	425.80
436.63	422.40
437.00	432.00
437.37	432.60
437.74	433.20
438.11	448.20
438.48	440.20
438.85	454.20
439.22	461.80
439.59	468.40
439.96	455.60
440.33	463.00
440.70	483.00
441.07	470.60
441.44	485.40
441.81	478.40
442.18	478.60
442.55	486.60
442.92	498.80
443.29	490.20
443.66	488.00
444.03	499.20
444.40	502.40
444.77	507.00
445.14	506.40
445.51	515.60
445.88	514.40
446.24	519.40
446.61	527.80
446.98	520.60
447.35	534.60
447.72	534.20
448.09	533.80
448.46	532.40
448.83	540.40
449.20	537.20
449.56	544.40
449.93	554.80
450.30	542.40
450.67	562.60
451.04	547.80
451.41	548.60
451.78	567.60
452.14	563.60
452.51	564.60
452.88	559.60
453.25	565.80
453.62	577.60
453.99	573.60
454.35	579.80
454.72	581.60
455.09	587.40
455.46	597.40
455.83	607.40
456.19	607.60
456.56	612.00
456.93	607.00
457.30	619.00
457.66	618.00
458.03	619.60
458.40	619.60
458.77	628.40
459.14	629.40
459.50	630.20
459.87	614.20
460.24	649.80
460.61	640.20
460.97	648.20
461.34	642.20
461.71	649.80
462.07	645.60
462.44	667.80
462.81	680.00
463.18	674.40
463.54	670.00
463.91	695.40
464.28	687.00
464.64	694.60
465.01	690.20
465.38	718.40
465.75	693.80
466.11	711.80
466.48	709.60
466.85	709.00
467.21	709.40
467.58	726.60
467.95	737.20
468.31	737.40
468.68	749.20
469.04	762.60
469.41	776.60
469.78	765.60
470.14	776.60
470.51	784.20
470.88	803.20
471.24	795.40
471.61	813.00
471.98	802.60
472.34	833.20
472.71	834.20
473.07	846.00
473.44	850.40
473.81	867.60
474.17	853.80
474.54	867.40
474.90	880.00
475.27	877.00
475.63	897.80
476.00	901.20
476.37	903.20
476.73	920.60
477.10	941.60
477.46	951.00
477.83	937.80
478.19	963.00
478.56	976.60
478.92	988.00
479.29	993.40
479.65	989.20
480.02	997.60
480.38	1016.80
480.75	1031.20
481.11	1033.80
481.48	1054.20
481.84	1059.80
482.21	1070.80
482.57	1074.40
482.94	1085.00
483.30	1091.40
483.67	1110.80
484.03	1119.00
484.40	1129.00
484.76	1130.00
485.13	1151.60
485.49	1159.20
485.86	1166.80
486.22	1180.80
486.59	1189.40
486.95	1197.00
487.31	1207.60
487.68	1212.60
488.04	1225.40
488.41	1238.60
488.77	1242.80
489.14	1249.80
489.50	1258.60
489.86	1267.20
490.23	1279.80
490.59	1282.60
490.96	1301.80
491.32	1291.40
491.68	1306.80
492.05	1301.80
492.41	1321.80
492.77	1324.60
493.14	1325.20
493.50	1343.80
493.87	1341.00
494.23	1352.80
494.59	1361.60
494.96	1376.00
495.32	1364.20
495.68	1385.40
496.05	1390.20
496.41	1381.40
496.77	1401.60
497.14	1403.00
497.50	1401.60
497.86	1411.80
498.23	1409.20
498.59	1405.40
498.95	1421.80
499.31	1428.80
499.68	1426.60
500.04	1437.00
500.40	1447.60
500.77	1445.80
501.13	1451.20
501.49	1445.60
501.85	1459.60
502.22	1456.20
502.58	1454.80
502.94	1468.80
503.30	1479.60
503.67	1467.80
504.03	1488.80
504.39	1479.00
504.75	1484.20
505.12	1476.60
505.48	1501.40
505.84	1502.40
506.20	1494.80
506.56	1500.80
506.93	1504.80
507.29	1518.40
507.65	1515.60
508.01	1517.00
508.37	1532.60
508.74	1517.60
509.10	1539.20
509.46	1529.40
509.82	1539.80
510.18	1549.80
510.54	1548.00
510.91	1550.40
511.27	1552.60
511.63	1562.00
511.99	1567.00
512.35	1561.60
512.71	1572.80
513.07	1571.80
513.43	1575.80
513.80	1579.60
514.16	1580.40
514.52	1588.40
514.88	1608.40
515.24	1607.00
515.60	1615.40
515.96	1615.80
516.32	1612.40
516.68	1616.60
517.04	1637.40
517.41	1629.60
517.77	1646.00
518.13	1647.40
518.49	1663.80
518.85	1660.80
519.21	1657.20
519.57	1673.20
519.93	1674.20
520.29	1687.80
520.65	1692.00
521.01	1690.00
521.37	1703.00
521.73	1689.00
522.09	1703.00
522.45	1729.00
522.81	1712.40
523.17	1725.60
523.53	1731.20
523.89	1716.20
524.25	1739.40
524.61	1741.40
524.97	1741.00
525.33	1754.40
525.69	1751.80
526.05	1760.00
526.41	1772.00
526.77	1775.20
527.13	1766.60
527.49	1790.40
527.85	1767.00
528.21	1806.00
528.57	1809.00
528.93	1802.40
529.29	1796.80
529.65	1803.80
530.00	1814.80
530.36	1801.20
530.72	1828.20
531.08	1820.80
531.44	1832.60
531.80	1842.60
532.16	1856.80
532.52	1850.00
532.88	1863.00
533.24	1845.80
533.59	1863.80
533.95	1847.60
534.31	1866.00
534.67	1862.60
535.03	1882.60
535.39	1850.20
535.75	1872.60
536.11	1865.00
536.46	1881.60
536.82	1863.80
537.18	1873.40
537.54	1871.80
537.90	1892.00
538.26	1887.40
538.61	1899.60
538.97	1907.40
539.33	1894.80
539.69	1911.60
540.05	1913.60
540.40	1909.60
540.76	1930.20
541.12	1919.60
541.48	1931.80
541.84	1914.20
542.19	1923.00
542.55	1922.40
542.91	1924.20
543.27	1934.40
543.62	1947.20
543.98	1939.40
544.34	1936.00
544.70	1953.60
545.05	1960.80
545.41	1958.60
545.77	1951.80
546.12	1957.60
546.48	1957.80
546.84	1956.40
547.20	1955.00
547.55	1960.60
547.91	1988.40
548.27	1959.80
548.62	1971.40
548.98	1979.40
549.34	1967.60
549.69	1987.40
550.05	1972.40
550.41	2005.20
550.77	1992.40
551.12	1994.40
551.48	1983.80
551.83	2006.00
552.19	2000.40
552.55	2006.40
552.90	1999.00
553.26	2011.20
553.62	2032.00
553.97	2017.80
554.33	2009.20
554.69	2027.60
555.04	2018.40
555.40	2028.00
555.75	2035.00
556.11	2056.00
556.47	2035.40
556.82	2050.00
557.18	2071.60
557.53	2041.20
557.89	2072.60
558.24	2066.00
558.60	2062.80
558.96	2075.40
559.31	2071.80
559.67	2074.20
560.02	2089.40
560.38	2065.80
560.73	2093.40
561.09	2103.40
561.44	2119.20
561.80	2099.40
562.16	2113.00
562.51	2118.40
562.87	2130.20
563.22	2136.40
563.58	2122.40
563.93	2130.80
564.29	2122.20
564.64	2144.20
565.00	2135.20
565.35	2154.00
565.71	2141.60
566.06	2163.80
566.41	2178.60
566.77	2153.20
567.12	2185.80
567.48	2172.60
567.83	2183.60
568.19	2175.80
568.54	2204.20
568.90	2186.80
569.25	2193.40
569.60	2199.80
569.96	2226.00
570.31	2199.80
570.67	2218.40
571.02	2216.80
571.38	2226.20
571.73	2216.00
572.08	2254.00
572.44	2224.80
572.79	2226.60
573.15	2249.80
573.50	2221.60
573.85	2257.00
574.21	2238.20
574.56	2225.00
574.91	2253.40
575.27	2248.80
575.62	2228.20
575.97	2252.40
576.33	2247.80
576.68	2255.00
577.03	2258.80
577.39	2250.60
577.74	2249.00
578.09	2246.20
578.45	2256.00
578.80	2240.80
579.15	2237.60
579.51	2258.60
579.86	2249.00
580.21	2267.40
580.57	2247.80
580.92	2263.80
581.27	2251.80
581.62	2272.80
581.98	2251.80
582.33	2254.00
582.68	2253.20
583.03	2238.60
583.39	2244.60
583.74	2246.80
584.09	2250.60
584.44	2243.20
584.80	2249.60
585.15	2232.60
585.50	2246.20
585.85	2260.20
586.21	2233.60
586.56	2247.20
586.91	2246.20
587.26	2256.20
587.61	2244.40
587.97	2218.20
588.32	2238.40
588.67	2242.40
589.02	2260.60
589.37	2223.60
589.73	2238.80
590.08	2244.60
590.43	2237.60
590.78	2237.40
591.13	2242.20
591.48	2255.80
591.83	2222.60
592.19	2232.80
592.54	2227.20
592.89	2224.40
593.24	2237.80
593.59	2246.00
593.94	2234.00
594.29	2239.40
594.64	2250.60
595.00	2256.60
595.35	2256.60
595.70	2239.60
596.05	2239.40
596.40	2233.20
596.75	2242.40
597.10	2265.60
597.45	2241.20
597.80	2249.60
598.15	2245.80
598.50	2258.60
598.85	2246.20
599.20	2243.80
599.55	2256.00
599.90	2251.20
600.26	2249.80
600.61	2263.00
600.96	2245.80
601.31	2260.20
601.66	2259.40
602.01	2265.40
602.36	2259.60
602.71	2265.80
603.06	2259.60
603.41	2265.00
603.76	2269.40
604.11	2286.80
604.46	2252.80
604.81	2282.20
605.16	2265.40
605.50	2275.20
605.85	2287.80
606.20	2295.80
606.55	2294.60
606.90	2269.00
607.25	2283.20
607.60	2281.00
607.95	2289.60
608.30	2287.00
608.65	2304.20
609.00	2308.00
609.35	2282.40
609.70	2296.60
610.05	2297.20
610.40	2328.60
610.74	2310.00
611.09	2305.40
611.44	2306.60
611.79	2313.80
612.14	2335.40
612.49	2319.60
612.84	2324.20
613.19	2330.40
613.53	2322.40
613.88	2345.60
614.23	2321.80
614.58	2335.40
614.93	2328.60
615.28	2324.00
615.62	2326.80
615.97	2321.80
616.32	2343.60
616.67	2332.00
617.02	2325.20
617.37	2346.00
617.71	2348.40
618.06	2359.20
618.41	2355.20
618.76	2349.60
619.11	2349.40
619.45	2359.40
619.80	2370.20
620.15	2349.00
620.50	2353.20
620.84	2365.60
621.19	2342.40
621.54	2356.20
621.89	2368.60
622.23	2333.20
622.58	2357.60
622.93	2355.00
623.28	2356.80
623.62	2337.40
623.97	2353.20
624.32	2358.60
624.66	2350.20
625.01	2360.20
625.36	2341.80
625.71	2345.00
626.05	2347.40
626.40	2339.20
626.75	2334.60
627.09	2342.40
627.44	2340.80
627.79	2339.00
628.13	2305.20
628.48	2331.00
628.83	2316.80
629.17	2310.40
629.52	2324.80
629.87	2330.80
630.21	2326.60
630.56	2328.60
630.90	2323.80
631.25	2315.80
631.60	2311.00
631.94	2313.40
632.29	2307.80
632.63	2320.40
632.98	2283.20
633.33	2293.20
633.67	2293.20
634.02	2304.40
634.36	2282.00
634.71	2266.40
635.06	2280.20
635.40	2254.80
635.75	2295.80
636.09	2260.40
636.44	2268.20
636.78	2245.80
637.13	2244.20
637.47	2242.40
637.82	2257.60
638.16	2228.60
638.51	2245.40
638.86	2218.00
639.20	2241.00
639.55	2207.20
639.89	2210.20
640.24	2221.00
640.58	2220.60
640.93	2203.60
641.27	2191.80
641.62	2209.00
641.96	2189.20
642.30	2185.60
642.65	2184.20
642.99	2176.00
643.34	2180.80
643.68	2185.40
644.03	2180.60
644.37	2180.00
644.72	2180.60
645.06	2168.80
645.40	2166.60
645.75	2162.80
646.09	2144.00
646.44	2160.20
646.78	2135.80
647.13	2138.00
647.47	2136.00
647.81	2137.40
648.16	2114.00
648.50	2144.20
648.85	2120.80
649.19	2121.20
649.53	2106.00
649.88	2118.40
650.22	2126.80
650.56	2105.80
650.91	2102.80
651.25	2096.60
651.59	2097.80
651.94	2109.00
652.28	2103.80
652.62	2100.00
652.97	2107.80
653.31	2102.60
653.65	2106.80
654.00	2095.40
654.34	2103.60
654.68	2092.20
655.03	2072.20
655.37	2084.20
655.71	2094.60
656.05	2081.20
656.40	2072.80
656.74	2073.80
657.08	2068.80
657.43	2073.60
657.77	2047.80
658.11	2080.40
658.45	2088.80
658.80	2078.00
659.14	2071.00
659.48	2066.80
659.82	2069.20
660.16	2077.00
660.51	2061.60
660.85	2065.80
661.19	2073.00
661.53	2064.20
661.87	2069.00
662.22	2070.60
662.56	2052.60
662.90	2078.40
663.24	2058.80
663.58	2045.20
663.93	2051.00
664.27	2037.20
664.61	2062.80
664.95	2061.80
665.29	2038.20
665.63	2044.80
665.98	2061.40
666.32	2057.00
666.66	2040.60
667.00	2043.00
667.34	2040.00
667.68	2049.80
668.02	2027.60
668.36	2066.40
668.70	2043.00
669.05	2024.80
669.39	2061.20
669.73	2035.80
670.07	2040.20
670.41	2033.20
670.75	2041.60
671.09	2033.00
671.43	2029.20
671.77	2027.60
672.11	2029.40
672.45	2042.00
672.79	2016.60
673.13	2036.20
673.47	2011.20
673.81	2044.40
674.16	2006.80
674.50	2013.60
674.84	2017.40
675.18	2014.40
675.52	2030.00
675.86	2013.00
676.20	2022.60
676.54	2003.80
676.88	1992.40
677.22	2001.60
677.56	1977.00
677.90	1998.00
678.23	1990.40
678.57	1993.20
678.91	2002.00
679.25	1998.80
679.59	1987.00
679.93	1974.00
680.27	1983.20
680.61	1976.00
680.95	1971.20
681.29	1970.60
681.63	1946.00
681.97	1971.20
682.31	1939.80
682.65	1949.60
682.99	1960.40
683.32	1945.20
683.66	1948.80
684.00	1950.20
684.34	1936.40
684.68	1916.20
685.02	1938.60
685.36	1921.00
685.70	1914.60
686.03	1909.60
686.37	1919.60
686.71	1910.40
687.05	1892.20
687.39	1895.00
687.73	1881.80
688.07	1884.60
688.40	1870.80
688.74	1884.20
689.08	1863.80
689.42	1873.20
689.76	1869.60
690.09	1863.80
690.43	1842.80
690.77	1862.80
691.11	1823.60
691.45	1824.60
691.78	1841.00
692.12	1817.80
692.46	1813.20
692.80	1808.80
693.13	1811.80
693.47	1801.20
693.81	1801.40
694.15	1787.40
694.48	1781.60
694.82	1784.80
695.16	1780.60
695.50	1782.60
695.83	1750.00
696.17	1757.00
696.51	1751.00
696.84	1754.80
697.18	1752.20
697.52	1744.60
697.85	1717.60
698.19	1726.80
698.53	1734.20
698.87	1717.60
699.20	1711.60
699.54	1688.00
699.88	1699.20
700.21	1693.00
700.55	1691.40
700.88	1683.80
701.22	1672.80
701.56	1689.20
701.89	1673.00
702.23	1663.20
702.57	1673.60
702.90	1648.60
703.24	1646.40
703.57	1631.60
703.91	1628.60
704.25	1625.40
704.58	1646.20
704.92	1626.40
705.25	1603.80
705.59	1613.80
705.93	1608.20
706.26	1627.60
706.60	1597.60
706.93	1586.60
707.27	1573.60
707.60	1596.20
707.94	1574.20
708.27	1582.20
708.61	1589.80
708.95	1567.20
709.28	1557.00
709.62	1555.40
709.95	1567.60
710.29	1562.40
710.62	1538.00
710.96	1550.60
711.29	1528.80
711.63	1546.20
711.96	1538.80
712.30	1538.60
712.63	1529.00
712.96	1520.80
713.30	1529.80
713.63	1523.80
713.97	1521.60
714.30	1512.00
714.64	1479.60
714.97	1496.20
715.31	1500.40
715.64	1498.20
715.97	1496.40
716.31	1496.00
716.64	1481.40
716.98	1491.80
717.31	1491.80
717.64	1492.00
717.98	1473.40
718.31	1487.20
718.65	1480.00
718.98	1464.80
719.31	1470.80
719.65	1468.20
719.98	1456.60
720.32	1466.00
720.65	1466.20
720.98	1451.40
721.32	1455.00
721.65	1450.00
721.98	1448.80
722.32	1459.60
722.65	1449.20
722.98	1442.60
723.32	1434.60
723.65	1437.00
723.98	1440.20
724.31	1435.80
724.65	1433.20
724.98	1424.20
725.31	1426.20
725.65	1433.00
725.98	1425.80
726.31	1421.20
726.64	1407.20
726.98	1413.80
727.31	1410.00
727.64	1424.00
727.97	1413.40
728.31	1418.80
728.64	1408.00
728.97	1408.40
729.30	1398.00
729.64	1418.60
729.97	1392.20
730.30	1396.00
730.63	1409.00
730.96	1403.40
731.30	1400.40
731.63	1391.80
731.96	1391.80
732.29	1394.00
732.62	1387.40
732.96	1384.40
733.29	1391.40
733.62	1386.20
733.95	1370.60
734.28	1371.40
734.61	1369.00
734.94	1381.60
735.28	1373.20
735.61	1363.60
735.94	1371.20
736.27	1363.80
736.60	1366.00
736.93	1361.60
737.26	1355.80
737.59	1362.00
737.92	1365.40
738.26	1357.40
738.59	1347.60
738.92	1349.20
739.25	1356.20
739.58	1344.80
739.91	1349.60
740.24	1345.40
740.57	1343.80
740.90	1350.80
741.23	1340.20
741.56	1337.60
741.89	1342.40
742.22	1331.60
742.55	1337.40
742.88	1337.20
743.21	1321.40
743.54	1317.20
743.87	1320.80
744.20	1334.20
744.53	1320.20
744.86	1328.60
745.19	1306.60
745.52	1314.60
745.85	1316.60
746.18	1311.20
746.51	1305.00
746.84	1301.80
747.17	1298.80
747.50	1291.20
747.83	1284.80
748.16	1284.00
748.49	1291.20
748.82	1280.40
749.15	1280.20
749.48	1277.40
749.81	1277.40
750.14	1267.40
750.46	1277.80
750.79	1256.80
751.12	1268.20
751.45	1266.80
751.78	1246.80
752.11	1268.40
752.44	1256.80
752.77	1240.80
753.10	1243.80
753.42	1232.60
753.75	1230.20
754.08	1228.80
754.41	1218.60
754.74	1231.00
755.07	1224.80
755.39	1217.80
755.72	1218.60
756.05	1203.40
756.38	1209.00
756.71	1208.40
757.04	1193.60
757.36	1194.40
757.69	1179.40
758.02	1196.80
758.35	1186.40
758.67	1182.00
759.00	1182.20
759.33	1165.00
759.66	1161.80
759.99	1153.00
760.31	1153.40
760.64	1160.80
760.97	1145.60
761.30	1124.60
761.62	1144.00
761.95	1134.80
762.28	1126.00
762.60	1110.00
762.93	1120.80
763.26	1125.80
763.59	1112.00
763.91	1110.00
764.24	1103.40
764.57	1108.40
764.89	1097.60
765.22	1088.00
765.55	1099.00
765.87	1086.60
766.20	1077.20
766.53	1075.40
766.85	1069.40
767.18	1058.40
767.51	1068.80
767.83	1059.00
768.16	1056.60
768.48	1057.80
768.81	1046.20
769.14	1051.80
769.46	1039.20
769.79	1042.20
770.12	1036.80
770.44	1024.60
770.77	1023.40
771.09	1009.80
771.42	1004.20
771.74	1001.40
772.07	1007.80
772.40	995.00
772.72	994.60
773.05	991.60
773.37	984.20
773.70	975.80
774.02	984.60
774.35	980.20
774.67	954.60
775.00	963.40
775.32	952.00
775.65	940.60
775.97	948.80
776.30	945.20
776.63	932.40
776.95	945.40
777.27	924.40
777.60	929.20
777.92	918.20
778.25	932.40
778.57	912.20
778.90	920.00
779.22	908.00
779.55	908.80
779.87	905.80
780.20	902.40
780.52	892.80
780.85	894.00
781.17	882.20
781.49	872.20
781.82	877.40
782.14	867.00
782.47	868.20
782.79	867.00
783.11	863.00
783.44	853.20
783.76	857.40
784.09	840.40
784.41	841.20
784.73	842.60
785.06	827.20
785.38	828.40
785.70	826.80
786.03	818.60
786.35	820.60
786.67	814.40
787.00	816.80
787.32	815.00
787.64	814.60
787.97	805.40
788.29	806.60
788.61	795.20
788.94	810.20
789.26	806.60
789.58	797.60
789.91	804.40
790.23	797.20
790.55	798.20
790.87	787.60
791.20	792.80
791.52	795.20
791.84	787.20
792.16	796.80
792.49	785.80
792.81	782.00
793.13	785.00
793.45	790.80
793.78	796.40
794.10	787.20
794.42	782.20
794.74	785.20
795.06	786.60
795.39	786.80
795.71	785.20
796.03	792.00
796.35	792.80
796.67	788.60
797.00	793.20
797.32	782.40
797.64	788.00
797.96	781.20
798.28	784.60
798.60	785.80
798.93	790.20
799.25	792.00
799.57	796.60
799.89	781.60
800.21	788.40
800.53	786.80
800.85	788.60
801.17	790.80
801.50	788.20
801.82	787.00
802.14	795.20
802.46	784.40
802.78	792.40
803.10	788.40
803.42	787.00
803.74	788.80
804.06	781.60
804.38	782.60
804.70	782.80
805.02	772.40
805.34	787.60
805.66	784.40
805.98	785.00
806.30	786.40
806.62	785.60
806.94	783.40
807.26	781.40
807.58	777.20
807.90	778.40
808.22	770.00
808.54	778.00
808.86	779.60
809.18	773.00
809.50	779.60
809.82	772.20
810.14	771.80
810.46	772.00
810.78	773.60
811.10	781.20
811.42	777.60
811.74	771.80
812.06	770.20
812.38	768.60
812.70	755.60
813.02	759.80
813.34	755.80
813.66	754.60
813.97	763.60
814.29	761.20
814.61	751.40
814.93	759.80
815.25	764.80
815.57	751.00
815.89	755.00
816.21	743.60
816.52	748.00
816.84	753.80
817.16	750.20
817.48	743.80
817.80	743.00
818.12	749.20
818.43	748.60
818.75	749.20
819.07	739.80
819.39	738.20
819.71	739.00
820.03	741.00
820.34	728.40
820.66	728.80
820.98	725.00
821.30	732.40
821.61	728.40
821.93	735.40
822.25	727.80
822.57	732.20
822.88	727.60
823.20	721.20
823.52	722.20
823.84	714.00
824.15	719.60
824.47	710.80
824.79	720.40
825.11	718.20
825.42	720.40
825.74	714.00
826.06	712.40
826.37	712.40
826.69	710.80
827.01	709.00
827.32	709.20
827.64	702.40
827.96	698.40
828.27	712.80
828.59	701.60
828.91	702.00
829.22	700.40
829.54	706.00
829.86	705.20
830.17	693.40
830.49	701.20
830.81	699.20
831.12	696.60
831.44	689.80
831.75	691.00
832.07	692.20
832.39	687.80
832.70	681.80
833.02	683.40
833.33	680.80
833.65	685.00
833.96	683.20
834.28	679.80
834.60	677.60
834.91	672.80
835.23	681.40
835.54	673.00
835.86	674.00
836.17	673.80
836.49	668.80
836.80	668.80
837.12	668.20
837.43	666.40
837.75	665.40
838.06	666.00
838.38	653.00
838.69	664.00
839.01	653.20
839.32	653.20
839.64	648.60
839.95	654.40
840.27	652.20
840.58	649.80
840.90	654.80
841.21	644.40
841.53	648.00
841.84	643.00
842.15	637.20
842.47	643.80
842.78	633.60
843.10	633.20
843.41	631.60
843.72	629.00
844.04	628.20
844.35	627.80
844.67	625.60
844.98	619.80
845.29	621.40
845.61	617.20
845.92	619.20
846.23	612.60
846.55	617.60
846.86	610.40
847.18	602.60
847.49	604.60
847.80	606.00
848.12	598.20
848.43	596.80
848.74	600.60
849.05	593.00
849.37	589.60
849.68	591.60
849.99	592.40
850.31	593.60
850.62	582.40
850.93	583.40
851.24	582.60
851.56	578.60
851.87	575.80
852.18	580.80
852.50	579.80
852.81	571.80
853.12	569.60
853.43	566.40
853.74	562.60
854.06	561.60
854.37	559.00
854.68	557.40
854.99	558.80
855.31	555.20
855.62	550.80
855.93	551.20
856.24	547.20
856.55	538.60
856.87	539.40
857.18	541.80
857.49	538.40
857.80	535.40
858.11	529.80
858.42	528.00
858.73	533.80
859.05	526.00
859.36	518.20
859.67	521.20
859.98	512.60
860.29	514.80
860.60	520.00
860.91	513.20
861.22	517.60
861.54	505.40
861.85	507.20
862.16	503.40
862.47	502.80
862.78	498.80
863.09	496.20
863.40	498.00
863.71	492.40
864.02	490.40
864.33	490.80
864.64	485.80
864.95	479.80
865.26	473.40
865.57	478.20
865.88	478.00
866.19	476.00
866.50	473.20
866.81	470.00
867.12	465.00
867.43	468.00
867.74	461.60
868.05	459.80
868.36	459.20
868.67	463.40
868.98	458.60
869.29	450.60
869.60	454.20
869.91	450.00
870.22	449.80
870.53	447.00
870.84	450.20
871.15	440.60
871.46	442.80
871.77	440.00
872.08	437.40
872.39	437.40
872.69	430.40
873.00	433.80
873.31	425.00
873.62	425.20
873.93	419.40
874.24	422.00
874.55	421.00
874.86	418.00
875.16	412.80
875.47	414.80
875.78	412.40
876.09	414.00
876.40	411.60
876.71	406.80
877.01	400.40
877.32	403.20
877.63	400.60
877.94	395.60
878.25	397.20
878.56	390.60
878.86	395.20
879.17	387.80
879.48	388.60
879.79	381.40
880.09	387.20
880.40	385.00
880.71	382.20
881.02	381.40
881.32	380.00
881.63	379.80
881.94	376.80
882.25	374.60
882.55	374.20
882.86	375.40
883.17	373.20
883.48	371.80
883.78	373.40
884.09	366.60
884.40	367.00
884.70	365.60
885.01	369.20
885.32	370.40
885.62	367.20
885.93	367.20
886.24	363.80
886.54	361.20
886.85	359.00
887.16	359.00
887.46	357.00
887.77	361.80
888.08	353.00
888.38	356.60
888.69	354.40
888.99	353.40
889.30	358.00
889.61	356.60
889.91	361.20
890.22	352.40
890.52	356.80
890.83	354.00
891.14	351.00
891.44	350.20
891.75	354.60
892.05	349.00
892.36	350.40
892.66	356.40
892.97	347.80
893.27	351.20
893.58	349.60
893.89	350.40
894.19	349.80
894.50	346.20
894.80	353.20
895.11	349.00
895.41	352.80
895.72	347.60
896.02	350.00
896.33	354.00
896.63	355.20
896.93	347.00
897.24	345.80
897.54	351.00
897.85	352.60
898.15	351.40
898.46	351.20
898.76	349.60
899.07	350.80
899.37	351.60
899.67	351.00
899.98	352.40
900.28	355.40
900.59	350.40
900.89	350.20
901.19	348.80
901.50	353.20
901.80	349.40
902.11	352.40
902.41	354.20
902.71	350.20
903.02	349.60
903.32	353.00
903.62	348.60
903.93	351.20
904.23	353.80
904.53	350.60
904.84	350.60
905.14	346.20
905.44	348.20
905.75	346.00
906.05	349.40
906.35	348.20
906.66	344.80
906.96	342.60
907.26	343.60
907.56	342.60
907.87	346.00
908.17	339.20
908.47	341.00
908.77	341.20
909.08	342.20
909.38	344.60
909.68	342.40
909.98	338.80
910.29	342.40
910.59	338.60
910.89	339.60
911.19	339.00
911.50	339.80
911.80	339.00
912.10	338.20
912.40	342.00
912.70	342.00
913.00	338.80
913.31	334.40
913.61	341.80
913.91	332.00
914.21	339.00
914.51	336.80
914.81	337.00
915.12	334.20
915.42	334.60
915.72	335.60
916.02	332.60
916.32	326.20
916.62	337.00
916.92	330.60
917.22	330.60
917.52	329.00
917.83	326.00
918.13	325.80
918.43	325.00
918.73	324.20
919.03	324.80
919.33	325.00
919.63	328.60
919.93	320.60
920.23	320.60
920.53	320.40
920.83	322.20
921.13	320.40
921.43	316.60
921.73	312.60
922.03	321.00
922.33	316.80
922.63	316.20
922.93	318.00
923.23	316.40
923.53	313.20
923.83	314.80
924.13	311.80
924.43	313.60
924.73	310.60
925.03	309.00
925.33	309.20
925.63	311.40
925.93	307.40
926.23	307.60
926.53	306.60
926.83	303.60
927.13	306.40
927.42	305.20
927.72	308.40
928.02	303.60
928.32	298.80
928.62	302.20
928.92	303.80
929.22	299.60
929.52	297.00
929.82	299.20
930.11	295.80
930.41	295.40
930.71	297.00
931.01	297.20
931.31	295.20
931.61	294.40
931.90	294.80
932.20	292.00
932.50	290.20
932.80	288.80
933.10	289.40
933.39	288.80
933.69	287.80
933.99	288.40
934.29	287.60
934.59	290.00
934.88	284.60
935.18	281.20
935.48	278.80
935.78	282.40
936.07	279.60
936.37	278.00
936.67	278.40
936.97	280.40
937.26	282.40
937.56	274.60
937.86	277.20
938.15	272.40
938.45	276.00
938.75	272.60
939.05	273.40
939.34	275.40
939.64	272.40
939.94	268.80
940.23	269.00
940.53	267.60
940.83	266.60
941.12	267.40
941.42	268.00
941.71	268.20
942.01	264.40
942.31	264.60
942.60	263.40
942.90	261.80
943.20	262.20
943.49	263.80
943.79	260.60
944.08	260.60
944.38	258.80
944.68	257.60
944.97	256.80
945.27	256.60
945.56	253.60
945.86	254.00
946.15	255.60
946.45	254.20
946.74	253.20
947.04	250.40
947.34	250.40
947.63	245.40
947.93	250.00
948.22	248.80
948.52	249.00
948.81	251.00
949.11	248.00
949.40	246.20
949.70	249.80
949.99	245.80
950.29	247.00
950.58	241.80
950.87	241.40
951.17	242.60
951.46	243.00
951.76	241.40
952.05	243.20
952.35	240.00
952.64	242.40
952.94	242.60
953.23	235.80
953.52	234.60
953.82	239.00
954.11	234.60
954.41	235.20
954.70	230.00
954.99	232.60
955.29	230.20
955.58	229.00
955.87	231.00
956.17	232.60
956.46	228.80
956.76	229.00
957.05	227.20
957.34	227.80
957.64	224.00
957.93	226.20
958.22	225.80
958.52	222.00
958.81	224.80
959.10	222.60
959.39	219.40
959.69	221.80
959.98	219.60
960.27	220.20
960.57	219.20
960.86	217.80
961.15	221.20
961.44	216.40
961.74	219.20
962.03	217.20
962.32	215.20
962.61	217.20
962.91	214.60
963.20	214.80
963.49	213.00
963.78	210.60
964.07	209.60
964.37	211.40
964.66	211.40
964.95	208.40
965.24	210.40
965.53	206.20
965.83	205.80
966.12	206.00
966.41	205.00
966.70	202.80
966.99	203.40
967.28	204.00
967.57	204.80
967.87	202.40
968.16	199.60
968.45	199.80
968.74	201.20
969.03	201.40
969.32	199.60
969.61	198.80
969.90	196.20
970.19	197.60
970.49	196.60
970.78	197.80
971.07	195.00
971.36	194.40
971.65	194.40
971.94	191.40
972.23	191.60
972.52	191.80
972.81	190.00
973.10	188.80
973.39	188.40
973.68	191.40
973.97	191.40
974.26	191.20
974.55	190.80
974.84	191.00
975.13	187.80
975.42	187.20
975.71	188.00
976.00	186.80
976.29	183.00
976.58	185.00
976.87	186.00
977.16	182.20
977.45	187.20
977.74	183.40
978.03	183.40
978.32	178.60
978.60	182.20
978.89	182.60
979.18	181.60
979.47	180.40
979.76	180.20
980.05	180.20
980.34	178.80
980.63	176.40
980.92	181.00
981.20	178.80
981.49	175.00
981.78	176.20
982.07	175.00
982.36	177.00
982.65	175.60
982.94	173.20
983.22	175.00
983.51	170.80
983.80	173.80
984.09	172.00
984.38	173.00
984.66	170.80
984.95	171.80
985.24	173.00
985.53	171.00
985.82	169.60
986.10	169.80
986.39	172.20
986.68	169.40
986.97	169.00
987.25	167.80
987.54	169.40
987.83	169.40
988.12	166.80
988.40	168.60
988.69	167.20
988.98	167.40
989.26	167.00
989.55	163.80
989.84	163.60
990.12	163.40
990.41	164.40
990.70	163.80
990.98	164.60
991.27	164.60
991.56	161.40
991.84	162.60
992.13	162.80
992.42	163.60
992.70	163.60
992.99	162.00
993.28	161.80
993.56	159.40
993.85	160.80
994.13	160.80
994.42	160.00
994.71	157.40
994.99	160.40
995.28	158.40
995.56	158.80
995.85	159.00
996.14	157.60
996.42	157.40
996.71	156.80
996.99	158.20
997.28	159.20
997.56	158.60
997.85	157.20
998.13	156.80
998.42	155.80
998.70	155.60
998.99	156.80
999.27	156.20
999.56	154.60
999.84	155.60
1000.13	153.80
1000.41	153.80
1000.70	153.00
1000.98	154.80
1001.27	154.20
1001.55	152.60
1001.84	153.40
1002.12	151.80
1002.40	156.00
1002.69	154.00
1002.97	152.40
1003.26	151.80
1003.54	153.60
1003.83	154.20
1004.11	152.00
1004.39	151.60
1004.68	153.20
1004.96	153.00
1005.24	152.00
1005.53	151.40
1005.81	150.20
1006.10	149.60
1006.38	151.00
1006.66	150.00
1006.95	147.80
1007.23	148.20
1007.51	148.80
1007.80	149.00
1008.08	150.20
1008.36	149.00
1008.65	147.00
1008.93	148.40
1009.21	147.80
1009.49	147.00
1009.78	148.00
1010.06	148.40
1010.34	148.20
1010.63	147.20
1010.91	147.40
1011.19	147.60
1011.47	146.40
1011.76	147.20
1012.04	147.80
1012.32	148.00
1012.60	147.40
1012.88	147.40
1013.17	146.80
1013.45	145.80
1013.73	145.20
1014.01	143.80
1014.29	145.20
1014.58	145.00
1014.86	145.60
1015.14	144.20
1015.42	146.40
1015.70	145.20
1015.98	143.00
1016.27	143.60
1016.55	141.80
1016.83	143.20
1017.11	145.00
1017.39	145.00
1017.67	145.60
1017.95	143.80
1018.23	142.00
1018.52	141.00
1018.80	143.00
1019.08	141.80
1019.36	142.20
1019.64	141.60
1019.92	141.20
1020.20	142.40
1020.48	140.40
1020.76	140.60
1021.04	143.00
1021.32	141.20
1021.60	141.80
1021.88	140.20
1022.16	141.60
1022.44	143.40
1022.72	142.00
