	0.0	
339.41	0.00
339.79	119.00
340.17	120.20
340.55	121.80
340.94	122.60
341.32	124.00
341.70	125.20
342.08	125.00
342.46	126.60
342.84	125.60
343.22	126.40
343.60	126.60
343.98	127.80
344.36	127.60
344.74	127.80
345.12	127.20
345.50	126.80
345.88	126.20
346.26	127.80
346.64	128.20
347.02	127.80
347.40	126.60
347.78	126.00
348.15	126.60
348.53	129.00
348.91	131.40
349.29	131.60
349.67	131.40
350.05	131.00
350.43	130.60
350.81	130.60
351.19	132.60
351.57	133.20
351.95	132.40
352.33	131.40
352.71	132.20
353.09	133.40
353.47	132.80
353.84	132.00
354.22	133.40
354.60	134.00
354.98	132.80
355.36	132.80
355.74	134.40
356.12	133.80
356.50	134.60
356.88	135.80
357.25	137.00
357.63	135.80
358.01	135.00
358.39	134.00
358.77	134.80
359.15	134.40
359.53	136.00
359.90	137.40
360.28	136.00
360.66	136.60
361.04	136.20
361.42	138.40
361.80	137.80
362.17	137.20
362.55	138.00
362.93	139.00
363.31	138.00
363.69	140.60
364.06	139.00
364.44	140.60
364.82	139.40
365.20	138.40
365.58	139.60
365.95	139.20
366.33	139.40
366.71	139.00
367.09	138.80
367.46	139.60
367.84	140.80
368.22	141.60
368.60	141.60
368.97	141.80
369.35	141.00
369.73	140.60
370.11	142.80
370.48	141.80
370.86	141.80
371.24	142.60
371.62	144.00
371.99	143.60
372.37	143.80
372.75	144.60
373.12	143.00
373.50	143.40
373.88	145.80
374.25	145.80
374.63	145.20
375.01	145.60
375.38	146.60
375.76	146.40
376.14	147.60
376.51	146.40
376.89	148.20
377.27	149.60
377.64	148.80
378.02	150.00
378.40	149.20
378.77	151.20
379.15	149.00
379.53	149.00
379.90	151.80
380.28	151.60
380.66	152.20
381.03	153.20
381.41	153.20
381.78	154.60
382.16	156.20
382.54	156.80
382.91	158.00
383.29	156.20
383.66	157.20
384.04	159.00
384.42	159.60
384.79	159.00
385.17	160.40
385.54	162.40
385.92	161.60
386.29	159.80
386.67	163.00
387.05	162.20
387.42	163.20
387.80	166.60
388.17	165.20
388.55	166.00
388.92	166.00
389.30	167.00
389.67	169.60
390.05	171.00
390.42	169.40
390.80	171.80
391.17	171.80
391.55	173.80
391.92	174.40
392.30	174.20
392.67	176.40
393.05	179.20
393.42	178.20
393.80	176.00
394.17	178.80
394.55	179.40
394.92	179.80
395.30	182.40
395.67	187.00
396.05	187.40
396.42	187.40
396.80	187.00
397.17	188.40
397.55	187.20
397.92	190.80
398.29	191.80
398.67	191.40
399.04	195.40
399.42	193.80
399.79	199.00
400.17	199.80
400.54	198.60
400.91	199.40
401.29	197.80
401.66	204.20
402.04	203.20
402.41	202.60
402.78	204.20
403.16	208.40
403.53	206.40
403.90	212.60
404.28	208.00
404.65	212.40
405.03	213.60
405.40	217.00
405.77	215.00
406.15	217.00
406.52	216.20
406.89	221.60
407.27	221.00
407.64	223.00
408.01	222.60
408.39	228.60
408.76	223.20
409.13	226.40
409.51	230.00
409.88	228.80
410.25	234.20
410.62	234.00
411.00	237.20
411.37	237.80
411.74	234.20
412.12	241.20
412.49	239.80
412.86	240.80
413.23	241.80
413.61	245.00
413.98	252.20
414.35	249.60
414.73	254.20
415.10	248.20
415.47	255.40
415.84	255.20
416.22	251.20
416.59	259.20
416.96	261.20
417.33	255.20
417.70	264.00
418.08	269.20
418.45	265.80
418.82	270.40
419.19	272.00
419.57	275.00
419.94	269.80
420.31	282.00
420.68	277.20
421.05	278.60
421.42	278.00
421.80	284.80
422.17	283.00
422.54	293.80
422.91	293.60
423.28	287.20
423.65	295.60
424.03	292.80
424.40	296.00
424.77	298.80
425.14	302.00
425.51	301.80
425.88	306.40
426.25	306.60
426.63	311.60
427.00	312.20
427.37	316.20
427.74	328.60
428.11	319.60
428.48	324.20
428.85	329.00
429.22	329.60
429.59	328.60
429.97	332.40
430.34	329.80
430.71	333.80
431.08	345.60
431.45	344.80
431.82	348.20
432.19	347.00
432.56	352.20
432.93	357.40
433.30	362.20
433.67	362.80
434.04	365.60
434.41	368.40
434.78	370.80
435.15	370.40
435.52	383.00
435.89	386.40
436.26	389.00
436.63	385.80
437.00	392.20
437.37	392.40
437.74	390.60
438.11	402.00
438.48	395.60
438.85	409.40
439.22	419.60
439.59	426.40
439.96	416.60
440.33	426.00
440.70	432.00
441.07	428.20
441.44	445.00
441.81	433.20
442.18	431.40
442.55	438.80
442.92	450.40
443.29	448.00
443.66	441.60
444.03	450.00
444.40	453.00
444.77	463.80
445.14	463.00
445.51	474.20
445.88	470.60
446.24	474.40
446.61	476.40
446.98	473.60
447.35	480.40
447.72	483.80
448.09	484.60
448.46	475.20
448.83	487.80
449.20	487.40
449.56	493.40
449.93	496.80
450.30	491.20
450.67	508.60
451.04	493.20
451.41	491.60
451.78	511.60
452.14	508.40
452.51	504.20
452.88	508.60
453.25	506.00
453.62	522.80
453.99	518.20
454.35	523.00
454.72	529.00
455.09	534.60
455.46	534.80
455.83	544.20
456.19	551.40
456.56	547.80
456.93	550.40
457.30	554.20
457.66	553.60
458.03	564.20
458.40	555.00
458.77	563.40
459.14	572.40
459.50	570.00
459.87	552.60
460.24	575.80
460.61	575.60
460.97	589.20
461.34	581.40
461.71	584.00
462.07	585.00
462.44	600.80
462.81	610.80
463.18	605.60
463.54	600.60
463.91	623.00
464.28	618.60
464.64	624.40
465.01	621.00
465.38	640.40
465.75	626.80
466.11	640.00
466.48	644.40
466.85	636.20
467.21	638.80
467.58	645.00
467.95	660.40
468.31	665.60
468.68	671.00
469.04	681.20
469.41	695.20
469.78	686.80
470.14	693.40
470.51	698.00
470.88	712.60
471.24	710.20
471.61	726.00
471.98	723.00
472.34	739.20
472.71	744.40
473.07	752.80
473.44	761.00
473.81	775.40
474.17	767.80
474.54	778.00
474.90	782.20
475.27	783.80
475.63	808.40
476.00	813.00
476.37	808.20
476.73	815.00
477.10	839.20
477.46	846.60
477.83	836.60
478.19	850.20
478.56	868.40
478.92	883.20
479.29	875.60
479.65	884.20
480.02	886.40
480.38	910.40
480.75	919.60
481.11	924.20
481.48	937.80
481.84	939.20
482.21	945.80
482.57	954.60
482.94	976.40
483.30	982.00
483.67	988.60
484.03	999.00
484.40	1007.00
484.76	1013.60
485.13	1022.40
485.49	1032.00
485.86	1039.00
486.22	1051.80
486.59	1061.20
486.95	1063.60
487.31	1068.60
487.68	1082.80
488.04	1097.40
488.41	1107.80
488.77	1103.20
489.14	1118.20
489.50	1113.40
489.86	1131.60
490.23	1128.60
490.59	1135.60
490.96	1151.00
491.32	1159.80
491.68	1162.20
492.05	1159.00
492.41	1177.00
492.77	1183.20
493.14	1185.80
493.50	1195.20
493.87	1197.20
494.23	1214.60
494.59	1215.00
494.96	1220.40
495.32	1208.80
495.68	1227.80
496.05	1229.20
496.41	1236.00
496.77	1237.40
497.14	1232.60
497.50	1249.20
497.86	1249.80
498.23	1252.40
498.59	1258.00
498.95	1254.60
499.31	1278.80
499.68	1276.60
500.04	1286.00
500.40	1276.60
500.77	1286.60
501.13	1287.80
501.49	1284.00
501.85	1302.20
502.22	1296.40
502.58	1297.40
502.94	1309.80
503.30	1310.40
503.67	1312.60
504.03	1321.00
504.39	1317.60
504.75	1330.60
505.12	1330.40
505.48	1334.80
505.84	1329.40
506.20	1334.00
506.56	1338.00
506.93	1330.60
507.29	1356.00
507.65	1345.40
508.01	1359.80
508.37	1355.20
508.74	1348.60
509.10	1362.80
509.46	1361.60
509.82	1367.40
510.18	1378.00
510.54	1382.40
510.91	1379.80
511.27	1389.20
511.63	1382.60
511.99	1393.80
512.35	1400.20
512.71	1396.20
513.07	1398.20
513.43	1401.00
513.80	1406.40
514.16	1415.40
514.52	1422.40
514.88	1431.60
515.24	1437.80
515.60	1438.60
515.96	1435.00
516.32	1439.40
516.68	1444.00
517.04	1456.20
517.41	1452.80
517.77	1464.40
518.13	1459.40
518.49	1476.20
518.85	1477.80
519.21	1467.00
519.57	1494.20
519.93	1497.80
520.29	1495.60
520.65	1504.00
521.01	1505.40
521.37	1508.20
521.73	1509.40
522.09	1524.60
522.45	1536.60
522.81	1528.80
523.17	1539.80
523.53	1539.40
523.89	1532.60
524.25	1551.20
524.61	1554.00
524.97	1534.80
525.33	1554.80
525.69	1563.40
526.05	1575.20
526.41	1573.80
526.77	1575.20
527.13	1569.60
527.49	1582.60
527.85	1569.60
528.21	1600.60
528.57	1605.20
528.93	1596.40
529.29	1603.40
529.65	1607.40
530.00	1605.00
530.36	1610.00
530.72	1634.80
531.08	1621.20
531.44	1633.40
531.80	1627.40
532.16	1642.00
532.52	1638.00
532.88	1648.80
533.24	1640.20
533.59	1654.20
533.95	1645.00
534.31	1665.20
534.67	1651.00
535.03	1681.40
535.39	1659.00
535.75	1659.20
536.11	1666.60
536.46	1667.60
536.82	1673.20
537.18	1679.60
537.54	1681.60
537.90	1681.00
538.26	1666.60
538.61	1680.80
538.97	1703.20
539.33	1689.00
539.69	1697.00
540.05	1699.00
540.40	1691.60
540.76	1712.20
541.12	1708.40
541.48	1720.80
541.84	1709.00
542.19	1707.60
542.55	1722.00
542.91	1721.40
543.27	1731.20
543.62	1731.20
543.98	1721.40
544.34	1715.00
544.70	1740.00
545.05	1740.20
545.41	1741.40
545.77	1749.80
546.12	1740.00
546.48	1736.20
546.84	1730.60
547.20	1743.00
547.55	1747.00
547.91	1764.20
548.27	1746.60
548.62	1751.60
548.98	1749.00
549.34	1752.80
549.69	1769.40
550.05	1757.00
550.41	1770.80
550.77	1767.80
551.12	1760.40
551.48	1757.80
551.83	1780.20
552.19	1776.40
552.55	1785.20
552.90	1790.80
553.26	1802.60
553.62	1797.20
553.97	1806.60
554.33	1794.40
554.69	1807.20
555.04	1796.20
555.40	1800.80
555.75	1811.40
556.11	1815.60
556.47	1815.40
556.82	1813.80
557.18	1832.40
557.53	1817.40
557.89	1816.80
558.24	1830.20
558.60	1824.40
558.96	1845.60
559.31	1841.00
559.67	1840.00
560.02	1848.60
560.38	1841.40
560.73	1867.20
561.09	1878.00
561.44	1864.80
561.80	1869.80
562.16	1871.80
562.51	1885.00
562.87	1901.20
563.22	1898.20
563.58	1889.60
563.93	1896.80
564.29	1895.60
564.64	1914.40
565.00	1907.20
565.35	1913.80
565.71	1907.60
566.06	1927.00
566.41	1935.00
566.77	1903.20
567.12	1936.00
567.48	1926.80
567.83	1937.40
568.19	1945.60
568.54	1949.80
568.90	1956.00
569.25	1962.00
569.60	1958.60
569.96	1961.20
570.31	1950.40
570.67	1959.80
571.02	1975.40
571.38	1970.00
571.73	1969.80
572.08	1998.40
572.44	1977.00
572.79	1984.60
573.15	1988.20
573.50	1992.20
573.85	2007.40
574.21	1992.40
574.56	1975.00
574.91	2002.20
575.27	1997.60
575.62	1996.40
575.97	1996.20
576.33	2003.00
576.68	2013.40
577.03	1997.20
577.39	1989.00
577.74	2002.00
578.09	1999.60
578.45	1996.00
578.80	1989.80
579.15	1985.00
579.51	2000.80
579.86	2006.20
580.21	1992.60
580.57	2018.20
580.92	2014.40
581.27	1999.20
581.62	2007.80
581.98	1995.20
582.33	2009.80
582.68	1996.80
583.03	1994.00
583.39	1997.80
583.74	2002.80
584.09	2001.20
584.44	1998.80
584.80	2009.40
585.15	1989.60
585.50	2006.00
585.85	2002.00
586.21	1995.40
586.56	2004.40
586.91	1994.40
587.26	1990.00
587.61	1997.80
587.97	1991.60
588.32	1993.20
588.67	1998.40
589.02	1992.20
589.37	1974.20
589.73	1998.80
590.08	1991.80
590.43	1991.80
590.78	1984.20
591.13	1985.60
591.48	1985.00
591.83	1971.20
592.19	1977.40
592.54	1980.40
592.89	1984.60
593.24	1999.00
593.59	1976.40
593.94	1987.20
594.29	2002.80
594.64	1986.80
595.00	1986.00
595.35	2011.60
595.70	1979.00
596.05	1993.40
596.40	1981.20
596.75	1990.40
597.10	1996.40
597.45	1973.20
597.80	1980.00
598.15	1985.40
598.50	1994.80
598.85	1984.20
599.20	1995.80
599.55	2002.80
599.90	1992.00
600.26	1997.20
600.61	1998.20
600.96	2001.40
601.31	1995.60
601.66	2017.00
602.01	2005.40
602.36	2010.60
602.71	2014.00
603.06	2023.20
603.41	2022.20
603.76	2011.60
604.11	2022.20
604.46	1993.80
604.81	2027.60
605.16	2015.60
605.50	2020.20
605.85	2030.60
606.20	2035.00
606.55	2032.40
606.90	2034.00
607.25	2024.20
607.60	2035.60
607.95	2035.20
608.30	2036.40
608.65	2044.00
609.00	2041.00
609.35	2033.00
609.70	2040.40
610.05	2032.00
610.40	2064.40
610.74	2059.20
611.09	2056.20
611.44	2042.20
611.79	2058.20
612.14	2073.60
612.49	2067.00
612.84	2065.80
613.19	2060.40
613.53	2074.20
613.88	2087.80
614.23	2082.20
614.58	2061.60
614.93	2066.00
615.28	2071.20
615.62	2074.00
615.97	2073.40
616.32	2082.40
616.67	2073.40
617.02	2070.80
617.37	2088.20
617.71	2098.80
618.06	2093.40
618.41	2088.20
618.76	2084.80
619.11	2091.00
619.45	2094.20
619.80	2115.60
620.15	2090.40
620.50	2090.60
620.84	2092.40
621.19	2094.00
621.54	2095.80
621.89	2100.00
622.23	2084.60
622.58	2099.40
622.93	2088.20
623.28	2099.00
623.62	2087.20
623.97	2093.00
624.32	2095.40
624.66	2077.60
625.01	2094.60
625.36	2100.00
625.71	2088.40
626.05	2099.40
626.40	2086.60
626.75	2076.20
627.09	2095.20
627.44	2080.80
627.79	2086.60
628.13	2055.00
628.48	2079.60
628.83	2074.00
629.17	2051.60
629.52	2078.60
629.87	2065.60
630.21	2058.20
630.56	2073.40
630.90	2068.60
631.25	2058.80
631.60	2057.80
631.94	2054.00
632.29	2035.60
632.63	2057.40
632.98	2045.20
633.33	2030.80
633.67	2033.20
634.02	2045.80
634.36	2036.20
634.71	2020.00
635.06	2038.20
635.40	2011.80
635.75	2038.60
636.09	2007.60
636.44	2012.20
636.78	1993.20
637.13	1998.20
637.47	1987.60
637.82	1999.80
638.16	1965.80
638.51	1992.80
638.86	1973.80
639.20	1989.40
639.55	1962.80
639.89	1964.80
640.24	1965.60
640.58	1978.80
640.93	1968.20
641.27	1951.40
641.62	1967.60
641.96	1937.00
642.30	1943.60
642.65	1941.00
642.99	1943.20
643.34	1944.00
643.68	1940.40
644.03	1936.60
644.37	1931.20
644.72	1932.40
645.06	1915.20
645.40	1930.60
645.75	1916.80
646.09	1900.00
646.44	1928.60
646.78	1916.60
647.13	1905.60
647.47	1893.00
647.81	1902.80
648.16	1890.60
648.50	1901.00
648.85	1891.00
649.19	1881.40
649.53	1879.60
649.88	1883.60
650.22	1885.20
650.56	1879.60
650.91	1869.80
651.25	1860.20
651.59	1864.40
651.94	1874.20
652.28	1871.60
652.62	1865.40
652.97	1867.20
653.31	1864.40
653.65	1877.40
654.00	1864.80
654.34	1866.60
654.68	1854.60
655.03	1847.00
655.37	1865.60
655.71	1858.80
656.05	1848.20
656.40	1847.40
656.74	1849.00
657.08	1847.00
657.43	1858.20
657.77	1844.20
658.11	1847.20
658.45	1855.60
658.80	1839.80
659.14	1842.20
659.48	1839.00
659.82	1841.20
660.16	1852.00
660.51	1833.20
660.85	1828.60
661.19	1843.60
661.53	1851.20
661.87	1840.80
662.22	1840.40
662.56	1825.80
662.90	1850.60
663.24	1832.60
663.58	1829.20
663.93	1827.60
664.27	1823.40
664.61	1831.60
664.95	1830.80
665.29	1830.20
665.63	1817.60
665.98	1824.20
666.32	1835.60
666.66	1820.80
667.00	1816.80
667.34	1838.40
667.68	1831.40
668.02	1814.60
668.36	1824.20
668.70	1829.60
669.05	1811.00
669.39	1815.00
669.73	1812.20
670.07	1815.40
670.41	1820.80
670.75	1809.00
671.09	1822.80
671.43	1806.40
671.77	1816.40
672.11	1816.80
672.45	1817.80
672.79	1802.00
673.13	1827.20
673.47	1795.00
673.81	1821.00
674.16	1797.40
674.50	1805.40
674.84	1787.40
675.18	1793.80
675.52	1802.20
675.86	1782.20
676.20	1797.60
676.54	1788.60
676.88	1779.80
677.22	1777.20
677.56	1765.80
677.90	1777.80
678.23	1774.60
678.57	1769.80
678.91	1782.40
679.25	1779.00
679.59	1769.60
679.93	1765.00
680.27	1766.00
680.61	1757.40
680.95	1758.00
681.29	1754.20
681.63	1739.60
681.97	1747.80
682.31	1732.60
682.65	1742.40
682.99	1758.80
683.32	1730.80
683.66	1734.80
684.00	1733.40
684.34	1732.20
684.68	1710.20
685.02	1724.60
685.36	1698.20
685.70	1719.00
686.03	1701.60
686.37	1711.00
686.71	1697.40
687.05	1689.20
687.39	1680.60
687.73	1676.80
688.07	1671.80
688.40	1682.60
688.74	1693.80
689.08	1662.00
689.42	1676.80
689.76	1663.20
690.09	1652.00
690.43	1642.80
690.77	1655.60
691.11	1623.80
691.45	1630.20
691.78	1635.00
692.12	1613.20
692.46	1622.60
692.80	1615.60
693.13	1610.60
693.47	1599.40
693.81	1609.40
694.15	1603.20
694.48	1592.40
694.82	1577.60
695.16	1598.00
695.50	1583.80
695.83	1573.60
696.17	1580.20
696.51	1565.80
696.84	1559.00
697.18	1555.60
697.52	1564.20
697.85	1549.40
698.19	1546.00
698.53	1549.80
698.87	1530.40
699.20	1523.20
699.54	1512.40
699.88	1524.40
700.21	1516.00
700.55	1509.20
700.88	1505.80
701.22	1500.60
701.56	1504.80
701.89	1493.40
702.23	1483.00
702.57	1472.40
702.90	1467.00
703.24	1471.00
703.57	1459.00
703.91	1457.00
704.25	1450.80
704.58	1459.20
704.92	1446.40
705.25	1435.40
705.59	1447.80
705.93	1439.20
706.26	1430.60
706.60	1432.40
706.93	1419.40
707.27	1396.20
707.60	1427.00
707.94	1406.20
708.27	1404.60
708.61	1410.40
708.95	1404.20
709.28	1385.40
709.62	1389.60
709.95	1391.20
710.29	1387.00
710.62	1378.60
710.96	1377.60
711.29	1371.00
711.63	1381.20
711.96	1362.40
712.30	1357.00
712.63	1351.80
712.96	1351.00
713.30	1357.00
713.63	1356.80
713.97	1359.20
714.30	1351.20
714.64	1334.20
714.97	1343.40
715.31	1347.80
715.64	1342.20
715.97	1338.60
716.31	1337.00
716.64	1324.20
716.98	1335.20
717.31	1335.40
717.64	1326.60
717.98	1318.40
718.31	1324.60
718.65	1310.20
718.98	1307.00
719.31	1305.80
719.65	1312.60
719.98	1296.00
720.32	1299.00
720.65	1304.20
720.98	1292.00
721.32	1295.00
721.65	1289.20
721.98	1287.20
722.32	1288.40
722.65	1282.60
722.98	1275.20
723.32	1286.20
723.65	1266.60
723.98	1287.20
724.31	1261.40
724.65	1280.80
724.98	1269.20
725.31	1266.80
725.65	1280.40
725.98	1276.80
726.31	1267.60
726.64	1257.40
726.98	1262.40
727.31	1255.00
727.64	1271.00
727.97	1259.60
728.31	1258.60
728.64	1260.80
728.97	1246.20
729.30	1252.80
729.64	1257.60
729.97	1241.60
730.30	1243.00
730.63	1238.20
730.96	1248.40
731.30	1243.80
731.63	1244.80
731.96	1243.80
732.29	1242.40
732.62	1239.60
732.96	1235.40
733.29	1235.20
733.62	1234.40
733.95	1234.60
734.28	1231.60
734.61	1234.00
734.94	1231.40
735.28	1229.80
735.61	1223.40
735.94	1221.80
736.27	1218.80
736.60	1216.20
736.93	1219.20
737.26	1216.60
737.59	1218.20
737.92	1212.00
738.26	1224.00
738.59	1198.80
738.92	1214.00
739.25	1210.20
739.58	1200.00
739.91	1202.60
740.24	1203.60
740.57	1194.20
740.90	1209.20
741.23	1194.20
741.56	1196.80
741.89	1195.60
742.22	1184.20
742.55	1198.40
742.88	1191.00
743.21	1174.40
743.54	1179.80
743.87	1176.40
744.20	1181.60
744.53	1172.20
744.86	1178.40
745.19	1169.80
745.52	1174.80
745.85	1170.80
746.18	1175.60
746.51	1165.20
746.84	1168.40
747.17	1155.80
747.50	1152.00
747.83	1155.40
748.16	1146.60
748.49	1157.60
748.82	1145.80
749.15	1153.20
749.48	1147.60
749.81	1135.00
750.14	1126.40
750.46	1131.80
750.79	1122.80
751.12	1128.40
751.45	1136.00
751.78	1122.00
752.11	1123.40
752.44	1117.80
752.77	1106.40
753.10	1108.80
753.42	1104.60
753.75	1104.60
754.08	1106.40
754.41	1096.60
754.74	1100.40
755.07	1093.40
755.39	1083.00
755.72	1084.40
756.05	1076.20
756.38	1086.20
756.71	1080.20
757.04	1075.20
757.36	1064.20
757.69	1069.20
758.02	1074.40
758.35	1051.20
758.67	1048.40
759.00	1050.40
759.33	1042.80
759.66	1032.20
759.99	1031.80
760.31	1042.00
760.64	1028.60
760.97	1033.80
761.30	1018.60
761.62	1018.00
761.95	1019.00
762.28	1013.80
762.60	998.80
762.93	1000.80
763.26	1005.60
763.59	998.00
763.91	999.80
764.24	991.40
764.57	997.00
764.89	992.40
765.22	978.80
765.55	978.80
765.87	979.40
766.20	959.00
766.53	961.40
766.85	962.00
767.18	953.20
767.51	954.80
767.83	946.80
768.16	947.20
768.48	939.00
768.81	930.40
769.14	931.60
769.46	940.40
769.79	933.20
770.12	923.20
770.44	914.80
770.77	910.60
771.09	905.60
771.42	902.80
771.74	886.20
772.07	898.40
772.40	895.60
772.72	892.40
773.05	889.00
773.37	882.40
773.70	872.40
774.02	864.80
774.35	870.60
774.67	861.40
775.00	859.20
775.32	859.60
775.65	851.80
775.97	851.00
776.30	842.40
776.63	836.20
776.95	851.40
777.27	844.40
777.60	828.20
777.92	824.80
778.25	836.80
778.57	826.40
778.90	819.80
779.22	814.20
779.55	807.40
779.87	807.20
780.20	805.20
780.52	802.20
780.85	803.20
781.17	792.40
781.49	786.60
781.82	788.60
782.14	777.00
782.47	781.20
782.79	780.40
783.11	772.80
783.44	765.00
783.76	769.60
784.09	756.20
784.41	763.40
784.73	755.00
785.06	739.60
785.38	741.20
785.70	747.40
786.03	740.20
786.35	737.80
786.67	735.80
787.00	739.40
787.32	729.80
787.64	731.20
787.97	727.00
788.29	721.40
788.61	717.00
788.94	725.60
789.26	717.00
789.58	717.40
789.91	723.60
790.23	727.00
790.55	722.20
790.87	716.00
791.20	720.60
791.52	719.40
791.84	708.00
792.16	708.40
792.49	711.00
792.81	707.60
793.13	705.00
793.45	705.00
793.78	718.40
794.10	709.40
794.42	705.60
794.74	706.40
795.06	707.40
795.39	715.00
795.71	712.00
796.03	717.00
796.35	710.40
796.67	709.20
797.00	713.80
797.32	713.60
797.64	707.60
797.96	713.40
798.28	709.20
798.60	722.80
798.93	712.80
799.25	706.40
799.57	717.80
799.89	720.60
800.21	714.00
800.53	709.20
800.85	716.80
801.17	714.40
801.50	713.20
801.82	703.80
802.14	715.40
802.46	707.00
802.78	707.80
803.10	719.40
803.42	715.80
803.74	705.00
804.06	698.40
804.38	704.40
804.70	705.20
805.02	711.20
805.34	700.00
805.66	698.60
805.98	702.20
806.30	712.20
806.62	712.20
806.94	706.80
807.26	703.00
807.58	700.80
807.90	710.80
808.22	699.60
808.54	699.00
808.86	699.20
809.18	699.80
809.50	702.40
809.82	696.80
810.14	689.40
810.46	692.60
810.78	689.00
811.10	701.80
811.42	695.80
811.74	696.80
812.06	699.40
812.38	691.80
812.70	681.80
813.02	677.00
813.34	686.40
813.66	679.00
813.97	689.00
814.29	684.00
814.61	684.00
814.93	685.20
815.25	685.80
815.57	677.80
815.89	682.00
816.21	674.20
816.52	675.20
816.84	675.80
817.16	678.80
817.48	670.60
817.80	664.60
818.12	673.40
818.43	668.00
818.75	667.60
819.07	664.40
819.39	663.20
819.71	662.00
820.03	656.20
820.34	662.40
820.66	665.20
820.98	655.00
821.30	653.40
821.61	655.00
821.93	661.40
822.25	655.20
822.57	650.40
822.88	652.20
823.20	648.80
823.52	654.20
823.84	653.20
824.15	648.00
824.47	642.80
824.79	653.20
825.11	646.00
825.42	641.80
825.74	647.20
826.06	639.80
826.37	645.00
826.69	639.40
827.01	645.60
827.32	633.60
827.64	632.00
827.96	634.00
828.27	642.40
828.59	633.00
828.91	636.60
829.22	637.80
829.54	633.20
829.86	637.20
830.17	637.40
830.49	630.40
830.81	627.20
831.12	622.80
831.44	623.00
831.75	630.80
832.07	628.20
832.39	625.80
832.70	617.80
833.02	619.80
833.33	609.40
833.65	614.20
833.96	620.20
834.28	613.20
834.60	611.60
834.91	609.60
835.23	610.00
835.54	598.40
835.86	603.00
836.17	602.80
836.49	602.00
836.80	603.60
837.12	598.20
837.43	602.20
837.75	599.00
838.06	598.80
838.38	600.80
838.69	600.00
839.01	593.60
839.32	592.20
839.64	589.00
839.95	591.40
840.27	590.40
840.58	590.40
840.90	583.60
841.21	588.60
841.53	582.00
841.84	586.40
842.15	576.20
842.47	579.40
842.78	567.20
843.10	583.00
843.41	575.00
843.72	568.80
844.04	570.00
844.35	570.00
844.67	560.00
844.98	564.80
845.29	565.60
845.61	557.40
845.92	562.80
846.23	562.60
846.55	560.00
846.86	555.20
847.18	548.20
847.49	550.60
847.80	554.00
848.12	545.60
848.43	544.00
848.74	549.80
849.05	540.20
849.37	541.20
849.68	542.40
849.99	527.60
850.31	537.60
850.62	528.40
850.93	528.20
851.24	527.80
851.56	533.20
851.87	528.00
852.18	529.00
852.50	522.60
852.81	530.00
853.12	518.00
853.43	521.20
853.74	515.20
854.06	506.80
854.37	511.20
854.68	508.20
854.99	508.60
855.31	499.80
855.62	502.40
855.93	499.80
856.24	490.80
856.55	493.20
856.87	497.00
857.18	491.60
857.49	494.40
857.80	487.00
858.11	482.60
858.42	480.40
858.73	479.40
859.05	477.40
859.36	473.20
859.67	473.40
859.98	471.00
860.29	472.40
860.60	476.80
860.91	471.80
861.22	469.20
861.54	467.20
861.85	469.20
862.16	461.20
862.47	459.80
862.78	462.40
863.09	452.40
863.40	456.20
863.71	453.00
864.02	447.20
864.33	450.00
864.64	440.40
864.95	451.00
865.26	435.00
865.57	439.80
865.88	437.80
866.19	431.00
866.50	429.40
866.81	431.40
867.12	426.60
867.43	428.60
867.74	428.20
868.05	419.20
868.36	426.60
868.67	423.60
868.98	422.40
869.29	419.80
869.60	414.40
869.91	419.20
870.22	414.40
870.53	417.00
870.84	406.80
871.15	404.00
871.46	408.20
871.77	404.40
872.08	402.60
872.39	402.00
872.69	396.20
873.00	396.40
873.31	390.00
873.62	391.00
873.93	386.60
874.24	388.80
874.55	386.20
874.86	387.80
875.16	385.20
875.47	382.40
875.78	383.60
876.09	376.20
876.40	381.20
876.71	371.20
877.01	369.80
877.32	372.20
877.63	366.00
877.94	364.40
878.25	365.80
878.56	364.00
878.86	363.20
879.17	364.40
879.48	361.60
879.79	356.00
880.09	356.60
880.40	353.40
880.71	353.60
881.02	352.20
881.32	350.00
881.63	351.20
881.94	346.80
882.25	345.80
882.55	346.40
882.86	340.00
883.17	341.60
883.48	342.60
883.78	341.60
884.09	339.00
884.40	343.00
884.70	335.20
885.01	337.00
885.32	336.40
885.62	341.80
885.93	336.00
886.24	338.40
886.54	330.80
886.85	333.20
887.16	330.40
887.46	329.40
887.77	335.00
888.08	327.80
888.38	331.20
888.69	333.20
888.99	327.40
889.30	336.20
889.61	330.00
889.91	328.80
890.22	326.40
890.52	330.80
890.83	328.80
891.14	326.60
891.44	328.60
891.75	325.80
892.05	322.20
892.36	325.40
892.66	326.20
892.97	323.40
893.27	321.40
893.58	322.00
893.89	326.00
894.19	326.60
894.50	324.80
894.80	325.00
895.11	325.80
895.41	324.20
895.72	321.80
896.02	324.20
896.33	321.80
896.63	324.80
896.93	323.00
897.24	320.00
897.54	321.80
897.85	316.80
898.15	322.40
898.46	322.00
898.76	324.80
899.07	322.20
899.37	326.20
899.67	324.40
899.98	319.20
900.28	318.60
900.59	325.20
900.89	325.20
901.19	322.60
901.50	322.00
901.80	320.80
902.11	323.80
902.41	326.60
902.71	323.00
903.02	326.00
903.32	321.00
903.62	326.80
903.93	321.40
904.23	322.00
904.53	325.60
904.84	321.60
905.14	324.80
905.44	322.60
905.75	320.20
906.05	320.80
906.35	320.40
906.66	319.80
906.96	316.40
907.26	318.20
907.56	319.60
907.87	319.60
908.17	319.20
908.47	322.00
908.77	319.80
909.08	318.00
909.38	313.20
909.68	319.20
909.98	314.60
910.29	320.40
910.59	317.00
910.89	313.60
911.19	319.00
911.50	312.40
911.80	313.80
912.10	316.00
912.40	314.40
912.70	314.80
913.00	316.20
913.31	311.20
913.61	316.00
913.91	312.60
914.21	313.00
914.51	314.20
914.81	311.20
915.12	307.60
915.42	311.80
915.72	310.60
916.02	308.80
916.32	313.20
916.62	307.40
916.92	307.80
917.22	304.80
917.52	302.80
917.83	299.80
918.13	301.20
918.43	299.20
918.73	306.80
919.03	301.00
919.33	302.40
919.63	296.20
919.93	298.40
920.23	292.20
920.53	297.40
920.83	301.00
921.13	298.40
921.43	290.80
921.73	289.20
922.03	296.00
922.33	294.60
922.63	289.60
922.93	296.00
923.23	293.00
923.53	287.80
923.83	295.00
924.13	289.40
924.43	290.80
924.73	283.40
925.03	288.60
925.33	286.40
925.63	286.40
925.93	283.00
926.23	283.00
926.53	280.00
926.83	285.60
927.13	281.00
927.42	280.20
927.72	281.80
928.02	282.80
928.32	278.20
928.62	279.20
928.92	276.80
929.22	277.00
929.52	279.40
929.82	277.60
930.11	275.00
930.41	275.60
930.71	275.80
931.01	271.60
931.31	272.60
931.61	274.80
931.90	270.80
932.20	270.60
932.50	271.40
932.80	267.40
933.10	267.40
933.39	267.40
933.69	264.60
933.99	269.00
934.29	267.20
934.59	264.00
934.88	265.00
935.18	260.80
935.48	264.20
935.78	263.00
936.07	265.00
936.37	260.20
936.67	260.60
936.97	257.00
937.26	258.40
937.56	258.00
937.86	258.60
938.15	258.40
938.45	256.00
938.75	257.40
939.05	255.80
939.34	254.20
939.64	255.40
939.94	253.80
940.23	251.80
940.53	250.80
940.83	252.40
941.12	249.40
941.42	249.20
941.71	251.20
942.01	248.60
942.31	247.40
942.60	248.20
942.90	243.40
943.20	246.60
943.49	244.40
943.79	247.80
944.08	240.80
944.38	242.60
944.68	248.00
944.97	243.00
945.27	240.00
945.56	241.60
945.86	241.40
946.15	239.00
946.45	237.40
946.74	238.60
947.04	233.80
947.34	236.80
947.63	236.40
947.93	234.40
948.22	233.60
948.52	232.00
948.81	227.80
949.11	232.80
949.40	233.00
949.70	229.40
949.99	228.60
950.29	228.20
950.58	228.20
950.87	232.00
951.17	229.80
951.46	224.80
951.76	225.80
952.05	225.40
952.35	224.80
952.64	222.00
952.94	221.00
953.23	224.00
953.52	223.20
953.82	220.80
954.11	218.80
954.41	220.60
954.70	222.60
954.99	219.40
955.29	217.40
955.58	218.60
955.87	214.40
956.17	216.20
956.46	215.80
956.76	216.40
957.05	213.40
957.34	215.40
957.64	213.80
957.93	211.80
958.22	212.20
958.52	210.80
958.81	209.20
959.10	211.60
959.39	209.20
959.69	207.40
959.98	208.40
960.27	206.40
960.57	207.60
960.86	204.60
961.15	205.20
961.44	206.80
961.74	203.00
962.03	205.60
962.32	203.00
962.61	204.40
962.91	202.80
963.20	200.40
963.49	202.40
963.78	198.80
964.07	199.40
964.37	200.80
964.66	199.60
964.95	199.40
965.24	195.40
965.53	191.00
965.83	196.20
966.12	194.80
966.41	191.80
966.70	193.60
966.99	194.60
967.28	191.40
967.57	192.80
967.87	191.80
968.16	192.60
968.45	192.60
968.74	187.60
969.03	188.80
969.32	186.80
969.61	189.80
969.90	188.40
970.19	189.20
970.49	187.20
970.78	186.80
971.07	187.60
971.36	185.80
971.65	186.20
971.94	185.20
972.23	183.80
972.52	182.40
972.81	185.80
973.10	181.40
973.39	182.20
973.68	182.80
973.97	181.60
974.26	182.60
974.55	182.40
974.84	180.60
975.13	178.40
975.42	180.80
975.71	178.80
976.00	179.60
976.29	178.80
976.58	178.00
976.87	175.00
977.16	176.80
977.45	176.40
977.74	176.20
978.03	176.40
978.32	177.00
978.60	174.20
978.89	174.80
979.18	175.00
979.47	175.20
979.76	173.00
980.05	172.20
980.34	171.00
980.63	170.80
980.92	172.20
981.20	171.60
981.49	171.00
981.78	169.40
982.07	169.80
982.36	169.80
982.65	166.80
982.94	169.40
983.22	168.20
983.51	167.80
983.80	169.00
984.09	168.00
984.38	166.20
984.66	167.60
984.95	166.40
985.24	166.20
985.53	163.40
985.82	163.40
986.10	165.20
986.39	163.00
986.68	162.40
986.97	162.60
987.25	161.00
987.54	162.60
987.83	161.00
988.12	164.00
988.40	162.60
988.69	162.20
988.98	157.80
989.26	161.00
989.55	162.20
989.84	159.20
990.12	160.20
990.41	159.20
990.70	160.60
990.98	158.60
991.27	160.20
991.56	159.60
991.84	158.20
992.13	158.60
992.42	157.60
992.70	155.80
992.99	155.20
993.28	157.20
993.56	158.20
993.85	156.60
994.13	154.20
994.42	153.80
994.71	157.20
994.99	155.40
995.28	156.20
995.56	153.80
995.85	153.00
996.14	155.40
996.42	155.40
996.71	155.00
996.99	153.40
997.28	153.20
997.56	153.40
997.85	153.20
998.13	150.80
998.42	150.40
998.70	154.00
998.99	151.80
999.27	149.80
999.56	149.20
999.84	151.40
1000.13	150.80
1000.41	151.20
1000.70	151.40
1000.98	151.40
1001.27	149.80
1001.55	150.60
1001.84	149.60
1002.12	150.40
1002.40	148.80
1002.69	148.60
1002.97	147.00
1003.26	147.40
1003.54	148.00
1003.83	148.20
1004.11	147.40
1004.39	146.00
1004.68	150.40
1004.96	149.00
1005.24	146.80
1005.53	146.20
1005.81	147.40
1006.10	146.60
1006.38	146.40
1006.66	146.00
1006.95	147.60
1007.23	146.00
1007.51	146.20
1007.80	144.80
1008.08	145.00
1008.36	146.00
1008.65	145.20
1008.93	145.20
1009.21	144.40
1009.49	145.00
1009.78	146.20
1010.06	143.60
1010.34	144.40
1010.63	143.20
1010.91	143.20
1011.19	142.40
1011.47	142.60
1011.76	141.60
1012.04	142.40
1012.32	143.20
1012.60	143.60
1012.88	143.60
1013.17	143.40
1013.45	143.00
1013.73	141.40
1014.01	141.80
1014.29	143.20
1014.58	141.80
1014.86	141.60
1015.14	142.20
1015.42	143.60
1015.70	139.00
1015.98	141.60
1016.27	142.00
1016.55	141.80
1016.83	139.60
1017.11	139.80
1017.39	139.40
1017.67	141.60
1017.95	141.80
1018.23	140.80
1018.52	140.00
1018.80	140.20
1019.08	138.40
1019.36	138.80
1019.64	137.60
1019.92	139.40
1020.20	140.20
1020.48	140.60
1020.76	138.40
1021.04	138.80
1021.32	139.40
1021.60	138.00
1021.88	137.00
1022.16	137.60
1022.44	137.80
1022.72	138.40
