	0.0	
339.41	0.00
339.79	120.60
340.17	121.60
340.55	122.00
340.94	123.20
341.32	124.20
341.70	125.20
342.08	126.00
342.46	125.40
342.84	126.80
343.22	127.40
343.60	127.40
343.98	127.80
344.36	127.20
344.74	126.80
345.12	129.80
345.50	128.80
345.88	128.00
346.26	127.60
346.64	128.60
347.02	127.40
347.40	127.60
347.78	127.60
348.15	128.40
348.53	129.60
348.91	130.80
349.29	131.60
349.67	131.40
350.05	131.40
350.43	133.00
350.81	133.40
351.19	133.80
351.57	133.40
351.95	133.00
352.33	132.20
352.71	133.00
353.09	133.80
353.47	133.80
353.84	134.20
354.22	134.20
354.60	134.60
354.98	133.60
355.36	134.60
355.74	135.80
356.12	135.60
356.50	134.20
356.88	135.00
357.25	135.40
357.63	134.40
358.01	135.00
358.39	136.20
358.77	136.80
359.15	136.00
359.53	135.60
359.90	137.80
360.28	136.80
360.66	136.20
361.04	137.40
361.42	138.00
361.80	139.00
362.17	139.40
362.55	139.20
362.93	139.00
363.31	138.20
363.69	138.00
364.06	140.00
364.44	139.00
364.82	140.40
365.20	139.80
365.58	139.60
365.95	139.80
366.33	140.60
366.71	140.00
367.09	140.20
367.46	141.00
367.84	141.60
368.22	142.00
368.60	143.60
368.97	143.80
369.35	142.80
369.73	142.60
370.11	141.40
370.48	144.40
370.86	145.00
371.24	144.80
371.62	145.80
371.99	144.80
372.37	144.60
372.75	145.60
373.12	146.20
373.50	145.60
373.88	148.20
374.25	146.00
374.63	147.80
375.01	148.80
375.38	148.60
375.76	148.00
376.14	148.60
376.51	149.00
376.89	151.60
377.27	152.60
377.64	150.60
378.02	151.40
378.40	152.40
378.77	152.60
379.15	154.40
379.53	154.00
379.90	155.80
380.28	154.60
380.66	155.60
381.03	155.00
381.41	156.60
381.78	157.40
382.16	156.80
382.54	158.80
382.91	160.20
383.29	160.80
383.66	162.00
384.04	162.00
384.42	160.00
384.79	160.40
385.17	162.40
385.54	163.20
385.92	165.80
386.29	166.40
386.67	166.20
387.05	166.00
387.42	168.80
387.80	168.80
388.17	169.20
388.55	169.20
388.92	172.20
389.30	172.00
389.67	172.40
390.05	173.80
390.42	174.60
390.80	174.00
391.17	178.20
391.55	177.20
391.92	179.20
392.30	179.40
392.67	181.40
393.05	183.20
393.42	182.20
393.80	183.00
394.17	186.20
394.55	183.80
394.92	186.00
395.30	188.20
395.67	187.00
396.05	192.00
396.42	191.20
396.80	195.60
397.17	193.20
397.55	193.40
397.92	197.00
398.29	203.20
398.67	198.20
399.04	199.20
399.42	200.40
399.79	206.00
400.17	205.80
400.54	205.20
400.91	204.00
401.29	205.60
401.66	208.20
402.04	208.40
402.41	210.00
402.78	214.40
403.16	210.40
403.53	212.60
403.90	215.80
404.28	213.40
404.65	219.80
405.03	220.20
405.40	224.60
405.77	226.60
406.15	226.00
406.52	225.00
406.89	226.00
407.27	226.40
407.64	226.40
408.01	237.00
408.39	233.00
408.76	237.60
409.13	235.60
409.51	237.20
409.88	241.00
410.25	245.60
410.62	240.80
411.00	245.00
411.37	246.00
411.74	243.80
412.12	250.00
412.49	248.20
412.86	255.80
413.23	251.00
413.61	256.20
413.98	261.20
414.35	261.60
414.73	260.60
415.10	258.00
415.47	265.40
415.84	266.60
416.22	264.80
416.59	267.40
416.96	268.60
417.33	274.00
417.70	277.20
418.08	284.00
418.45	279.40
418.82	280.40
419.19	286.40
419.57	291.80
419.94	289.40
420.31	293.20
420.68	292.00
421.05	287.20
421.42	293.60
421.80	296.80
422.17	299.20
422.54	311.80
422.91	303.00
423.28	304.00
423.65	308.20
424.03	308.80
424.40	305.60
424.77	317.20
425.14	318.40
425.51	315.60
425.88	323.00
426.25	326.40
426.63	329.40
427.00	323.60
427.37	337.20
427.74	346.60
428.11	336.00
428.48	337.80
428.85	345.60
429.22	347.40
429.59	350.40
429.97	351.40
430.34	352.80
430.71	353.80
431.08	364.40
431.45	371.20
431.82	370.00
432.19	367.80
432.56	373.80
432.93	376.60
433.30	379.20
433.67	379.40
434.04	385.20
434.41	392.40
434.78	394.40
435.15	393.40
435.52	409.80
435.89	409.20
436.26	411.80
436.63	408.40
437.00	418.00
437.37	418.80
437.74	416.00
438.11	431.20
438.48	426.20
438.85	439.60
439.22	443.00
439.59	452.40
439.96	441.80
440.33	454.00
440.70	462.20
441.07	451.20
441.44	468.40
441.81	456.00
442.18	465.80
442.55	466.40
442.92	480.40
443.29	475.00
443.66	469.00
444.03	474.40
444.40	479.80
444.77	490.60
445.14	486.60
445.51	503.20
445.88	494.60
446.24	507.80
446.61	516.20
446.98	496.20
447.35	520.80
447.72	520.60
448.09	515.40
448.46	503.40
448.83	517.00
449.20	519.60
449.56	517.40
449.93	533.00
450.30	524.40
450.67	550.40
451.04	527.00
451.41	525.20
451.78	545.20
452.14	538.60
452.51	538.00
452.88	545.60
453.25	546.00
453.62	549.60
453.99	549.20
454.35	551.00
454.72	564.80
455.09	564.60
455.46	571.80
455.83	585.60
456.19	579.60
456.56	582.00
456.93	576.60
457.30	593.80
457.66	594.60
458.03	596.60
458.40	595.20
458.77	597.80
459.14	610.80
459.50	607.60
459.87	590.80
460.24	616.40
460.61	611.00
460.97	623.00
461.34	615.40
461.71	620.40
462.07	629.00
462.44	640.40
462.81	653.00
463.18	647.60
463.54	642.40
463.91	674.20
464.28	661.40
464.64	664.00
465.01	663.80
465.38	679.20
465.75	668.20
466.11	690.40
466.48	683.60
466.85	676.80
467.21	683.00
467.58	689.80
467.95	708.60
468.31	707.60
468.68	716.40
469.04	729.00
469.41	730.60
469.78	736.60
470.14	741.80
470.51	752.00
470.88	762.60
471.24	762.80
471.61	781.60
471.98	773.60
472.34	800.20
472.71	804.60
473.07	807.40
473.44	801.40
473.81	822.40
474.17	811.00
474.54	836.00
474.90	837.00
475.27	834.80
475.63	854.40
476.00	859.00
476.37	866.20
476.73	876.20
477.10	896.40
477.46	902.00
477.83	896.40
478.19	907.00
478.56	932.40
478.92	942.80
479.29	943.00
479.65	948.20
480.02	953.80
480.38	975.00
480.75	981.20
481.11	1001.00
481.48	1008.00
481.84	1006.40
482.21	1020.20
482.57	1032.00
482.94	1041.40
483.30	1050.60
483.67	1062.20
484.03	1062.40
484.40	1079.80
484.76	1085.40
485.13	1096.20
485.49	1099.60
485.86	1110.80
486.22	1119.60
486.59	1131.00
486.95	1147.40
487.31	1152.00
487.68	1150.80
488.04	1177.80
488.41	1189.00
488.77	1181.40
489.14	1186.20
489.50	1197.40
489.86	1210.40
490.23	1214.00
490.59	1221.00
490.96	1234.20
491.32	1234.60
491.68	1246.40
492.05	1247.80
492.41	1256.40
492.77	1269.60
493.14	1257.60
493.50	1284.00
493.87	1281.20
494.23	1290.60
494.59	1292.20
494.96	1305.80
495.32	1294.80
495.68	1317.80
496.05	1332.00
496.41	1329.40
496.77	1341.20
497.14	1340.60
497.50	1349.80
497.86	1352.20
498.23	1338.40
498.59	1350.60
498.95	1348.20
499.31	1356.00
499.68	1357.80
500.04	1373.00
500.40	1356.40
500.77	1370.80
501.13	1384.80
501.49	1377.80
501.85	1392.40
502.22	1384.00
502.58	1406.00
502.94	1406.00
503.30	1389.40
503.67	1393.40
504.03	1422.00
504.39	1396.60
504.75	1423.40
505.12	1421.60
505.48	1427.20
505.84	1432.20
506.20	1421.00
506.56	1425.20
506.93	1422.80
507.29	1445.00
507.65	1434.80
508.01	1445.20
508.37	1454.00
508.74	1452.00
509.10	1460.20
509.46	1462.60
509.82	1455.60
510.18	1468.40
510.54	1477.40
510.91	1474.80
511.27	1486.80
511.63	1494.20
511.99	1482.00
512.35	1492.40
512.71	1491.60
513.07	1502.40
513.43	1497.00
513.80	1505.40
514.16	1515.00
514.52	1513.20
514.88	1527.20
515.24	1541.00
515.60	1540.20
515.96	1534.40
516.32	1543.20
516.68	1545.00
517.04	1562.20
517.41	1553.40
517.77	1566.20
518.13	1573.20
518.49	1572.20
518.85	1589.40
519.21	1589.20
519.57	1587.60
519.93	1598.80
520.29	1602.40
520.65	1606.00
521.01	1608.00
521.37	1630.80
521.73	1604.80
522.09	1631.40
522.45	1632.80
522.81	1635.00
523.17	1635.40
523.53	1645.40
523.89	1637.20
524.25	1651.60
524.61	1646.40
524.97	1652.40
525.33	1663.00
525.69	1666.40
526.05	1674.60
526.41	1692.80
526.77	1691.80
527.13	1678.60
527.49	1708.40
527.85	1685.20
528.21	1719.60
528.57	1709.60
528.93	1708.00
529.29	1719.00
529.65	1715.00
530.00	1722.20
530.36	1714.20
530.72	1734.60
531.08	1730.20
531.44	1736.80
531.80	1752.20
532.16	1758.60
532.52	1748.80
532.88	1772.40
533.24	1758.00
533.59	1767.20
533.95	1761.00
534.31	1770.60
534.67	1766.60
535.03	1779.00
535.39	1775.00
535.75	1789.20
536.11	1776.00
536.46	1775.00
536.82	1781.20
537.18	1795.60
537.54	1796.60
537.90	1803.40
538.26	1794.80
538.61	1794.20
538.97	1827.00
539.33	1812.20
539.69	1820.00
540.05	1825.00
540.40	1809.20
540.76	1822.00
541.12	1823.20
541.48	1842.60
541.84	1818.00
542.19	1835.40
542.55	1838.80
542.91	1840.20
543.27	1840.00
543.62	1841.20
543.98	1823.40
544.34	1827.00
544.70	1849.80
545.05	1857.80
545.41	1858.40
545.77	1855.60
546.12	1858.40
546.48	1854.80
546.84	1858.80
547.20	1859.20
547.55	1870.60
547.91	1884.00
548.27	1865.80
548.62	1865.60
548.98	1879.20
549.34	1870.00
549.69	1896.80
550.05	1882.60
550.41	1908.00
550.77	1884.60
551.12	1879.20
551.48	1883.40
551.83	1906.00
552.19	1894.00
552.55	1909.80
552.90	1907.20
553.26	1914.00
553.62	1923.60
553.97	1927.20
554.33	1917.20
554.69	1933.20
555.04	1915.80
555.40	1918.00
555.75	1936.00
556.11	1940.60
556.47	1932.80
556.82	1956.40
557.18	1951.20
557.53	1941.60
557.89	1955.60
558.24	1961.60
558.60	1950.20
558.96	1973.20
559.31	1966.80
559.67	1979.80
560.02	1983.80
560.38	1969.40
560.73	1991.60
561.09	1999.00
561.44	2008.60
561.80	1988.00
562.16	2003.00
562.51	2010.80
562.87	2030.80
563.22	2024.60
563.58	2013.80
563.93	2019.20
564.29	2015.20
564.64	2045.80
565.00	2037.00
565.35	2047.20
565.71	2040.40
566.06	2057.00
566.41	2072.40
566.77	2050.20
567.12	2075.20
567.48	2065.80
567.83	2067.20
568.19	2084.60
568.54	2080.60
568.90	2074.80
569.25	2089.40
569.60	2097.20
569.96	2103.80
570.31	2078.20
570.67	2102.40
571.02	2110.00
571.38	2113.60
571.73	2101.80
572.08	2119.60
572.44	2111.80
572.79	2115.40
573.15	2115.00
573.50	2106.00
573.85	2129.40
574.21	2120.00
574.56	2120.40
574.91	2136.80
575.27	2129.80
575.62	2124.00
575.97	2142.20
576.33	2121.20
576.68	2145.00
577.03	2141.80
577.39	2122.20
577.74	2142.40
578.09	2122.80
578.45	2136.60
578.80	2143.40
579.15	2123.60
579.51	2136.40
579.86	2143.20
580.21	2146.80
580.57	2145.40
580.92	2141.60
581.27	2136.60
581.62	2143.60
581.98	2134.40
582.33	2129.40
582.68	2132.60
583.03	2119.40
583.39	2126.40
583.74	2136.60
584.09	2134.00
584.44	2138.60
584.80	2128.60
585.15	2128.60
585.50	2135.80
585.85	2129.00
586.21	2127.80
586.56	2137.40
586.91	2131.60
587.26	2139.20
587.61	2129.00
587.97	2108.20
588.32	2132.00
588.67	2135.80
589.02	2133.00
589.37	2102.20
589.73	2134.00
590.08	2141.80
590.43	2116.60
590.78	2120.00
591.13	2124.60
591.48	2129.00
591.83	2109.40
592.19	2104.00
592.54	2117.40
592.89	2127.80
593.24	2126.40
593.59	2122.20
593.94	2122.60
594.29	2139.00
594.64	2124.80
595.00	2132.80
595.35	2134.80
595.70	2108.00
596.05	2122.60
596.40	2119.20
596.75	2123.40
597.10	2126.20
597.45	2110.40
597.80	2121.40
598.15	2125.60
598.50	2118.00
598.85	2117.00
599.20	2110.60
599.55	2127.20
599.90	2124.80
600.26	2126.80
600.61	2125.60
600.96	2141.40
601.31	2148.80
601.66	2153.00
602.01	2139.20
602.36	2147.80
602.71	2152.00
603.06	2153.20
603.41	2138.80
603.76	2145.80
604.11	2160.80
604.46	2143.60
604.81	2162.00
605.16	2160.80
605.50	2150.40
605.85	2159.60
606.20	2174.00
606.55	2161.00
606.90	2154.00
607.25	2150.20
607.60	2154.00
607.95	2177.80
608.30	2173.40
608.65	2174.80
609.00	2173.60
609.35	2162.60
609.70	2181.40
610.05	2172.60
610.40	2191.60
610.74	2183.80
611.09	2180.60
611.44	2187.20
611.79	2187.40
612.14	2194.00
612.49	2196.20
612.84	2186.80
613.19	2211.80
613.53	2204.80
613.88	2204.80
614.23	2207.00
614.58	2199.00
614.93	2208.80
615.28	2190.80
615.62	2209.00
615.97	2220.80
616.32	2217.60
616.67	2217.00
617.02	2202.20
617.37	2198.20
617.71	2223.40
618.06	2222.60
618.41	2222.80
618.76	2225.20
619.11	2223.40
619.45	2226.20
619.80	2237.20
620.15	2226.20
620.50	2226.40
620.84	2230.00
621.19	2224.80
621.54	2228.20
621.89	2237.80
622.23	2216.20
622.58	2217.80
622.93	2209.00
623.28	2223.00
623.62	2196.60
623.97	2221.00
624.32	2218.80
624.66	2222.80
625.01	2229.40
625.36	2217.80
625.71	2214.00
626.05	2227.00
626.40	2228.20
626.75	2217.20
627.09	2214.00
627.44	2203.60
627.79	2212.80
628.13	2180.00
628.48	2206.20
628.83	2190.60
629.17	2168.80
629.52	2198.60
629.87	2200.20
630.21	2202.20
630.56	2211.00
630.90	2205.20
631.25	2190.20
631.60	2181.80
631.94	2181.40
632.29	2185.80
632.63	2190.40
632.98	2169.40
633.33	2179.40
633.67	2163.00
634.02	2173.80
634.36	2152.20
634.71	2138.20
635.06	2165.80
635.40	2142.00
635.75	2169.80
636.09	2135.00
636.44	2143.80
636.78	2131.00
637.13	2127.40
637.47	2108.80
637.82	2130.00
638.16	2096.20
638.51	2124.20
638.86	2092.80
639.20	2111.60
639.55	2086.40
639.89	2098.80
640.24	2090.20
640.58	2105.20
640.93	2085.00
641.27	2071.60
641.62	2083.00
641.96	2072.20
642.30	2069.80
642.65	2073.80
642.99	2076.40
643.34	2067.40
643.68	2061.80
644.03	2047.40
644.37	2052.40
644.72	2059.60
645.06	2047.60
645.40	2048.80
645.75	2042.60
646.09	2026.40
646.44	2042.60
646.78	2024.80
647.13	2030.80
647.47	2017.00
647.81	2018.00
648.16	2003.20
648.50	2021.60
648.85	2007.00
649.19	1998.00
649.53	1996.80
649.88	2008.20
650.22	2003.40
650.56	1993.20
650.91	1989.40
651.25	1987.60
651.59	1972.60
651.94	1986.20
652.28	1996.80
652.62	1993.00
652.97	1999.60
653.31	1992.40
653.65	1992.00
654.00	1999.40
654.34	1991.80
654.68	1979.00
655.03	1955.80
655.37	1971.80
655.71	1984.20
656.05	1954.60
656.40	1959.20
656.74	1963.20
657.08	1969.40
657.43	1980.40
657.77	1949.00
658.11	1961.00
658.45	1956.40
658.80	1953.20
659.14	1949.20
659.48	1948.00
659.82	1956.00
660.16	1953.60
660.51	1933.40
660.85	1953.40
661.19	1938.40
661.53	1946.80
661.87	1951.60
662.22	1950.20
662.56	1947.80
662.90	1965.60
663.24	1940.20
663.58	1942.80
663.93	1947.40
664.27	1927.80
664.61	1953.20
664.95	1960.20
665.29	1940.20
665.63	1947.60
665.98	1935.40
666.32	1951.20
666.66	1935.80
667.00	1936.00
667.34	1939.00
667.68	1939.80
668.02	1919.20
668.36	1944.60
668.70	1930.40
669.05	1922.20
669.39	1928.00
669.73	1936.20
670.07	1924.60
670.41	1925.60
670.75	1924.40
671.09	1926.40
671.43	1922.60
671.77	1923.80
672.11	1925.40
672.45	1922.00
672.79	1911.20
673.13	1925.40
673.47	1902.00
673.81	1929.00
674.16	1905.60
674.50	1898.60
674.84	1900.40
675.18	1884.20
675.52	1902.60
675.86	1906.40
676.20	1900.40
676.54	1902.60
676.88	1888.40
677.22	1884.40
677.56	1871.40
677.90	1883.20
678.23	1876.60
678.57	1881.40
678.91	1883.60
679.25	1885.40
679.59	1880.00
679.93	1870.20
680.27	1879.20
680.61	1881.80
680.95	1854.40
681.29	1864.80
681.63	1847.40
681.97	1854.60
682.31	1832.40
682.65	1834.40
682.99	1866.80
683.32	1848.20
683.66	1841.20
684.00	1844.40
684.34	1826.20
684.68	1807.60
685.02	1835.20
685.36	1814.00
685.70	1821.60
686.03	1798.20
686.37	1816.60
686.71	1810.20
687.05	1792.20
687.39	1787.00
687.73	1786.40
688.07	1765.20
688.40	1767.60
688.74	1761.80
689.08	1765.40
689.42	1766.40
689.76	1754.60
690.09	1747.60
690.43	1732.40
690.77	1766.20
691.11	1708.80
691.45	1722.00
691.78	1731.80
692.12	1713.40
692.46	1711.00
692.80	1709.40
693.13	1711.20
693.47	1702.80
693.81	1703.80
694.15	1689.40
694.48	1684.00
694.82	1670.80
695.16	1685.80
695.50	1681.20
695.83	1669.00
696.17	1655.80
696.51	1664.00
696.84	1654.00
697.18	1650.20
697.52	1658.20
697.85	1632.80
698.19	1631.60
698.53	1623.60
698.87	1617.00
699.20	1622.00
699.54	1602.80
699.88	1612.20
700.21	1600.40
700.55	1602.60
700.88	1603.00
701.22	1596.40
701.56	1594.00
701.89	1587.20
702.23	1578.40
702.57	1580.80
702.90	1557.00
703.24	1559.60
703.57	1548.00
703.91	1549.80
704.25	1543.00
704.58	1552.20
704.92	1530.80
705.25	1514.40
705.59	1525.00
705.93	1527.60
706.26	1524.00
706.60	1514.40
706.93	1499.20
707.27	1492.20
707.60	1501.20
707.94	1490.60
708.27	1483.80
708.61	1508.20
708.95	1487.40
709.28	1476.80
709.62	1466.80
709.95	1483.40
710.29	1462.80
710.62	1449.20
710.96	1455.80
711.29	1457.20
711.63	1458.40
711.96	1449.60
712.30	1450.00
712.63	1435.20
712.96	1441.60
713.30	1438.00
713.63	1430.60
713.97	1429.60
714.30	1438.20
714.64	1421.00
714.97	1409.40
715.31	1424.20
715.64	1407.80
715.97	1422.00
716.31	1400.20
716.64	1401.00
716.98	1410.80
717.31	1407.60
717.64	1407.60
717.98	1403.80
718.31	1393.60
718.65	1394.20
718.98	1388.80
719.31	1395.20
719.65	1397.40
719.98	1389.20
720.32	1382.20
720.65	1378.80
720.98	1371.40
721.32	1376.20
721.65	1364.40
721.98	1371.40
722.32	1371.20
722.65	1357.80
722.98	1356.40
723.32	1357.00
723.65	1355.60
723.98	1359.00
724.31	1345.60
724.65	1351.20
724.98	1346.80
725.31	1343.60
725.65	1356.00
725.98	1337.60
726.31	1336.80
726.64	1332.80
726.98	1337.40
727.31	1328.00
727.64	1340.20
727.97	1333.40
728.31	1333.40
728.64	1333.60
728.97	1320.80
729.30	1321.20
729.64	1335.60
729.97	1314.80
730.30	1311.40
730.63	1312.00
730.96	1318.00
731.30	1309.40
731.63	1320.40
731.96	1311.20
732.29	1309.20
732.62	1311.20
732.96	1299.80
733.29	1305.80
733.62	1314.80
733.95	1300.20
734.28	1299.40
734.61	1289.00
734.94	1300.60
735.28	1299.20
735.61	1309.40
735.94	1291.00
736.27	1289.20
736.60	1285.60
736.93	1294.20
737.26	1281.80
737.59	1283.00
737.92	1280.80
738.26	1286.20
738.59	1283.40
738.92	1281.80
739.25	1274.40
739.58	1272.60
739.91	1273.60
740.24	1267.00
740.57	1263.40
740.90	1273.40
741.23	1260.80
741.56	1259.00
741.89	1262.00
742.22	1249.20
742.55	1263.00
742.88	1268.20
743.21	1239.80
743.54	1246.20
743.87	1246.20
744.20	1248.40
744.53	1236.20
744.86	1241.00
745.19	1235.60
745.52	1229.20
745.85	1241.60
746.18	1238.20
746.51	1234.80
746.84	1233.00
747.17	1224.80
747.50	1217.00
747.83	1220.20
748.16	1216.60
748.49	1214.20
748.82	1214.20
749.15	1215.60
749.48	1211.40
749.81	1204.00
750.14	1195.20
750.46	1206.60
750.79	1196.60
751.12	1195.80
751.45	1191.60
751.78	1178.60
752.11	1193.00
752.44	1187.20
752.77	1176.40
753.10	1173.60
753.42	1170.40
753.75	1170.80
754.08	1163.00
754.41	1156.00
754.74	1163.00
755.07	1161.80
755.39	1142.80
755.72	1152.60
756.05	1146.40
756.38	1136.80
756.71	1143.00
757.04	1130.00
757.36	1126.60
757.69	1122.00
758.02	1123.80
758.35	1112.00
758.67	1127.20
759.00	1105.00
759.33	1106.40
759.66	1092.40
759.99	1087.80
760.31	1092.40
760.64	1081.20
760.97	1083.20
761.30	1068.40
761.62	1073.20
761.95	1064.00
762.28	1066.20
762.60	1052.60
762.93	1062.40
763.26	1053.80
763.59	1057.40
763.91	1046.60
764.24	1044.40
764.57	1051.60
764.89	1036.20
765.22	1028.20
765.55	1037.40
765.87	1036.20
766.20	1022.00
766.53	1019.00
766.85	1013.20
767.18	1010.20
767.51	1007.80
767.83	989.60
768.16	989.40
768.48	986.20
768.81	990.40
769.14	987.40
769.46	981.20
769.79	984.20
770.12	971.40
770.44	969.80
770.77	973.20
771.09	958.80
771.42	950.20
771.74	942.80
772.07	949.20
772.40	939.00
772.72	944.60
773.05	939.00
773.37	936.40
773.70	916.80
774.02	929.20
774.35	924.80
774.67	904.20
775.00	908.40
775.32	906.40
775.65	895.60
775.97	898.40
776.30	895.40
776.63	887.60
776.95	893.20
777.27	881.60
777.60	884.80
777.92	880.40
778.25	873.20
778.57	864.40
778.90	866.40
779.22	856.40
779.55	852.20
779.87	854.00
780.20	846.40
780.52	841.00
780.85	841.00
781.17	840.20
781.49	822.60
781.82	826.60
782.14	817.60
782.47	822.20
782.79	815.00
783.11	803.40
783.44	804.40
783.76	803.40
784.09	794.00
784.41	797.40
784.73	790.80
785.06	780.80
785.38	783.20
785.70	782.00
786.03	783.20
786.35	771.40
786.67	771.60
787.00	777.00
787.32	759.80
787.64	765.80
787.97	765.00
788.29	752.80
788.61	760.40
788.94	760.60
789.26	757.20
789.58	758.20
789.91	758.40
790.23	762.00
790.55	756.80
790.87	741.60
791.20	748.20
791.52	752.60
791.84	740.40
792.16	746.80
792.49	745.40
792.81	742.80
793.13	746.00
793.45	740.20
793.78	754.60
794.10	738.60
794.42	746.80
794.74	746.20
795.06	754.00
795.39	759.20
795.71	745.40
796.03	748.00
796.35	753.40
796.67	732.40
797.00	745.00
797.32	740.80
797.64	743.40
797.96	752.40
798.28	752.00
798.60	751.40
798.93	751.20
799.25	750.20
799.57	752.00
799.89	753.20
800.21	751.60
800.53	745.80
800.85	751.60
801.17	738.60
801.50	746.80
801.82	737.80
802.14	746.20
802.46	745.20
802.78	745.20
803.10	752.20
803.42	741.40
803.74	745.20
804.06	748.80
804.38	737.80
804.70	730.20
805.02	738.00
805.34	738.00
805.66	733.60
805.98	736.60
806.30	743.00
806.62	739.40
806.94	742.60
807.26	732.60
807.58	740.60
807.90	736.40
808.22	735.80
808.54	731.00
808.86	737.60
809.18	730.80
809.50	737.80
809.82	734.60
810.14	726.60
810.46	734.60
810.78	728.20
811.10	726.80
811.42	733.20
811.74	724.80
812.06	727.40
812.38	726.00
812.70	723.60
813.02	718.60
813.34	720.20
813.66	716.20
813.97	716.60
814.29	712.80
814.61	716.80
814.93	724.20
815.25	714.60
815.57	717.40
815.89	714.60
816.21	711.20
816.52	712.20
816.84	707.60
817.16	715.40
817.48	702.40
817.80	706.20
818.12	705.60
818.43	706.20
818.75	710.20
819.07	695.80
819.39	702.00
819.71	696.80
820.03	699.80
820.34	691.40
820.66	689.00
820.98	689.20
821.30	690.20
821.61	692.20
821.93	689.80
822.25	693.60
822.57	689.00
822.88	683.40
823.20	687.00
823.52	681.60
823.84	678.80
824.15	680.80
824.47	682.40
824.79	677.20
825.11	678.00
825.42	687.00
825.74	676.60
826.06	676.80
826.37	674.60
826.69	669.60
827.01	669.60
827.32	668.80
827.64	665.80
827.96	662.60
828.27	670.80
828.59	667.00
828.91	663.40
829.22	667.00
829.54	660.20
829.86	662.60
830.17	659.40
830.49	666.80
830.81	658.80
831.12	654.40
831.44	656.80
831.75	658.60
832.07	656.80
832.39	644.20
832.70	646.60
833.02	649.40
833.33	643.20
833.65	643.40
833.96	645.20
834.28	645.40
834.60	643.60
834.91	636.40
835.23	642.00
835.54	633.40
835.86	637.60
836.17	636.20
836.49	627.80
836.80	631.80
837.12	630.00
837.43	629.40
837.75	630.60
838.06	632.40
838.38	626.00
838.69	635.20
839.01	625.40
839.32	623.20
839.64	618.20
839.95	620.60
840.27	618.00
840.58	615.60
840.90	621.40
841.21	616.20
841.53	615.00
841.84	613.80
842.15	603.20
842.47	614.20
842.78	603.60
843.10	603.00
843.41	594.00
843.72	600.40
844.04	594.80
844.35	592.20
844.67	591.80
844.98	595.20
845.29	593.40
845.61	586.40
845.92	582.80
846.23	592.40
846.55	586.20
846.86	582.20
847.18	580.60
847.49	579.80
847.80	570.80
848.12	574.20
848.43	566.60
848.74	574.00
849.05	564.80
849.37	561.20
849.68	566.00
849.99	561.40
850.31	556.40
850.62	552.40
850.93	557.00
851.24	551.60
851.56	552.60
851.87	543.20
852.18	543.40
852.50	548.00
852.81	543.00
853.12	538.40
853.43	546.40
853.74	542.20
854.06	532.60
854.37	529.40
854.68	533.20
854.99	531.00
855.31	527.40
855.62	532.20
855.93	522.60
856.24	522.00
856.55	512.00
856.87	513.60
857.18	508.40
857.49	507.20
857.80	511.80
858.11	504.40
858.42	504.20
858.73	503.60
859.05	496.40
859.36	492.80
859.67	493.60
859.98	492.40
860.29	493.40
860.60	496.60
860.91	489.20
861.22	488.60
861.54	482.20
861.85	489.20
862.16	482.00
862.47	475.20
862.78	478.60
863.09	469.80
863.40	471.80
863.71	476.20
864.02	469.20
864.33	468.40
864.64	455.40
864.95	463.00
865.26	451.20
865.57	456.60
865.88	457.40
866.19	455.60
866.50	442.80
866.81	452.40
867.12	443.20
867.43	448.40
867.74	442.80
868.05	446.20
868.36	442.00
868.67	440.00
868.98	443.60
869.29	432.60
869.60	437.80
869.91	433.20
870.22	433.00
870.53	432.80
870.84	425.20
871.15	424.80
871.46	420.60
871.77	422.60
872.08	418.20
872.39	412.60
872.69	415.00
873.00	409.00
873.31	406.60
873.62	409.20
873.93	404.00
874.24	401.00
874.55	402.60
874.86	401.40
875.16	399.40
875.47	398.00
875.78	393.40
876.09	389.40
876.40	392.40
876.71	387.40
877.01	386.20
877.32	385.20
877.63	385.60
877.94	379.40
878.25	375.80
878.56	376.40
878.86	377.00
879.17	376.00
879.48	376.00
879.79	367.40
880.09	369.40
880.40	361.80
880.71	363.40
881.02	363.40
881.32	362.00
881.63	366.80
881.94	359.80
882.25	362.00
882.55	364.40
882.86	354.20
883.17	356.00
883.48	357.80
883.78	354.60
884.09	352.80
884.40	352.20
884.70	347.00
885.01	350.00
885.32	349.80
885.62	349.60
885.93	346.80
886.24	346.60
886.54	342.40
886.85	343.60
887.16	348.60
887.46	340.00
887.77	347.60
888.08	342.20
888.38	345.80
888.69	344.60
888.99	340.20
889.30	340.80
889.61	340.00
889.91	343.00
890.22	346.40
890.52	343.80
890.83	342.00
891.14	336.00
891.44	339.20
891.75	340.60
892.05	339.80
892.36	341.20
892.66	338.40
892.97	336.40
893.27	338.40
893.58	338.40
893.89	336.60
894.19	334.20
894.50	337.00
894.80	335.80
895.11	334.80
895.41	338.00
895.72	338.20
896.02	338.20
896.33	336.40
896.63	338.60
896.93	334.00
897.24	340.40
897.54	339.60
897.85	336.20
898.15	337.60
898.46	335.00
898.76	336.80
899.07	340.80
899.37	332.80
899.67	340.40
899.98	333.00
900.28	333.00
900.59	338.40
900.89	335.40
901.19	334.60
901.50	337.20
901.80	339.00
902.11	337.60
902.41	339.20
902.71	338.20
903.02	337.60
903.32	332.00
903.62	335.60
903.93	335.20
904.23	339.00
904.53	334.80
904.84	333.40
905.14	331.80
905.44	330.40
905.75	333.40
906.05	337.20
906.35	332.40
906.66	330.40
906.96	329.00
907.26	333.80
907.56	332.20
907.87	330.80
908.17	331.40
908.47	327.80
908.77	330.60
909.08	329.80
909.38	328.40
909.68	327.20
909.98	325.00
910.29	324.00
910.59	326.00
910.89	332.00
911.19	328.20
911.50	323.40
911.80	325.60
912.10	326.60
912.40	326.00
912.70	324.20
913.00	326.00
913.31	323.60
913.61	322.00
913.91	321.20
914.21	321.20
914.51	320.00
914.81	323.80
915.12	319.40
915.42	320.80
915.72	320.20
916.02	320.00
916.32	317.80
916.62	318.20
916.92	318.20
917.22	313.40
917.52	316.60
917.83	308.60
918.13	314.60
918.43	314.40
918.73	313.80
919.03	312.20
919.33	316.00
919.63	311.40
919.93	313.20
920.23	308.00
920.53	308.00
920.83	304.40
921.13	306.40
921.43	303.60
921.73	303.40
922.03	308.20
922.33	304.20
922.63	305.00
922.93	302.20
923.23	303.40
923.53	299.00
923.83	296.00
924.13	297.60
924.43	299.20
924.73	295.60
925.03	299.20
925.33	293.20
925.63	295.60
925.93	289.60
926.23	295.80
926.53	288.00
926.83	290.60
927.13	287.00
927.42	292.20
927.72	294.40
928.02	291.60
928.32	286.20
928.62	291.00
928.92	285.80
929.22	283.40
929.52	286.20
929.82	287.80
930.11	289.00
930.41	283.00
930.71	283.20
931.01	282.60
931.31	283.00
931.61	285.60
931.90	282.60
932.20	275.80
932.50	276.40
932.80	278.80
933.10	274.20
933.39	277.60
933.69	271.40
933.99	276.00
934.29	269.40
934.59	274.80
934.88	271.40
935.18	273.20
935.48	272.40
935.78	269.80
936.07	270.60
936.37	269.00
936.67	266.00
936.97	268.40
937.26	266.00
937.56	266.20
937.86	265.40
938.15	264.60
938.45	265.80
938.75	263.80
939.05	262.80
939.34	264.80
939.64	262.60
939.94	263.60
940.23	259.20
940.53	258.20
940.83	258.60
941.12	256.00
941.42	253.60
941.71	255.40
942.01	258.60
942.31	253.40
942.60	252.80
942.90	254.80
943.20	252.80
943.49	253.00
943.79	254.60
944.08	252.60
944.38	249.80
944.68	247.80
944.97	248.00
945.27	248.20
945.56	247.40
945.86	248.00
946.15	248.80
946.45	246.00
946.74	245.40
947.04	244.60
947.34	242.00
947.63	244.80
947.93	240.00
948.22	243.00
948.52	238.20
948.81	241.00
949.11	238.80
949.40	236.60
949.70	239.80
949.99	235.20
950.29	234.80
950.58	233.60
950.87	233.20
951.17	233.80
951.46	233.40
951.76	235.80
952.05	226.40
952.35	227.60
952.64	232.20
952.94	225.80
953.23	226.00
953.52	228.80
953.82	225.80
954.11	223.00
954.41	228.20
954.70	225.20
954.99	224.40
955.29	221.20
955.58	222.60
955.87	219.00
956.17	221.60
956.46	220.40
956.76	220.40
957.05	220.60
957.34	218.80
957.64	216.60
957.93	218.20
958.22	218.00
958.52	215.60
958.81	213.80
959.10	215.20
959.39	214.00
959.69	212.00
959.98	211.40
960.27	209.60
960.57	214.20
960.86	209.40
961.15	212.40
961.44	210.60
961.74	206.60
962.03	209.40
962.32	209.60
962.61	206.40
962.91	204.60
963.20	205.00
963.49	207.40
963.78	204.60
964.07	204.40
964.37	205.60
964.66	202.80
964.95	201.60
965.24	200.20
965.53	199.40
965.83	199.40
966.12	200.80
966.41	200.00
966.70	194.80
966.99	199.00
967.28	194.80
967.57	196.60
967.87	195.40
968.16	195.80
968.45	193.20
968.74	194.60
969.03	193.20
969.32	194.60
969.61	194.40
969.90	193.40
970.19	190.60
970.49	187.00
970.78	189.60
971.07	192.60
971.36	187.80
971.65	187.20
971.94	189.20
972.23	188.60
972.52	186.20
972.81	186.20
973.10	187.60
973.39	187.80
973.68	187.60
973.97	185.60
974.26	186.40
974.55	185.60
974.84	183.40
975.13	185.00
975.42	182.60
975.71	182.20
976.00	182.80
976.29	179.60
976.58	181.00
976.87	180.40
977.16	179.40
977.45	178.00
977.74	177.20
978.03	178.00
978.32	180.20
978.60	178.80
978.89	176.60
979.18	176.60
979.47	175.00
979.76	176.60
980.05	176.00
980.34	174.20
980.63	172.40
980.92	175.80
981.20	175.40
981.49	172.80
981.78	173.20
982.07	172.80
982.36	168.40
982.65	170.40
982.94	170.00
983.22	171.00
983.51	170.40
983.80	170.40
984.09	169.40
984.38	168.20
984.66	168.00
984.95	170.20
985.24	169.20
985.53	169.80
985.82	166.00
986.10	165.40
986.39	165.40
986.68	167.20
986.97	166.60
987.25	164.00
987.54	165.40
987.83	163.20
988.12	163.20
988.40	165.00
988.69	164.20
988.98	163.40
989.26	163.60
989.55	162.20
989.84	159.80
990.12	161.60
990.41	162.20
990.70	161.80
990.98	160.80
991.27	160.20
991.56	160.80
991.84	159.00
992.13	160.80
992.42	160.60
992.70	159.40
992.99	160.40
993.28	159.80
993.56	157.60
993.85	156.80
994.13	158.00
994.42	158.00
994.71	155.80
994.99	159.00
995.28	156.40
995.56	156.80
995.85	154.80
996.14	155.20
996.42	155.80
996.71	154.60
996.99	154.60
997.28	154.60
997.56	151.80
997.85	152.60
998.13	154.40
998.42	152.40
998.70	152.40
998.99	152.80
999.27	153.20
999.56	152.20
999.84	153.00
1000.13	151.00
1000.41	151.60
1000.70	152.40
1000.98	150.40
1001.27	151.20
1001.55	150.20
1001.84	151.00
1002.12	151.00
1002.40	149.00
1002.69	149.20
1002.97	150.00
1003.26	148.80
1003.54	149.20
1003.83	148.00
1004.11	149.00
1004.39	149.00
1004.68	149.20
1004.96	148.80
1005.24	149.80
1005.53	148.40
1005.81	148.00
1006.10	148.40
1006.38	148.00
1006.66	147.20
1006.95	147.60
1007.23	147.00
1007.51	147.40
1007.80	146.80
1008.08	148.80
1008.36	148.40
1008.65	146.20
1008.93	147.60
1009.21	146.60
1009.49	145.40
1009.78	145.20
1010.06	145.40
1010.34	145.80
1010.63	145.80
1010.91	144.40
1011.19	146.20
1011.47	146.00
1011.76	144.60
1012.04	142.40
1012.32	142.60
1012.60	144.40
1012.88	143.80
1013.17	144.40
1013.45	143.00
1013.73	142.60
1014.01	144.40
1014.29	143.00
1014.58	144.40
1014.86	144.80
1015.14	142.40
1015.42	143.60
1015.70	142.60
1015.98	144.20
1016.27	141.80
1016.55	143.80
1016.83	143.00
1017.11	143.00
1017.39	143.00
1017.67	142.40
1017.95	141.20
1018.23	140.80
1018.52	139.80
1018.80	141.00
1019.08	141.80
1019.36	140.80
1019.64	140.60
1019.92	141.60
1020.20	140.60
1020.48	139.00
1020.76	140.60
1021.04	138.40
1021.32	139.40
1021.60	138.80
1021.88	137.40
1022.16	138.80
1022.44	139.20
1022.72	139.20
