	0.0	
339.41	0.00
339.79	121.40
340.17	122.60
340.55	123.40
340.94	124.00
341.32	123.80
341.70	126.20
342.08	125.60
342.46	126.20
342.84	126.60
343.22	128.00
343.60	127.40
343.98	129.00
344.36	128.80
344.74	129.60
345.12	129.00
345.50	128.60
345.88	128.60
346.26	128.00
346.64	127.00
347.02	127.80
347.40	129.20
347.78	129.00
348.15	128.20
348.53	127.40
348.91	132.40
349.29	133.20
349.67	132.00
350.05	132.00
350.43	133.40
350.81	132.20
351.19	133.40
351.57	134.20
351.95	132.20
352.33	133.00
352.71	133.20
353.09	134.20
353.47	135.60
353.84	134.80
354.22	133.80
354.60	132.80
354.98	134.20
355.36	134.60
355.74	135.60
356.12	136.60
356.50	136.20
356.88	135.00
357.25	135.80
357.63	136.80
358.01	134.80
358.39	135.60
358.77	137.20
359.15	138.40
359.53	138.80
359.90	138.20
360.28	137.80
360.66	138.60
361.04	137.40
361.42	137.60
361.80	138.40
362.17	138.40
362.55	137.60
362.93	138.80
363.31	138.40
363.69	140.20
364.06	140.60
364.44	139.40
364.82	140.40
365.20	141.20
365.58	139.40
365.95	138.40
366.33	140.60
366.71	142.20
367.09	141.00
367.46	142.60
367.84	142.00
368.22	141.60
368.60	141.40
368.97	142.20
369.35	142.20
369.73	141.60
370.11	141.60
370.48	145.00
370.86	142.80
371.24	143.80
371.62	145.60
371.99	145.20
372.37	145.80
372.75	145.60
373.12	146.80
373.50	146.40
373.88	145.80
374.25	145.00
374.63	146.60
375.01	147.00
375.38	147.60
375.76	147.40
376.14	146.00
376.51	148.40
376.89	148.80
377.27	148.60
377.64	150.40
378.02	151.60
378.40	150.60
378.77	150.40
379.15	150.20
379.53	152.20
379.90	152.60
380.28	151.80
380.66	153.60
381.03	155.60
381.41	156.20
381.78	156.40
382.16	155.00
382.54	156.60
382.91	156.00
383.29	157.00
383.66	158.40
384.04	158.80
384.42	160.00
384.79	162.60
385.17	162.20
385.54	162.60
385.92	164.40
386.29	162.60
386.67	164.00
387.05	165.00
387.42	168.60
387.80	165.80
388.17	167.40
388.55	166.80
388.92	168.20
389.30	170.60
389.67	171.00
390.05	170.20
390.42	170.60
390.80	174.80
391.17	172.60
391.55	173.80
391.92	175.00
392.30	180.00
392.67	180.40
393.05	180.80
393.42	180.80
393.80	183.00
394.17	184.20
394.55	182.80
394.92	182.40
395.30	185.20
395.67	185.80
396.05	188.80
396.42	187.80
396.80	189.40
397.17	189.20
397.55	188.20
397.92	194.60
398.29	198.20
398.67	196.40
399.04	197.20
399.42	198.20
399.79	199.00
400.17	201.80
400.54	203.00
400.91	200.80
401.29	203.40
401.66	203.00
402.04	205.20
402.41	204.60
402.78	207.00
403.16	207.80
403.53	210.60
403.90	212.20
404.28	210.80
404.65	213.60
405.03	215.80
405.40	217.80
405.77	220.00
406.15	215.60
406.52	218.60
406.89	222.80
407.27	221.00
407.64	223.40
408.01	226.00
408.39	231.00
408.76	230.80
409.13	228.00
409.51	236.40
409.88	235.80
410.25	235.60
410.62	232.40
411.00	242.20
411.37	241.20
411.74	238.20
412.12	243.60
412.49	242.80
412.86	247.80
413.23	245.20
413.61	251.00
413.98	255.40
414.35	253.20
414.73	254.20
415.10	250.80
415.47	262.80
415.84	260.80
416.22	259.20
416.59	261.20
416.96	263.60
417.33	264.80
417.70	269.80
418.08	275.00
418.45	273.20
418.82	274.60
419.19	279.40
419.57	283.20
419.94	280.20
420.31	286.60
420.68	288.00
421.05	283.80
421.42	290.00
421.80	287.40
422.17	293.80
422.54	297.80
422.91	295.60
423.28	292.40
423.65	299.00
424.03	302.80
424.40	303.00
424.77	305.00
425.14	311.20
425.51	307.80
425.88	314.60
426.25	314.60
426.63	321.40
427.00	318.00
427.37	325.60
427.74	335.60
428.11	327.20
428.48	330.40
428.85	338.00
429.22	337.20
429.59	339.60
429.97	342.40
430.34	346.80
430.71	340.60
431.08	348.60
431.45	358.60
431.82	360.00
432.19	352.80
432.56	362.20
432.93	368.20
433.30	367.40
433.67	371.80
434.04	365.80
434.41	377.60
434.78	383.20
435.15	379.80
435.52	399.00
435.89	396.00
436.26	396.20
436.63	393.80
437.00	400.40
437.37	402.00
437.74	401.00
438.11	416.40
438.48	411.00
438.85	419.60
439.22	429.60
439.59	437.00
439.96	428.80
440.33	434.00
440.70	446.60
441.07	442.40
441.44	457.20
441.81	444.40
442.18	448.00
442.55	451.40
442.92	461.60
443.29	458.20
443.66	453.80
444.03	464.20
444.40	470.40
444.77	476.60
445.14	477.40
445.51	487.60
445.88	483.20
446.24	485.60
446.61	491.60
446.98	486.80
447.35	500.40
447.72	502.80
448.09	499.00
448.46	491.20
448.83	506.40
449.20	505.00
449.56	506.00
449.93	512.20
450.30	502.00
450.67	523.80
451.04	506.00
451.41	509.20
451.78	535.80
452.14	526.20
452.51	528.80
452.88	527.20
453.25	526.40
453.62	536.60
453.99	533.60
454.35	534.60
454.72	553.00
455.09	554.60
455.46	557.20
455.83	566.40
456.19	568.80
456.56	564.80
456.93	564.40
457.30	571.00
457.66	569.80
458.03	578.40
458.40	579.20
458.77	583.60
459.14	593.40
459.50	587.00
459.87	575.60
460.24	601.60
460.61	593.20
460.97	609.60
461.34	600.40
461.71	608.40
462.07	603.60
462.44	619.20
462.81	641.60
463.18	631.40
463.54	625.00
463.91	649.40
464.28	636.40
464.64	641.60
465.01	636.80
465.38	665.60
465.75	652.60
466.11	663.60
466.48	662.20
466.85	664.60
467.21	664.80
467.58	679.60
467.95	687.60
468.31	695.60
468.68	702.40
469.04	718.40
469.41	727.20
469.78	714.60
470.14	731.80
470.51	722.40
470.88	748.00
471.24	742.20
471.61	767.60
471.98	756.60
472.34	772.80
472.71	776.60
473.07	792.20
473.44	786.80
473.81	800.40
474.17	792.40
474.54	819.00
474.90	820.40
475.27	817.80
475.63	836.20
476.00	845.60
476.37	845.40
476.73	854.20
477.10	882.00
477.46	888.60
477.83	875.60
478.19	891.80
478.56	917.60
478.92	925.00
479.29	922.20
479.65	929.80
480.02	930.60
480.38	955.80
480.75	962.20
481.11	971.00
481.48	987.80
481.84	995.40
482.21	999.20
482.57	1018.00
482.94	1023.80
483.30	1025.20
483.67	1032.20
484.03	1050.80
484.40	1057.80
484.76	1061.80
485.13	1071.80
485.49	1083.60
485.86	1097.80
486.22	1104.00
486.59	1114.20
486.95	1108.60
487.31	1128.00
487.68	1132.00
488.04	1154.00
488.41	1160.00
488.77	1165.20
489.14	1165.60
489.50	1181.00
489.86	1180.20
490.23	1186.60
490.59	1198.40
490.96	1213.00
491.32	1210.60
491.68	1228.00
492.05	1223.60
492.41	1236.80
492.77	1250.80
493.14	1251.40
493.50	1261.20
493.87	1266.00
494.23	1277.00
494.59	1275.20
494.96	1286.60
495.32	1280.60
495.68	1294.20
496.05	1300.00
496.41	1307.40
496.77	1305.20
497.14	1312.20
497.50	1314.80
497.86	1324.80
498.23	1322.20
498.59	1324.80
498.95	1342.60
499.31	1345.20
499.68	1342.60
500.04	1354.20
500.40	1350.80
500.77	1355.00
501.13	1368.20
501.49	1358.80
501.85	1368.80
502.22	1371.00
502.58	1373.60
502.94	1383.00
503.30	1385.60
503.67	1382.60
504.03	1390.40
504.39	1381.60
504.75	1414.80
505.12	1401.80
505.48	1408.80
505.84	1412.20
506.20	1409.20
506.56	1423.60
506.93	1412.80
507.29	1432.00
507.65	1422.00
508.01	1449.20
508.37	1439.60
508.74	1438.40
509.10	1453.80
509.46	1460.00
509.82	1449.40
510.18	1456.20
510.54	1474.20
510.91	1463.00
511.27	1458.60
511.63	1473.00
511.99	1472.40
512.35	1481.00
512.71	1483.60
513.07	1492.60
513.43	1480.80
513.80	1485.60
514.16	1502.20
514.52	1507.60
514.88	1519.60
515.24	1533.00
515.60	1529.00
515.96	1531.60
516.32	1528.20
516.68	1534.00
517.04	1551.20
517.41	1537.00
517.77	1556.20
518.13	1552.40
518.49	1559.60
518.85	1568.80
519.21	1584.00
519.57	1586.80
519.93	1581.20
520.29	1586.40
520.65	1597.00
521.01	1596.40
521.37	1610.40
521.73	1609.00
522.09	1622.20
522.45	1629.80
522.81	1624.40
523.17	1643.60
523.53	1641.00
523.89	1635.00
524.25	1653.60
524.61	1659.20
524.97	1651.00
525.33	1668.20
525.69	1665.40
526.05	1676.60
526.41	1692.60
526.77	1682.40
527.13	1670.00
527.49	1706.80
527.85	1691.60
528.21	1708.20
528.57	1718.40
528.93	1707.80
529.29	1720.40
529.65	1715.00
530.00	1719.00
530.36	1717.20
530.72	1738.60
531.08	1734.80
531.44	1744.40
531.80	1752.80
532.16	1763.60
532.52	1757.40
532.88	1770.20
533.24	1759.20
533.59	1769.20
533.95	1763.00
534.31	1777.20
534.67	1770.80
535.03	1789.00
535.39	1773.40
535.75	1800.40
536.11	1787.40
536.46	1790.20
536.82	1798.40
537.18	1792.40
537.54	1804.80
537.90	1805.00
538.26	1791.40
538.61	1797.80
538.97	1826.20
539.33	1809.80
539.69	1822.40
540.05	1824.00
540.40	1810.80
540.76	1842.80
541.12	1824.40
541.48	1845.20
541.84	1833.80
542.19	1833.60
542.55	1842.60
542.91	1840.80
543.27	1848.60
543.62	1859.00
543.98	1846.60
544.34	1840.40
544.70	1856.00
545.05	1870.60
545.41	1875.60
545.77	1866.20
546.12	1881.80
546.48	1873.20
546.84	1873.60
547.20	1869.40
547.55	1880.60
547.91	1903.60
548.27	1872.00
548.62	1889.20
548.98	1897.80
549.34	1892.60
549.69	1908.00
550.05	1904.40
550.41	1909.40
550.77	1902.40
551.12	1896.00
551.48	1902.80
551.83	1916.60
552.19	1903.40
552.55	1925.80
552.90	1921.80
553.26	1946.80
553.62	1942.00
553.97	1942.00
554.33	1925.00
554.69	1942.00
555.04	1935.00
555.40	1938.00
555.75	1954.20
556.11	1967.80
556.47	1946.00
556.82	1969.00
557.18	1986.80
557.53	1955.40
557.89	1986.40
558.24	1990.20
558.60	1980.40
558.96	1999.00
559.31	1993.80
559.67	1991.40
560.02	1995.80
560.38	1985.40
560.73	2010.80
561.09	2025.20
561.44	2025.00
561.80	2020.20
562.16	2021.00
562.51	2033.60
562.87	2055.60
563.22	2046.40
563.58	2042.20
563.93	2061.60
564.29	2045.60
564.64	2069.00
565.00	2067.20
565.35	2064.20
565.71	2078.60
566.06	2081.60
566.41	2099.60
566.77	2062.00
567.12	2097.40
567.48	2088.00
567.83	2103.20
568.19	2098.20
568.54	2125.60
568.90	2107.60
569.25	2116.60
569.60	2119.40
569.96	2132.80
570.31	2107.40
570.67	2127.80
571.02	2132.20
571.38	2151.60
571.73	2117.00
572.08	2170.00
572.44	2140.60
572.79	2149.80
573.15	2157.20
573.50	2140.00
573.85	2165.80
574.21	2158.40
574.56	2155.40
574.91	2186.00
575.27	2175.80
575.62	2165.20
575.97	2171.20
576.33	2169.40
576.68	2189.00
577.03	2186.00
577.39	2180.20
577.74	2182.20
578.09	2182.00
578.45	2165.60
578.80	2171.00
579.15	2169.00
579.51	2179.20
579.86	2167.80
580.21	2178.80
580.57	2186.40
580.92	2176.20
581.27	2189.80
581.62	2175.60
581.98	2180.80
582.33	2189.40
582.68	2180.80
583.03	2166.40
583.39	2184.80
583.74	2195.40
584.09	2186.60
584.44	2179.20
584.80	2181.20
585.15	2171.60
585.50	2176.60
585.85	2179.60
586.21	2180.20
586.56	2175.00
586.91	2174.40
587.26	2175.20
587.61	2189.80
587.97	2166.60
588.32	2178.20
588.67	2176.60
589.02	2172.60
589.37	2146.60
589.73	2179.40
590.08	2184.60
590.43	2171.60
590.78	2166.60
591.13	2159.60
591.48	2167.80
591.83	2157.80
592.19	2171.80
592.54	2169.80
592.89	2170.00
593.24	2185.40
593.59	2167.00
593.94	2161.80
594.29	2176.60
594.64	2161.40
595.00	2173.40
595.35	2176.00
595.70	2161.80
596.05	2170.60
596.40	2174.80
596.75	2167.40
597.10	2185.60
597.45	2172.60
597.80	2178.80
598.15	2184.60
598.50	2183.60
598.85	2183.40
599.20	2188.20
599.55	2191.20
599.90	2170.80
600.26	2199.00
600.61	2205.00
600.96	2210.20
601.31	2210.00
601.66	2210.60
602.01	2202.00
602.36	2214.80
602.71	2211.80
603.06	2210.00
603.41	2202.80
603.76	2216.20
604.11	2215.40
604.46	2188.80
604.81	2227.20
605.16	2207.00
605.50	2221.60
605.85	2224.80
606.20	2227.20
606.55	2221.00
606.90	2232.40
607.25	2232.00
607.60	2228.00
607.95	2228.40
608.30	2229.40
608.65	2252.00
609.00	2244.40
609.35	2234.20
609.70	2250.40
610.05	2239.60
610.40	2266.40
610.74	2248.80
611.09	2261.40
611.44	2249.40
611.79	2257.80
612.14	2283.40
612.49	2269.20
612.84	2272.60
613.19	2283.40
613.53	2278.60
613.88	2289.00
614.23	2292.80
614.58	2271.20
614.93	2277.60
615.28	2278.00
615.62	2279.20
615.97	2282.20
616.32	2300.00
616.67	2292.80
617.02	2286.80
617.37	2293.80
617.71	2302.40
618.06	2308.40
618.41	2298.60
618.76	2303.00
619.11	2305.00
619.45	2312.00
619.80	2325.40
620.15	2297.80
620.50	2296.60
620.84	2307.40
621.19	2304.00
621.54	2300.40
621.89	2311.20
622.23	2303.80
622.58	2306.00
622.93	2294.00
623.28	2302.40
623.62	2289.20
623.97	2320.40
624.32	2323.00
624.66	2305.40
625.01	2308.60
625.36	2303.40
625.71	2301.40
626.05	2296.20
626.40	2305.80
626.75	2302.80
627.09	2308.60
627.44	2285.60
627.79	2303.80
628.13	2260.20
628.48	2297.00
628.83	2274.40
629.17	2261.40
629.52	2282.80
629.87	2293.80
630.21	2279.20
630.56	2288.60
630.90	2283.80
631.25	2280.60
631.60	2265.00
631.94	2276.40
632.29	2269.80
632.63	2281.40
632.98	2256.80
633.33	2252.40
633.67	2238.20
634.02	2262.20
634.36	2228.00
634.71	2216.00
635.06	2250.60
635.40	2219.80
635.75	2242.00
636.09	2214.80
636.44	2221.00
636.78	2203.20
637.13	2219.80
637.47	2192.00
637.82	2212.20
638.16	2183.00
638.51	2205.60
638.86	2172.60
639.20	2209.40
639.55	2182.80
639.89	2173.20
640.24	2174.00
640.58	2183.80
640.93	2162.40
641.27	2152.40
641.62	2168.20
641.96	2160.80
642.30	2145.20
642.65	2160.80
642.99	2150.00
643.34	2152.80
643.68	2144.80
644.03	2140.40
644.37	2144.00
644.72	2140.20
645.06	2136.00
645.40	2134.00
645.75	2130.00
646.09	2109.40
646.44	2143.80
646.78	2130.40
647.13	2119.20
647.47	2103.60
647.81	2115.60
648.16	2101.80
648.50	2112.80
648.85	2109.40
649.19	2099.40
649.53	2088.00
649.88	2085.60
650.22	2086.80
650.56	2081.60
650.91	2082.00
651.25	2072.80
651.59	2069.80
651.94	2081.00
652.28	2080.20
652.62	2077.20
652.97	2072.20
653.31	2067.40
653.65	2072.80
654.00	2065.80
654.34	2063.60
654.68	2071.00
655.03	2054.20
655.37	2064.20
655.71	2071.00
656.05	2054.20
656.40	2046.60
656.74	2059.80
657.08	2054.40
657.43	2059.80
657.77	2044.80
658.11	2052.60
658.45	2061.60
658.80	2048.60
659.14	2053.00
659.48	2040.40
659.82	2056.60
660.16	2045.20
660.51	2046.00
660.85	2059.00
661.19	2058.40
661.53	2058.20
661.87	2038.40
662.22	2066.00
662.56	2034.40
662.90	2077.40
663.24	2034.40
663.58	2043.20
663.93	2044.60
664.27	2017.40
664.61	2045.60
664.95	2049.80
665.29	2041.40
665.63	2039.20
665.98	2044.00
666.32	2042.40
666.66	2032.00
667.00	2029.00
667.34	2042.40
667.68	2034.20
668.02	2021.40
668.36	2042.80
668.70	2043.80
669.05	2014.20
669.39	2016.60
669.73	2030.00
670.07	2018.80
670.41	2014.00
670.75	2024.80
671.09	2029.40
671.43	2011.80
671.77	2025.80
672.11	2036.60
672.45	2036.80
672.79	2000.20
673.13	2040.40
673.47	2013.40
673.81	2028.40
674.16	2008.40
674.50	2022.60
674.84	2000.60
675.18	1995.60
675.52	2020.20
675.86	1994.60
676.20	2002.40
676.54	1987.40
676.88	1987.40
677.22	1990.20
677.56	1977.00
677.90	1986.00
678.23	1980.60
678.57	1984.80
678.91	1981.20
679.25	1986.60
679.59	1981.80
679.93	1965.80
680.27	1979.80
680.61	1968.80
680.95	1968.00
681.29	1967.20
681.63	1950.00
681.97	1972.60
682.31	1941.00
682.65	1949.00
682.99	1962.00
683.32	1941.40
683.66	1944.80
684.00	1949.00
684.34	1935.40
684.68	1912.80
685.02	1936.20
685.36	1914.60
685.70	1911.00
686.03	1915.00
686.37	1917.60
686.71	1907.60
687.05	1886.20
687.39	1885.00
687.73	1879.20
688.07	1878.80
688.40	1870.00
688.74	1884.40
689.08	1867.80
689.42	1867.80
689.76	1866.80
690.09	1859.00
690.43	1845.40
690.77	1862.20
691.11	1826.40
691.45	1826.20
691.78	1830.00
692.12	1812.80
692.46	1817.20
692.80	1810.80
693.13	1817.40
693.47	1804.00
693.81	1797.40
694.15	1793.60
694.48	1786.00
694.82	1778.60
695.16	1788.80
695.50	1784.40
695.83	1768.60
696.17	1762.00
696.51	1759.60
696.84	1749.60
697.18	1744.60
697.52	1752.20
697.85	1726.60
698.19	1740.80
698.53	1721.20
698.87	1708.00
699.20	1707.60
699.54	1696.80
699.88	1702.60
700.21	1696.20
700.55	1693.80
700.88	1690.00
701.22	1679.20
701.56	1676.60
701.89	1666.20
702.23	1675.00
702.57	1661.20
702.90	1645.80
703.24	1650.20
703.57	1640.20
703.91	1635.40
704.25	1638.60
704.58	1628.20
704.92	1630.40
705.25	1604.20
705.59	1618.60
705.93	1620.40
706.26	1619.20
706.60	1614.80
706.93	1593.00
707.27	1585.80
707.60	1599.20
707.94	1588.80
708.27	1582.00
708.61	1592.00
708.95	1577.80
709.28	1563.40
709.62	1552.00
709.95	1578.80
710.29	1565.60
710.62	1553.60
710.96	1554.40
711.29	1536.80
711.63	1555.00
711.96	1535.40
712.30	1549.00
712.63	1532.00
712.96	1532.80
713.30	1535.80
713.63	1517.00
713.97	1531.20
714.30	1516.80
714.64	1513.00
714.97	1502.20
715.31	1510.80
715.64	1503.00
715.97	1499.60
716.31	1499.00
716.64	1482.00
716.98	1503.40
717.31	1493.40
717.64	1493.80
717.98	1481.00
718.31	1495.00
718.65	1475.40
718.98	1471.80
719.31	1487.40
719.65	1479.40
719.98	1467.20
720.32	1469.20
720.65	1465.80
720.98	1463.40
721.32	1463.20
721.65	1451.60
721.98	1456.60
722.32	1464.00
722.65	1452.40
722.98	1449.40
723.32	1446.80
723.65	1438.60
723.98	1444.40
724.31	1434.80
724.65	1443.60
724.98	1442.40
725.31	1441.00
725.65	1444.20
725.98	1444.00
726.31	1438.20
726.64	1419.80
726.98	1423.80
727.31	1422.20
727.64	1435.20
727.97	1423.40
728.31	1413.60
728.64	1417.20
728.97	1408.60
729.30	1409.60
729.64	1421.80
729.97	1402.20
730.30	1410.80
730.63	1403.40
730.96	1411.20
731.30	1406.20
731.63	1402.60
731.96	1401.60
732.29	1394.20
732.62	1392.40
732.96	1396.80
733.29	1403.60
733.62	1404.00
733.95	1389.40
734.28	1397.60
734.61	1375.20
734.94	1380.40
735.28	1390.00
735.61	1374.20
735.94	1385.00
736.27	1379.60
736.60	1380.40
736.93	1380.40
737.26	1367.60
737.59	1372.00
737.92	1372.20
738.26	1370.40
738.59	1354.00
738.92	1370.20
739.25	1363.60
739.58	1357.80
739.91	1362.00
740.24	1357.20
740.57	1359.00
740.90	1362.00
741.23	1355.60
741.56	1356.40
741.89	1351.60
742.22	1330.60
742.55	1354.20
742.88	1343.60
743.21	1335.60
743.54	1330.60
743.87	1331.00
744.20	1334.00
744.53	1320.80
744.86	1331.60
745.19	1318.00
745.52	1326.20
745.85	1326.60
746.18	1327.20
746.51	1319.20
746.84	1327.00
747.17	1311.60
747.50	1303.80
747.83	1310.40
748.16	1295.80
748.49	1301.00
748.82	1283.80
749.15	1302.80
749.48	1297.60
749.81	1284.80
750.14	1283.40
750.46	1289.80
750.79	1275.00
751.12	1275.80
751.45	1284.00
751.78	1267.60
752.11	1282.40
752.44	1268.20
752.77	1267.60
753.10	1250.80
753.42	1259.80
753.75	1245.00
754.08	1235.80
754.41	1235.40
754.74	1243.40
755.07	1237.00
755.39	1224.80
755.72	1233.00
756.05	1227.60
756.38	1229.00
756.71	1233.20
757.04	1216.80
757.36	1210.60
757.69	1199.40
758.02	1204.40
758.35	1195.20
758.67	1193.00
759.00	1191.40
759.33	1186.80
759.66	1177.60
759.99	1164.00
760.31	1163.80
760.64	1154.00
760.97	1165.20
761.30	1155.20
761.62	1157.60
761.95	1146.00
762.28	1154.00
762.60	1144.60
762.93	1144.60
763.26	1141.00
763.59	1130.80
763.91	1127.60
764.24	1124.00
764.57	1124.40
764.89	1115.80
765.22	1101.60
765.55	1118.00
765.87	1102.40
766.20	1088.00
766.53	1105.00
766.85	1091.20
767.18	1080.60
767.51	1091.60
767.83	1069.40
768.16	1074.60
768.48	1068.80
768.81	1061.00
769.14	1057.80
769.46	1054.40
769.79	1051.60
770.12	1046.80
770.44	1034.40
770.77	1042.80
771.09	1030.40
771.42	1020.20
771.74	1017.60
772.07	1019.60
772.40	1007.60
772.72	1012.60
773.05	998.40
773.37	1003.00
773.70	990.20
774.02	994.00
774.35	992.40
774.67	973.60
775.00	979.20
775.32	982.40
775.65	961.80
775.97	967.80
776.30	956.00
776.63	956.00
776.95	959.60
777.27	947.60
777.60	945.60
777.92	937.60
778.25	938.40
778.57	927.20
778.90	928.60
779.22	917.20
779.55	911.40
779.87	924.00
780.20	908.20
780.52	900.40
780.85	905.00
781.17	892.00
781.49	891.40
781.82	894.60
782.14	881.20
782.47	880.20
782.79	881.40
783.11	874.00
783.44	859.60
783.76	872.80
784.09	853.00
784.41	858.20
784.73	848.80
785.06	844.60
785.38	839.40
785.70	837.20
786.03	842.00
786.35	835.60
786.67	824.40
787.00	839.40
787.32	823.80
787.64	831.00
787.97	823.20
788.29	814.80
788.61	814.20
788.94	814.80
789.26	815.20
789.58	818.60
789.91	820.00
790.23	806.80
790.55	817.60
790.87	798.20
791.20	810.80
791.52	808.80
791.84	810.20
792.16	808.40
792.49	796.60
792.81	796.00
793.13	801.80
793.45	797.00
793.78	807.40
794.10	801.60
794.42	805.80
794.74	795.40
795.06	801.00
795.39	804.00
795.71	799.00
796.03	805.20
796.35	805.60
796.67	793.60
797.00	802.20
797.32	806.60
797.64	805.20
797.96	809.60
798.28	811.00
798.60	813.20
798.93	813.00
799.25	809.20
799.57	819.40
799.89	814.00
800.21	810.80
800.53	805.60
800.85	801.80
801.17	804.00
801.50	804.80
801.82	804.20
802.14	807.00
802.46	803.00
802.78	808.80
803.10	809.20
803.42	812.40
803.74	802.60
804.06	795.20
804.38	806.80
804.70	795.60
805.02	794.80
805.34	802.80
805.66	785.80
805.98	800.00
806.30	808.00
806.62	795.20
806.94	798.20
807.26	793.80
807.58	793.80
807.90	809.20
808.22	796.20
808.54	798.60
808.86	791.00
809.18	784.20
809.50	792.80
809.82	787.20
810.14	785.20
810.46	789.40
810.78	785.40
811.10	786.80
811.42	792.80
811.74	779.60
812.06	794.00
812.38	790.00
812.70	776.20
813.02	773.00
813.34	787.80
813.66	774.60
813.97	779.40
814.29	775.40
814.61	766.20
814.93	778.00
815.25	771.80
815.57	774.80
815.89	773.20
816.21	761.60
816.52	766.20
816.84	767.60
817.16	768.60
817.48	762.20
817.80	766.60
818.12	767.40
818.43	760.20
818.75	756.20
819.07	751.60
819.39	759.40
819.71	746.20
820.03	742.20
820.34	750.80
820.66	746.20
820.98	746.20
821.30	748.60
821.61	745.80
821.93	747.40
822.25	749.80
822.57	741.00
822.88	739.40
823.20	732.20
823.52	735.60
823.84	739.20
824.15	734.00
824.47	732.60
824.79	739.80
825.11	735.00
825.42	734.20
825.74	734.60
826.06	736.80
826.37	735.00
826.69	726.00
827.01	724.40
827.32	723.60
827.64	722.20
827.96	716.00
828.27	726.00
828.59	720.00
828.91	719.00
829.22	720.00
829.54	714.80
829.86	716.00
830.17	714.40
830.49	716.20
830.81	708.00
831.12	717.60
831.44	708.20
831.75	712.20
832.07	704.80
832.39	701.60
832.70	704.00
833.02	693.80
833.33	696.20
833.65	697.20
833.96	700.80
834.28	701.60
834.60	688.40
834.91	694.40
835.23	697.00
835.54	683.60
835.86	690.80
836.17	681.00
836.49	678.60
836.80	682.80
837.12	682.40
837.43	678.40
837.75	679.00
838.06	676.60
838.38	673.00
838.69	683.80
839.01	674.00
839.32	665.20
839.64	672.60
839.95	673.60
840.27	665.00
840.58	667.40
840.90	660.20
841.21	671.20
841.53	664.80
841.84	663.20
842.15	655.60
842.47	659.80
842.78	650.00
843.10	655.60
843.41	651.40
843.72	647.20
844.04	645.60
844.35	648.80
844.67	641.60
844.98	644.80
845.29	641.80
845.61	638.40
845.92	633.40
846.23	633.00
846.55	635.40
846.86	633.40
847.18	624.20
847.49	625.40
847.80	628.80
848.12	616.00
848.43	616.00
848.74	618.40
849.05	620.00
849.37	613.60
849.68	614.80
849.99	605.80
850.31	602.40
850.62	609.00
850.93	602.20
851.24	596.20
851.56	598.80
851.87	595.40
852.18	590.20
852.50	598.20
852.81	591.20
853.12	585.80
853.43	586.60
853.74	578.60
854.06	576.20
854.37	577.60
854.68	577.80
854.99	575.60
855.31	568.00
855.62	567.80
855.93	559.20
856.24	563.00
856.55	559.40
856.87	557.00
857.18	559.20
857.49	549.00
857.80	548.40
858.11	541.80
858.42	538.40
858.73	545.60
859.05	538.40
859.36	535.40
859.67	531.40
859.98	530.40
860.29	534.20
860.60	532.20
860.91	530.20
861.22	527.60
861.54	525.60
861.85	523.00
862.16	520.60
862.47	515.60
862.78	513.20
863.09	514.20
863.40	509.60
863.71	512.00
864.02	509.00
864.33	507.60
864.64	498.00
864.95	500.20
865.26	494.00
865.57	495.80
865.88	491.40
866.19	488.20
866.50	483.20
866.81	485.80
867.12	483.00
867.43	486.80
867.74	479.80
868.05	480.40
868.36	479.80
868.67	473.00
868.98	471.40
869.29	473.80
869.60	470.80
869.91	469.20
870.22	460.20
870.53	464.60
870.84	456.60
871.15	458.20
871.46	459.00
871.77	452.60
872.08	450.60
872.39	447.20
872.69	446.40
873.00	446.40
873.31	437.00
873.62	440.80
873.93	440.60
874.24	436.40
874.55	431.00
874.86	434.80
875.16	425.60
875.47	431.80
875.78	426.40
876.09	418.80
876.40	418.20
876.71	418.00
877.01	414.00
877.32	414.60
877.63	413.20
877.94	410.60
878.25	407.00
878.56	405.40
878.86	403.80
879.17	403.40
879.48	401.80
879.79	397.60
880.09	400.20
880.40	400.00
880.71	392.40
881.02	390.60
881.32	390.80
881.63	388.80
881.94	390.20
882.25	386.80
882.55	386.60
882.86	383.20
883.17	381.60
883.48	381.80
883.78	388.60
884.09	377.00
884.40	380.80
884.70	377.00
885.01	379.80
885.32	375.80
885.62	375.60
885.93	373.20
886.24	378.00
886.54	365.40
886.85	367.80
887.16	372.00
887.46	368.20
887.77	373.00
888.08	368.00
888.38	368.60
888.69	369.40
888.99	366.00
889.30	363.40
889.61	369.00
889.91	370.00
890.22	365.40
890.52	364.60
890.83	365.20
891.14	363.00
891.44	362.80
891.75	367.40
892.05	364.80
892.36	367.40
892.66	365.80
892.97	361.40
893.27	362.00
893.58	357.20
893.89	362.40
894.19	360.40
894.50	363.00
894.80	357.60
895.11	368.00
895.41	365.80
895.72	362.80
896.02	358.60
896.33	361.60
896.63	363.40
896.93	358.80
897.24	356.20
897.54	357.00
897.85	363.40
898.15	356.60
898.46	357.20
898.76	364.80
899.07	360.80
899.37	361.60
899.67	363.60
899.98	359.60
900.28	363.40
900.59	363.00
900.89	359.60
901.19	358.00
901.50	360.40
901.80	364.60
902.11	361.00
902.41	361.00
902.71	363.00
903.02	361.20
903.32	363.60
903.62	363.40
903.93	365.00
904.23	361.60
904.53	365.20
904.84	362.80
905.14	360.00
905.44	354.60
905.75	364.00
906.05	361.60
906.35	360.00
906.66	354.80
906.96	360.00
907.26	357.40
907.56	352.80
907.87	359.00
908.17	357.80
908.47	355.40
908.77	354.80
909.08	352.20
909.38	351.40
909.68	354.40
909.98	349.80
910.29	352.80
910.59	351.20
910.89	353.20
911.19	355.00
911.50	348.00
911.80	350.60
912.10	349.60
912.40	350.20
912.70	351.80
913.00	352.00
913.31	348.80
913.61	346.20
913.91	347.60
914.21	345.60
914.51	344.40
914.81	348.80
915.12	345.40
915.42	345.60
915.72	344.20
916.02	341.40
916.32	343.40
916.62	344.20
916.92	339.60
917.22	336.20
917.52	338.80
917.83	332.40
918.13	336.00
918.43	334.20
918.73	337.60
919.03	334.00
919.33	336.40
919.63	336.60
919.93	329.00
920.23	328.80
920.53	333.80
920.83	326.00
921.13	329.60
921.43	328.40
921.73	325.20
922.03	327.60
922.33	326.00
922.63	323.20
922.93	327.00
923.23	323.00
923.53	320.80
923.83	323.40
924.13	321.00
924.43	324.80
924.73	317.80
925.03	320.40
925.33	321.00
925.63	318.80
925.93	318.20
926.23	316.60
926.53	312.20
926.83	311.20
927.13	311.20
927.42	308.40
927.72	311.80
928.02	311.00
928.32	311.20
928.62	313.60
928.92	307.80
929.22	304.40
929.52	309.00
929.82	308.80
930.11	310.20
930.41	302.80
930.71	303.60
931.01	300.20
931.31	302.80
931.61	301.40
931.90	298.80
932.20	298.60
932.50	300.00
932.80	298.80
933.10	301.60
933.39	300.00
933.69	298.80
933.99	296.40
934.29	292.60
934.59	295.20
934.88	292.80
935.18	291.80
935.48	290.60
935.78	290.60
936.07	286.40
936.37	285.20
936.67	288.40
936.97	289.00
937.26	285.20
937.56	286.00
937.86	282.40
938.15	280.00
938.45	288.20
938.75	282.00
939.05	279.80
939.34	283.00
939.64	280.40
939.94	276.00
940.23	274.40
940.53	276.00
940.83	270.60
941.12	275.40
941.42	273.20
941.71	271.60
942.01	274.00
942.31	271.80
942.60	270.20
942.90	269.60
943.20	267.40
943.49	268.40
943.79	266.40
944.08	267.60
944.38	266.40
944.68	266.20
944.97	266.80
945.27	264.80
945.56	265.00
945.86	260.00
946.15	261.20
946.45	263.20
946.74	259.80
947.04	257.40
947.34	258.00
947.63	256.40
947.93	255.40
948.22	251.20
948.52	251.00
948.81	255.20
949.11	252.60
949.40	252.20
949.70	254.20
949.99	247.80
950.29	251.00
950.58	246.80
950.87	249.20
951.17	249.00
951.46	246.40
951.76	247.20
952.05	247.80
952.35	244.40
952.64	244.00
952.94	240.40
953.23	240.80
953.52	241.20
953.82	240.80
954.11	236.20
954.41	237.20
954.70	234.80
954.99	235.20
955.29	234.80
955.58	233.60
955.87	235.60
956.17	234.00
956.46	236.00
956.76	231.60
957.05	230.80
957.34	229.20
957.64	228.60
957.93	231.40
958.22	227.20
958.52	223.80
958.81	227.60
959.10	223.80
959.39	225.40
959.69	226.80
959.98	223.20
960.27	223.00
960.57	224.00
960.86	224.40
961.15	223.80
961.44	219.40
961.74	221.40
962.03	220.80
962.32	219.40
962.61	216.20
962.91	216.60
963.20	214.80
963.49	216.60
963.78	217.00
964.07	215.80
964.37	212.80
964.66	214.80
964.95	213.60
965.24	215.40
965.53	208.00
965.83	213.00
966.12	212.40
966.41	208.40
966.70	208.20
966.99	208.20
967.28	210.20
967.57	204.80
967.87	208.40
968.16	206.80
968.45	208.40
968.74	202.60
969.03	205.00
969.32	204.00
969.61	201.60
969.90	201.80
970.19	202.80
970.49	199.20
970.78	200.80
971.07	199.60
971.36	199.40
971.65	195.00
971.94	196.20
972.23	194.00
972.52	197.00
972.81	194.80
973.10	195.00
973.39	191.20
973.68	192.40
973.97	195.40
974.26	192.20
974.55	192.20
974.84	192.80
975.13	194.40
975.42	189.60
975.71	189.60
976.00	189.60
976.29	187.00
976.58	186.20
976.87	183.40
977.16	185.40
977.45	186.00
977.74	185.20
978.03	185.00
978.32	184.80
978.60	186.80
978.89	183.60
979.18	184.40
979.47	181.80
979.76	180.60
980.05	181.00
980.34	178.80
980.63	179.80
980.92	181.80
981.20	180.00
981.49	178.80
981.78	177.20
982.07	179.40
982.36	175.00
982.65	176.60
982.94	178.60
983.22	177.20
983.51	176.20
983.80	174.60
984.09	174.20
984.38	172.20
984.66	172.20
984.95	176.00
985.24	175.00
985.53	172.20
985.82	173.60
986.10	172.80
986.39	170.80
986.68	170.40
986.97	171.80
987.25	170.80
987.54	169.40
987.83	169.40
988.12	169.00
988.40	169.60
988.69	167.40
988.98	169.40
989.26	168.80
989.55	167.60
989.84	166.80
990.12	166.00
990.41	167.00
990.70	167.20
990.98	165.60
991.27	165.60
991.56	165.40
991.84	164.80
992.13	163.60
992.42	163.20
992.70	162.60
992.99	165.00
993.28	163.40
993.56	161.00
993.85	163.40
994.13	164.40
994.42	161.00
994.71	161.00
994.99	160.60
995.28	159.60
995.56	160.60
995.85	160.40
996.14	159.40
996.42	160.20
996.71	159.20
996.99	157.40
997.28	159.00
997.56	156.00
997.85	156.80
998.13	157.20
998.42	157.00
998.70	154.80
998.99	155.20
999.27	156.00
999.56	153.80
999.84	155.60
1000.13	155.20
1000.41	155.00
1000.70	153.00
1000.98	154.40
1001.27	154.80
1001.55	155.20
1001.84	154.60
1002.12	153.40
1002.40	154.20
1002.69	152.80
1002.97	154.40
1003.26	155.40
1003.54	151.60
1003.83	151.80
1004.11	152.40
1004.39	152.00
1004.68	152.60
1004.96	150.60
1005.24	151.40
1005.53	150.40
1005.81	150.00
1006.10	149.80
1006.38	150.40
1006.66	150.20
1006.95	150.20
1007.23	151.00
1007.51	149.60
1007.80	148.60
1008.08	149.40
1008.36	150.40
1008.65	150.40
1008.93	147.60
1009.21	145.40
1009.49	149.00
1009.78	147.80
1010.06	148.40
1010.34	147.00
1010.63	146.80
1010.91	148.00
1011.19	145.80
1011.47	145.60
1011.76	144.80
1012.04	147.00
1012.32	146.40
1012.60	145.00
1012.88	145.20
1013.17	144.60
1013.45	146.40
1013.73	147.20
1014.01	147.40
1014.29	146.80
1014.58	145.00
1014.86	144.40
1015.14	145.40
1015.42	145.60
1015.70	143.00
1015.98	145.60
1016.27	145.80
1016.55	144.80
1016.83	145.20
1017.11	144.20
1017.39	144.60
1017.67	143.40
1017.95	142.00
1018.23	143.80
1018.52	142.60
1018.80	143.20
1019.08	143.00
1019.36	142.20
1019.64	143.00
1019.92	141.60
1020.20	141.60
1020.48	142.60
1020.76	141.60
1021.04	142.00
1021.32	141.00
1021.60	140.20
1021.88	140.80
1022.16	141.00
1022.44	142.40
1022.72	141.40
