	0.0	
339.41	0.00
339.79	112.40
340.17	114.20
340.55	116.20
340.94	116.60
341.32	118.80
341.70	120.00
342.08	119.40
342.46	121.40
342.84	121.80
343.22	122.00
343.60	123.20
343.98	123.60
344.36	124.20
344.74	124.80
345.12	124.00
345.50	123.60
345.88	123.60
346.26	124.60
346.64	123.20
347.02	121.60
347.40	122.20
347.78	122.80
348.15	122.20
348.53	122.80
348.91	123.00
349.29	123.80
349.67	125.40
350.05	125.40
350.43	127.20
350.81	127.00
351.19	126.40
351.57	125.20
351.95	125.40
352.33	125.40
352.71	126.00
353.09	126.80
353.47	125.80
353.84	126.00
354.22	127.00
354.60	126.20
354.98	126.00
355.36	126.20
355.74	126.80
356.12	127.40
356.50	128.00
356.88	128.20
357.25	126.40
357.63	127.00
358.01	127.60
358.39	129.00
358.77	128.60
359.15	127.60
359.53	128.80
359.90	128.80
360.28	129.40
360.66	128.80
361.04	128.80
361.42	131.80
361.80	130.60
362.17	131.20
362.55	130.80
362.93	130.40
363.31	130.20
363.69	131.00
364.06	133.20
364.44	133.60
364.82	131.60
365.20	131.40
365.58	130.80
365.95	131.40
366.33	132.80
366.71	132.80
367.09	131.60
367.46	132.40
367.84	131.60
368.22	133.40
368.60	133.80
368.97	134.00
369.35	135.40
369.73	135.00
370.11	134.00
370.48	134.20
370.86	136.20
371.24	135.20
371.62	135.00
371.99	135.20
372.37	136.60
372.75	137.00
373.12	138.40
373.50	136.60
373.88	135.00
374.25	135.40
374.63	136.20
375.01	136.40
375.38	136.40
375.76	137.40
376.14	136.60
376.51	137.00
376.89	138.80
377.27	141.80
377.64	140.00
378.02	141.20
378.40	140.20
378.77	141.00
379.15	143.20
379.53	143.20
379.90	142.80
380.28	141.00
380.66	144.80
381.03	144.60
381.41	144.60
381.78	144.20
382.16	146.60
382.54	148.20
382.91	147.60
383.29	146.40
383.66	148.40
384.04	150.00
384.42	149.40
384.79	150.00
385.17	152.40
385.54	151.60
385.92	150.40
386.29	150.80
386.67	152.20
387.05	154.20
387.42	153.40
387.80	154.60
388.17	156.20
388.55	156.20
388.92	156.00
389.30	157.40
389.67	157.20
390.05	160.20
390.42	160.00
390.80	161.40
391.17	160.20
391.55	165.00
391.92	164.00
392.30	162.80
392.67	162.40
393.05	166.00
393.42	165.80
393.80	167.40
394.17	169.00
394.55	168.40
394.92	168.80
395.30	169.40
395.67	170.00
396.05	170.40
396.42	172.80
396.80	174.20
397.17	174.80
397.55	173.20
397.92	177.80
398.29	180.80
398.67	181.20
399.04	179.20
399.42	179.60
399.79	182.60
400.17	184.60
400.54	184.20
400.91	184.00
401.29	188.20
401.66	187.60
402.04	185.60
402.41	187.20
402.78	187.40
403.16	189.40
403.53	192.60
403.90	192.40
404.28	191.60
404.65	191.20
405.03	195.20
405.40	197.80
405.77	197.40
406.15	198.20
406.52	202.00
406.89	202.80
407.27	199.60
407.64	202.60
408.01	205.00
408.39	208.60
408.76	208.80
409.13	204.40
409.51	209.40
409.88	212.00
410.25	212.20
410.62	209.00
411.00	217.80
411.37	214.80
411.74	218.60
412.12	219.20
412.49	218.40
412.86	224.00
413.23	221.20
413.61	224.40
413.98	230.60
414.35	227.00
414.73	230.80
415.10	225.20
415.47	233.80
415.84	233.80
416.22	235.40
416.59	234.20
416.96	240.20
417.33	237.40
417.70	241.20
418.08	247.00
418.45	245.60
418.82	245.80
419.19	251.20
419.57	255.60
419.94	247.40
420.31	255.40
420.68	250.60
421.05	254.00
421.42	260.00
421.80	261.00
422.17	259.80
422.54	269.60
422.91	264.40
423.28	259.20
423.65	266.80
424.03	268.40
424.40	271.80
424.77	272.80
425.14	273.40
425.51	274.60
425.88	281.60
426.25	279.40
426.63	285.00
427.00	283.00
427.37	288.80
427.74	299.20
428.11	294.20
428.48	295.00
428.85	295.00
429.22	296.80
429.59	298.20
429.97	303.20
430.34	305.40
430.71	308.20
431.08	312.80
431.45	322.00
431.82	315.20
432.19	315.00
432.56	320.20
432.93	320.60
433.30	329.80
433.67	330.60
434.04	326.80
434.41	337.40
434.78	334.80
435.15	343.20
435.52	345.60
435.89	345.80
436.26	351.80
436.63	349.40
437.00	354.60
437.37	351.60
437.74	354.80
438.11	363.60
438.48	361.80
438.85	371.40
439.22	375.80
439.59	386.20
439.96	376.60
440.33	379.00
440.70	390.20
441.07	386.40
441.44	400.20
441.81	387.60
442.18	392.60
442.55	395.40
442.92	405.80
443.29	402.00
443.66	397.40
444.03	406.20
444.40	408.00
444.77	418.20
445.14	416.80
445.51	429.00
445.88	421.40
446.24	424.40
446.61	427.80
446.98	424.40
447.35	437.00
447.72	439.60
448.09	439.00
448.46	429.00
448.83	439.60
449.20	437.00
449.56	443.80
449.93	448.00
450.30	445.80
450.67	459.00
451.04	444.80
451.41	443.40
451.78	459.60
452.14	454.80
452.51	463.20
452.88	460.00
453.25	453.60
453.62	469.40
453.99	462.40
454.35	468.80
454.72	473.40
455.09	477.80
455.46	480.00
455.83	491.60
456.19	487.00
456.56	490.60
456.93	492.80
457.30	503.60
457.66	498.80
458.03	506.80
458.40	502.80
458.77	505.40
459.14	514.60
459.50	511.60
459.87	497.60
460.24	514.60
460.61	520.60
460.97	525.40
461.34	522.20
461.71	527.40
462.07	524.20
462.44	541.40
462.81	546.80
463.18	545.40
463.54	540.20
463.91	561.80
464.28	553.60
464.64	555.80
465.01	562.40
465.38	575.40
465.75	559.60
466.11	575.80
466.48	571.60
466.85	569.00
467.21	574.60
467.58	584.60
467.95	595.20
468.31	598.80
468.68	605.40
469.04	611.00
469.41	626.00
469.78	624.00
470.14	628.60
470.51	625.60
470.88	637.40
471.24	635.80
471.61	654.00
471.98	649.40
472.34	662.40
472.71	665.80
473.07	673.20
473.44	671.20
473.81	692.20
474.17	687.00
474.54	703.00
474.90	705.80
475.27	704.00
475.63	717.40
476.00	730.00
476.37	721.20
476.73	726.60
477.10	750.60
477.46	758.60
477.83	752.20
478.19	760.40
478.56	789.40
478.92	783.60
479.29	796.40
479.65	799.00
480.02	801.80
480.38	817.20
480.75	828.20
481.11	825.40
481.48	838.60
481.84	848.40
482.21	855.00
482.57	863.20
482.94	865.80
483.30	876.40
483.67	889.20
484.03	889.20
484.40	900.00
484.76	898.00
485.13	923.00
485.49	917.80
485.86	938.40
486.22	934.20
486.59	951.60
486.95	958.20
487.31	966.20
487.68	962.60
488.04	978.20
488.41	987.00
488.77	983.40
489.14	997.40
489.50	999.00
489.86	1013.00
490.23	1014.40
490.59	1020.40
490.96	1029.20
491.32	1042.00
491.68	1047.00
492.05	1042.60
492.41	1048.80
492.77	1064.40
493.14	1067.40
493.50	1063.00
493.87	1068.00
494.23	1078.20
494.59	1079.00
494.96	1088.80
495.32	1088.40
495.68	1097.80
496.05	1100.60
496.41	1108.80
496.77	1120.60
497.14	1114.20
497.50	1122.60
497.86	1121.60
498.23	1120.60
498.59	1124.60
498.95	1129.20
499.31	1144.40
499.68	1138.60
500.04	1145.00
500.40	1148.20
500.77	1146.00
501.13	1158.80
501.49	1152.00
501.85	1157.80
502.22	1162.60
502.58	1165.20
502.94	1172.20
503.30	1163.00
503.67	1167.20
504.03	1186.40
504.39	1178.40
504.75	1192.80
505.12	1188.00
505.48	1190.80
505.84	1204.20
506.20	1202.60
506.56	1197.80
506.93	1198.40
507.29	1218.80
507.65	1212.00
508.01	1216.60
508.37	1228.40
508.74	1224.60
509.10	1217.40
509.46	1218.80
509.82	1222.80
510.18	1238.20
510.54	1239.40
510.91	1238.80
511.27	1248.60
511.63	1247.40
511.99	1248.00
512.35	1259.20
512.71	1252.60
513.07	1265.80
513.43	1254.60
513.80	1264.40
514.16	1269.40
514.52	1281.00
514.88	1289.00
515.24	1292.60
515.60	1299.80
515.96	1292.00
516.32	1292.20
516.68	1303.00
517.04	1312.20
517.41	1301.60
517.77	1324.20
518.13	1319.80
518.49	1329.40
518.85	1327.20
519.21	1342.00
519.57	1339.20
519.93	1335.60
520.29	1347.00
520.65	1351.20
521.01	1357.60
521.37	1368.80
521.73	1359.20
522.09	1378.00
522.45	1380.00
522.81	1373.20
523.17	1384.60
523.53	1400.60
523.89	1380.00
524.25	1389.40
524.61	1386.80
524.97	1392.00
525.33	1407.00
525.69	1410.00
526.05	1421.60
526.41	1424.00
526.77	1418.20
527.13	1423.40
527.49	1441.40
527.85	1421.00
528.21	1445.80
528.57	1451.40
528.93	1441.60
529.29	1451.20
529.65	1444.40
530.00	1450.60
530.36	1454.00
530.72	1472.80
531.08	1467.20
531.44	1473.80
531.80	1473.60
532.16	1487.20
532.52	1488.80
532.88	1488.80
533.24	1482.00
533.59	1507.20
533.95	1485.00
534.31	1506.20
534.67	1505.40
535.03	1510.80
535.39	1483.60
535.75	1516.60
536.11	1508.40
536.46	1511.60
536.82	1504.40
537.18	1504.80
537.54	1525.60
537.90	1530.40
538.26	1517.00
538.61	1524.80
538.97	1536.20
539.33	1547.00
539.69	1542.00
540.05	1547.60
540.40	1536.20
540.76	1551.20
541.12	1543.00
541.48	1559.60
541.84	1544.20
542.19	1548.80
542.55	1563.40
542.91	1557.60
543.27	1546.40
543.62	1577.00
543.98	1566.00
544.34	1547.00
544.70	1577.20
545.05	1575.40
545.41	1577.20
545.77	1579.00
546.12	1585.80
546.48	1576.40
546.84	1573.60
547.20	1588.40
547.55	1582.60
547.91	1595.20
548.27	1589.60
548.62	1587.00
548.98	1604.40
549.34	1598.00
549.69	1618.60
550.05	1602.60
550.41	1613.20
550.77	1604.20
551.12	1610.60
551.48	1610.20
551.83	1628.20
552.19	1614.60
552.55	1617.20
552.90	1628.60
553.26	1637.20
553.62	1634.20
553.97	1635.60
554.33	1632.60
554.69	1637.60
555.04	1629.00
555.40	1640.60
555.75	1657.00
556.11	1651.40
556.47	1646.20
556.82	1661.40
557.18	1659.40
557.53	1655.00
557.89	1675.60
558.24	1675.80
558.60	1666.60
558.96	1686.20
559.31	1675.40
559.67	1700.00
560.02	1697.40
560.38	1677.00
560.73	1703.20
561.09	1701.00
561.44	1707.20
561.80	1703.20
562.16	1712.40
562.51	1717.80
562.87	1737.40
563.22	1721.80
563.58	1722.20
563.93	1727.60
564.29	1730.00
564.64	1742.20
565.00	1732.20
565.35	1740.60
565.71	1745.40
566.06	1766.20
566.41	1759.80
566.77	1734.20
567.12	1772.60
567.48	1772.00
567.83	1778.20
568.19	1779.00
568.54	1785.00
568.90	1785.80
569.25	1777.20
569.60	1796.40
569.96	1796.20
570.31	1795.80
570.67	1801.80
571.02	1801.60
571.38	1812.60
571.73	1806.40
572.08	1838.00
572.44	1806.00
572.79	1822.60
573.15	1818.20
573.50	1805.80
573.85	1839.00
574.21	1819.80
574.56	1820.40
574.91	1843.00
575.27	1835.20
575.62	1827.40
575.97	1838.80
576.33	1839.00
576.68	1847.80
577.03	1846.00
577.39	1842.20
577.74	1843.20
578.09	1839.60
578.45	1838.60
578.80	1834.80
579.15	1833.60
579.51	1833.80
579.86	1836.00
580.21	1850.40
580.57	1836.40
580.92	1836.00
581.27	1843.00
581.62	1840.80
581.98	1843.00
582.33	1830.20
582.68	1823.20
583.03	1828.40
583.39	1826.00
583.74	1841.20
584.09	1835.20
584.44	1837.80
584.80	1833.00
585.15	1817.60
585.50	1827.60
585.85	1829.40
586.21	1820.00
586.56	1834.20
586.91	1839.40
587.26	1838.40
587.61	1841.00
587.97	1817.40
588.32	1832.40
588.67	1828.20
589.02	1838.00
589.37	1815.00
589.73	1826.40
590.08	1835.40
590.43	1836.20
590.78	1831.20
591.13	1820.00
591.48	1830.80
591.83	1818.40
592.19	1830.80
592.54	1821.60
592.89	1836.60
593.24	1841.60
593.59	1823.40
593.94	1824.40
594.29	1841.80
594.64	1828.00
595.00	1840.40
595.35	1843.80
595.70	1828.60
596.05	1821.80
596.40	1824.20
596.75	1836.00
597.10	1848.80
597.45	1833.60
597.80	1841.80
598.15	1843.00
598.50	1849.20
598.85	1845.20
599.20	1847.00
599.55	1842.20
599.90	1842.00
600.26	1849.40
600.61	1854.80
600.96	1854.60
601.31	1850.80
601.66	1864.40
602.01	1853.60
602.36	1853.40
602.71	1860.00
603.06	1859.00
603.41	1855.20
603.76	1872.20
604.11	1877.80
604.46	1852.20
604.81	1871.40
605.16	1877.00
605.50	1879.00
605.85	1872.80
606.20	1880.00
606.55	1873.40
606.90	1872.60
607.25	1866.20
607.60	1879.20
607.95	1881.00
608.30	1881.60
608.65	1891.80
609.00	1883.80
609.35	1873.00
609.70	1898.80
610.05	1882.40
610.40	1903.20
610.74	1887.20
611.09	1897.20
611.44	1890.20
611.79	1896.00
612.14	1899.60
612.49	1919.20
612.84	1903.00
613.19	1915.20
613.53	1914.40
613.88	1929.20
614.23	1910.00
614.58	1906.00
614.93	1914.40
615.28	1917.20
615.62	1912.60
615.97	1915.40
616.32	1929.60
616.67	1918.80
617.02	1909.80
617.37	1919.00
617.71	1934.80
618.06	1945.40
618.41	1925.00
618.76	1939.80
619.11	1942.60
619.45	1935.60
619.80	1939.20
620.15	1931.80
620.50	1938.00
620.84	1954.80
621.19	1942.00
621.54	1950.60
621.89	1933.20
622.23	1920.00
622.58	1928.80
622.93	1927.80
623.28	1938.00
623.62	1919.20
623.97	1940.60
624.32	1936.60
624.66	1945.20
625.01	1935.00
625.36	1933.80
625.71	1934.20
626.05	1936.00
626.40	1933.80
626.75	1935.80
627.09	1942.80
627.44	1929.20
627.79	1933.80
628.13	1906.60
628.48	1919.40
628.83	1912.60
629.17	1892.80
629.52	1917.00
629.87	1920.40
630.21	1917.60
630.56	1926.00
630.90	1918.80
631.25	1910.20
631.60	1898.60
631.94	1895.40
632.29	1899.40
632.63	1907.00
632.98	1880.80
633.33	1886.00
633.67	1888.20
634.02	1902.00
634.36	1876.20
634.71	1872.80
635.06	1890.80
635.40	1862.60
635.75	1892.00
636.09	1853.80
636.44	1873.00
636.78	1857.20
637.13	1849.20
637.47	1848.00
637.82	1851.20
638.16	1829.40
638.51	1852.60
638.86	1838.60
639.20	1853.00
639.55	1844.40
639.89	1831.80
640.24	1826.20
640.58	1844.60
640.93	1833.80
641.27	1814.00
641.62	1824.20
641.96	1811.00
642.30	1803.40
642.65	1812.20
642.99	1818.40
643.34	1798.60
643.68	1804.00
644.03	1814.00
644.37	1807.60
644.72	1795.40
645.06	1790.40
645.40	1789.80
645.75	1796.00
646.09	1778.60
646.44	1806.80
646.78	1789.00
647.13	1791.00
647.47	1767.20
647.81	1780.80
648.16	1756.40
648.50	1780.80
648.85	1765.60
649.19	1755.80
649.53	1763.20
649.88	1756.20
650.22	1757.00
650.56	1762.20
650.91	1760.60
651.25	1745.80
651.59	1730.00
651.94	1746.40
652.28	1762.60
652.62	1756.00
652.97	1746.60
653.31	1750.20
653.65	1742.20
654.00	1740.40
654.34	1750.40
654.68	1736.80
655.03	1725.20
655.37	1733.40
655.71	1735.20
656.05	1732.00
656.40	1729.80
656.74	1727.80
657.08	1732.40
657.43	1744.80
657.77	1719.20
658.11	1736.80
658.45	1728.00
658.80	1727.20
659.14	1723.20
659.48	1721.20
659.82	1720.40
660.16	1730.80
660.51	1717.60
660.85	1728.00
661.19	1726.20
661.53	1728.20
661.87	1719.00
662.22	1717.00
662.56	1715.00
662.90	1732.60
663.24	1708.80
663.58	1708.80
663.93	1712.20
664.27	1700.00
664.61	1720.00
664.95	1727.60
665.29	1716.00
665.63	1688.00
665.98	1712.00
666.32	1717.20
666.66	1706.60
667.00	1707.00
667.34	1718.20
667.68	1707.20
668.02	1693.60
668.36	1704.60
668.70	1696.40
669.05	1696.80
669.39	1696.80
669.73	1698.00
670.07	1697.60
670.41	1701.00
670.75	1695.60
671.09	1705.40
671.43	1683.60
671.77	1711.60
672.11	1704.00
672.45	1703.40
672.79	1688.20
673.13	1716.40
673.47	1687.20
673.81	1701.80
674.16	1684.00
674.50	1684.00
674.84	1686.40
675.18	1674.80
675.52	1693.20
675.86	1674.80
676.20	1692.40
676.54	1669.20
676.88	1677.60
677.22	1675.40
677.56	1657.40
677.90	1673.00
678.23	1669.00
678.57	1669.00
678.91	1660.60
679.25	1672.60
679.59	1677.00
679.93	1661.00
680.27	1662.60
680.61	1655.20
680.95	1648.00
681.29	1649.80
681.63	1642.60
681.97	1644.20
682.31	1631.00
682.65	1633.00
682.99	1644.80
683.32	1632.40
683.66	1629.40
684.00	1631.60
684.34	1625.40
684.68	1602.20
685.02	1621.80
685.36	1602.60
685.70	1601.20
686.03	1607.20
686.37	1608.40
686.71	1600.00
687.05	1590.20
687.39	1582.80
687.73	1582.40
688.07	1580.80
688.40	1567.20
688.74	1571.00
689.08	1554.40
689.42	1562.40
689.76	1562.60
690.09	1554.00
690.43	1550.60
690.77	1564.00
691.11	1531.80
691.45	1526.00
691.78	1539.60
692.12	1510.60
692.46	1528.60
692.80	1520.20
693.13	1525.80
693.47	1511.20
693.81	1517.60
694.15	1505.00
694.48	1504.20
694.82	1503.00
695.16	1501.20
695.50	1498.20
695.83	1482.60
696.17	1470.40
696.51	1467.00
696.84	1467.00
697.18	1474.20
697.52	1465.20
697.85	1452.20
698.19	1455.60
698.53	1453.80
698.87	1445.40
699.20	1434.40
699.54	1430.20
699.88	1432.00
700.21	1414.40
700.55	1417.40
700.88	1414.00
701.22	1403.80
701.56	1421.80
701.89	1407.60
702.23	1403.40
702.57	1402.20
702.90	1380.40
703.24	1388.40
703.57	1387.40
703.91	1374.80
704.25	1370.20
704.58	1382.60
704.92	1371.20
705.25	1359.00
705.59	1368.60
705.93	1356.60
706.26	1354.60
706.60	1350.00
706.93	1340.60
707.27	1329.20
707.60	1351.80
707.94	1323.00
708.27	1334.20
708.61	1334.20
708.95	1318.40
709.28	1303.20
709.62	1304.00
709.95	1313.60
710.29	1304.20
710.62	1305.20
710.96	1298.40
711.29	1296.00
711.63	1304.00
711.96	1285.80
712.30	1301.60
712.63	1291.80
712.96	1291.20
713.30	1290.20
713.63	1282.80
713.97	1290.00
714.30	1282.20
714.64	1266.80
714.97	1274.40
715.31	1279.80
715.64	1274.80
715.97	1270.00
716.31	1257.60
716.64	1252.00
716.98	1259.80
717.31	1258.40
717.64	1248.20
717.98	1243.80
718.31	1259.60
718.65	1241.60
718.98	1235.80
719.31	1245.00
719.65	1235.20
719.98	1230.20
720.32	1229.80
720.65	1227.60
720.98	1243.80
721.32	1230.20
721.65	1221.00
721.98	1226.20
722.32	1240.00
722.65	1224.00
722.98	1217.00
723.32	1224.00
723.65	1213.80
723.98	1224.80
724.31	1203.40
724.65	1213.40
724.98	1206.60
725.31	1205.40
725.65	1216.80
725.98	1196.80
726.31	1202.40
726.64	1203.20
726.98	1183.20
727.31	1192.40
727.64	1202.40
727.97	1189.60
728.31	1189.20
728.64	1191.20
728.97	1180.00
729.30	1181.40
729.64	1188.60
729.97	1176.80
730.30	1176.00
730.63	1187.20
730.96	1180.40
731.30	1181.60
731.63	1178.80
731.96	1170.20
732.29	1173.20
732.62	1187.80
732.96	1178.60
733.29	1176.60
733.62	1168.00
733.95	1164.60
734.28	1168.00
734.61	1163.00
734.94	1165.80
735.28	1173.40
735.61	1158.60
735.94	1162.80
736.27	1166.00
736.60	1158.80
736.93	1158.00
737.26	1146.20
737.59	1147.80
737.92	1155.40
738.26	1159.40
738.59	1145.00
738.92	1151.80
739.25	1156.00
739.58	1139.80
739.91	1142.00
740.24	1138.20
740.57	1135.00
740.90	1142.20
741.23	1135.60
741.56	1134.80
741.89	1147.40
742.22	1125.80
742.55	1128.20
742.88	1135.60
743.21	1125.40
743.54	1139.40
743.87	1139.20
744.20	1125.80
744.53	1114.60
744.86	1122.00
745.19	1111.80
745.52	1112.20
745.85	1115.20
746.18	1122.20
746.51	1105.20
746.84	1108.60
747.17	1099.80
747.50	1096.00
747.83	1099.60
748.16	1089.40
748.49	1097.00
748.82	1076.20
749.15	1079.40
749.48	1087.80
749.81	1088.00
750.14	1080.80
750.46	1076.20
750.79	1075.00
751.12	1072.40
751.45	1075.80
751.78	1062.40
752.11	1073.60
752.44	1064.00
752.77	1067.20
753.10	1052.40
753.42	1048.20
753.75	1045.40
754.08	1049.00
754.41	1042.40
754.74	1037.80
755.07	1040.20
755.39	1029.40
755.72	1041.80
756.05	1025.20
756.38	1027.80
756.71	1041.80
757.04	1019.00
757.36	1019.60
757.69	1016.60
758.02	1011.80
758.35	1013.00
758.67	1010.20
759.00	1008.60
759.33	997.40
759.66	992.00
759.99	989.00
760.31	984.40
760.64	985.40
760.97	985.60
761.30	968.60
761.62	974.20
761.95	967.60
762.28	974.80
762.60	949.00
762.93	958.60
763.26	955.00
763.59	945.80
763.91	950.80
764.24	939.60
764.57	948.60
764.89	937.00
765.22	930.60
765.55	932.60
765.87	935.60
766.20	919.00
766.53	921.60
766.85	915.80
767.18	906.80
767.51	919.00
767.83	902.40
768.16	907.40
768.48	900.40
768.81	893.60
769.14	889.00
769.46	886.60
769.79	890.00
770.12	877.80
770.44	877.00
770.77	876.80
771.09	860.80
771.42	853.60
771.74	852.20
772.07	855.60
772.40	847.60
772.72	851.20
773.05	850.20
773.37	850.60
773.70	841.20
774.02	834.00
774.35	832.80
774.67	828.60
775.00	830.60
775.32	823.40
775.65	811.80
775.97	818.20
776.30	812.40
776.63	806.00
776.95	813.20
777.27	800.60
777.60	794.80
777.92	792.40
778.25	796.60
778.57	778.00
778.90	784.20
779.22	777.40
779.55	776.00
779.87	772.60
780.20	776.80
780.52	764.60
780.85	764.00
781.17	758.40
781.49	754.40
781.82	753.80
782.14	744.40
782.47	744.00
782.79	738.40
783.11	735.80
783.44	731.40
783.76	733.80
784.09	717.40
784.41	731.00
784.73	723.00
785.06	713.80
785.38	715.00
785.70	713.40
786.03	706.00
786.35	694.60
786.67	706.00
787.00	704.80
787.32	702.40
787.64	700.20
787.97	697.80
788.29	693.20
788.61	690.20
788.94	694.40
789.26	690.40
789.58	689.20
789.91	696.20
790.23	691.80
790.55	694.80
790.87	679.00
791.20	692.40
791.52	683.20
791.84	688.00
792.16	682.40
792.49	676.40
792.81	678.40
793.13	685.80
793.45	684.80
793.78	690.40
794.10	679.00
794.42	682.80
794.74	678.60
795.06	686.20
795.39	683.60
795.71	677.00
796.03	682.20
796.35	680.60
796.67	676.80
797.00	684.20
797.32	684.80
797.64	683.40
797.96	687.20
798.28	690.40
798.60	693.40
798.93	690.60
799.25	692.20
799.57	695.80
799.89	691.60
800.21	687.00
800.53	687.40
800.85	687.00
801.17	686.60
801.50	684.00
801.82	687.40
802.14	685.40
802.46	676.60
802.78	685.60
803.10	689.40
803.42	680.80
803.74	685.60
804.06	684.40
804.38	681.60
804.70	676.00
805.02	680.40
805.34	684.20
805.66	679.40
805.98	679.60
806.30	681.80
806.62	678.80
806.94	679.80
807.26	677.80
807.58	668.40
807.90	680.80
808.22	670.20
808.54	678.60
808.86	677.20
809.18	661.60
809.50	675.40
809.82	673.00
810.14	666.40
810.46	672.00
810.78	670.40
811.10	669.20
811.42	666.80
811.74	665.00
812.06	668.20
812.38	670.20
812.70	659.60
813.02	653.80
813.34	661.20
813.66	656.80
813.97	661.00
814.29	656.40
814.61	656.60
814.93	666.80
815.25	654.00
815.57	654.00
815.89	655.60
816.21	649.80
816.52	648.80
816.84	645.00
817.16	649.60
817.48	644.60
817.80	648.00
818.12	647.20
818.43	651.60
818.75	644.00
819.07	647.60
819.39	638.80
819.71	646.60
820.03	640.20
820.34	640.00
820.66	639.00
820.98	632.20
821.30	634.60
821.61	631.60
821.93	633.60
822.25	633.20
822.57	630.00
822.88	628.40
823.20	624.20
823.52	627.80
823.84	626.00
824.15	622.20
824.47	621.40
824.79	629.60
825.11	627.20
825.42	629.60
825.74	620.00
826.06	624.20
826.37	623.00
826.69	615.00
827.01	620.40
827.32	611.00
827.64	610.40
827.96	601.80
828.27	609.40
828.59	609.40
828.91	607.60
829.22	608.00
829.54	604.60
829.86	608.80
830.17	609.60
830.49	610.20
830.81	604.80
831.12	602.00
831.44	604.40
831.75	603.60
832.07	597.80
832.39	599.60
832.70	602.40
833.02	593.80
833.33	596.60
833.65	598.00
833.96	601.80
834.28	595.40
834.60	591.80
834.91	592.80
835.23	590.80
835.54	588.20
835.86	583.00
836.17	584.80
836.49	582.60
836.80	582.00
837.12	584.20
837.43	579.40
837.75	582.60
838.06	580.80
838.38	575.20
838.69	585.40
839.01	568.20
839.32	580.00
839.64	574.20
839.95	570.20
840.27	569.60
840.58	572.60
840.90	564.40
841.21	567.80
841.53	564.60
841.84	558.00
842.15	561.00
842.47	556.80
842.78	550.60
843.10	562.20
843.41	555.80
843.72	555.60
844.04	553.80
844.35	546.80
844.67	544.00
844.98	548.00
845.29	546.80
845.61	541.80
845.92	543.40
846.23	544.60
846.55	542.40
846.86	538.60
847.18	528.60
847.49	533.60
847.80	531.00
848.12	530.20
848.43	528.00
848.74	527.60
849.05	522.00
849.37	518.80
849.68	522.80
849.99	519.00
850.31	520.40
850.62	514.20
850.93	511.40
851.24	510.60
851.56	505.60
851.87	507.60
852.18	510.80
852.50	500.00
852.81	507.20
853.12	502.00
853.43	500.00
853.74	498.20
854.06	490.60
854.37	497.20
854.68	491.20
854.99	493.80
855.31	487.20
855.62	486.20
855.93	480.20
856.24	484.20
856.55	481.80
856.87	473.60
857.18	474.40
857.49	476.40
857.80	475.00
858.11	469.40
858.42	465.00
858.73	467.40
859.05	464.80
859.36	457.00
859.67	464.20
859.98	460.20
860.29	459.20
860.60	454.20
860.91	453.80
861.22	456.40
861.54	449.00
861.85	448.60
862.16	449.80
862.47	448.40
862.78	444.80
863.09	441.40
863.40	442.80
863.71	441.80
864.02	433.00
864.33	435.80
864.64	428.00
864.95	427.80
865.26	426.00
865.57	427.00
865.88	425.40
866.19	424.20
866.50	418.00
866.81	418.60
867.12	408.00
867.43	412.00
867.74	410.80
868.05	411.80
868.36	411.80
868.67	403.20
868.98	406.40
869.29	403.00
869.60	399.80
869.91	403.80
870.22	402.00
870.53	401.20
870.84	396.40
871.15	392.80
871.46	397.40
871.77	386.00
872.08	391.00
872.39	385.60
872.69	384.60
873.00	381.80
873.31	379.40
873.62	379.00
873.93	376.40
874.24	375.60
874.55	374.40
874.86	370.40
875.16	370.60
875.47	367.20
875.78	365.40
876.09	369.60
876.40	365.40
876.71	354.00
877.01	358.20
877.32	357.20
877.63	355.60
877.94	355.00
878.25	351.20
878.56	350.20
878.86	351.00
879.17	348.60
879.48	348.00
879.79	343.80
880.09	349.40
880.40	343.40
880.71	345.80
881.02	339.20
881.32	332.80
881.63	333.00
881.94	332.40
882.25	332.60
882.55	336.00
882.86	332.40
883.17	329.60
883.48	334.00
883.78	331.40
884.09	328.40
884.40	328.40
884.70	324.60
885.01	324.20
885.32	325.80
885.62	324.80
885.93	326.00
886.24	323.80
886.54	320.60
886.85	318.80
887.16	323.80
887.46	320.20
887.77	331.20
888.08	323.80
888.38	317.60
888.69	322.60
888.99	318.80
889.30	322.00
889.61	315.20
889.91	318.40
890.22	314.80
890.52	317.80
890.83	317.00
891.14	316.00
891.44	318.20
891.75	318.80
892.05	315.20
892.36	313.20
892.66	310.80
892.97	312.00
893.27	315.00
893.58	316.20
893.89	318.60
894.19	313.20
894.50	314.60
894.80	318.20
895.11	313.40
895.41	315.60
895.72	316.80
896.02	318.40
896.33	317.60
896.63	316.80
896.93	317.80
897.24	312.00
897.54	313.60
897.85	316.60
898.15	310.80
898.46	312.60
898.76	317.60
899.07	313.40
899.37	313.40
899.67	314.20
899.98	313.20
900.28	314.00
900.59	317.60
900.89	318.00
901.19	314.00
901.50	322.00
901.80	313.60
902.11	318.80
902.41	318.20
902.71	315.60
903.02	313.00
903.32	312.40
903.62	309.40
903.93	318.00
904.23	314.60
904.53	319.60
904.84	317.80
905.14	311.40
905.44	312.40
905.75	310.00
906.05	310.80
906.35	316.80
906.66	309.60
906.96	307.80
907.26	313.60
907.56	309.20
907.87	313.20
908.17	308.40
908.47	308.40
908.77	313.20
909.08	309.40
909.38	307.60
909.68	307.00
909.98	302.40
910.29	307.20
910.59	310.00
910.89	306.20
911.19	307.20
911.50	307.20
911.80	303.20
912.10	305.40
912.40	306.80
912.70	301.20
913.00	307.40
913.31	305.40
913.61	303.80
913.91	301.20
914.21	300.80
914.51	303.80
914.81	304.00
915.12	301.60
915.42	302.60
915.72	300.60
916.02	304.00
916.32	298.00
916.62	297.80
916.92	298.00
917.22	291.20
917.52	298.40
917.83	291.80
918.13	292.60
918.43	296.00
918.73	295.00
919.03	295.20
919.33	291.40
919.63	288.80
919.93	290.60
920.23	290.80
920.53	288.20
920.83	288.80
921.13	288.00
921.43	286.80
921.73	284.80
922.03	286.60
922.33	287.80
922.63	281.40
922.93	285.00
923.23	286.60
923.53	284.00
923.83	281.00
924.13	282.60
924.43	279.60
924.73	281.40
925.03	280.20
925.33	282.60
925.63	280.40
925.93	278.00
926.23	278.80
926.53	274.80
926.83	276.20
927.13	273.20
927.42	274.80
927.72	275.20
928.02	270.60
928.32	274.00
928.62	273.00
928.92	268.00
929.22	270.40
929.52	271.60
929.82	272.00
930.11	268.80
930.41	268.40
930.71	270.80
931.01	263.60
931.31	267.60
931.61	268.60
931.90	270.40
932.20	263.60
932.50	260.00
932.80	262.80
933.10	265.40
933.39	260.20
933.69	262.20
933.99	258.00
934.29	262.80
934.59	257.80
934.88	261.60
935.18	259.60
935.48	260.60
935.78	259.60
936.07	256.20
936.37	254.60
936.67	255.60
936.97	253.20
937.26	255.80
937.56	257.80
937.86	252.80
938.15	247.60
938.45	251.60
938.75	250.40
939.05	251.80
939.34	247.40
939.64	248.20
939.94	246.80
940.23	244.80
940.53	245.80
940.83	240.00
941.12	244.00
941.42	243.80
941.71	246.40
942.01	245.20
942.31	244.00
942.60	240.60
942.90	240.80
943.20	241.80
943.49	238.80
943.79	241.80
944.08	238.40
944.38	238.20
944.68	238.60
944.97	238.20
945.27	236.20
945.56	237.20
945.86	233.00
946.15	235.60
946.45	234.60
946.74	233.80
947.04	232.20
947.34	231.00
947.63	231.40
947.93	229.00
948.22	229.80
948.52	229.00
948.81	230.80
949.11	225.80
949.40	226.40
949.70	224.80
949.99	223.20
950.29	224.40
950.58	223.80
950.87	221.80
951.17	222.20
951.46	223.40
951.76	219.40
952.05	220.60
952.35	217.40
952.64	220.60
952.94	217.80
953.23	216.40
953.52	215.40
953.82	215.40
954.11	214.80
954.41	215.40
954.70	208.80
954.99	214.20
955.29	212.80
955.58	211.40
955.87	211.60
956.17	215.00
956.46	208.00
956.76	209.60
957.05	206.80
957.34	206.60
957.64	206.80
957.93	205.80
958.22	207.00
958.52	206.20
958.81	208.00
959.10	200.80
959.39	202.80
959.69	201.00
959.98	203.20
960.27	201.20
960.57	202.60
960.86	202.20
961.15	203.60
961.44	199.00
961.74	201.00
962.03	198.00
962.32	200.20
962.61	197.80
962.91	198.20
963.20	198.40
963.49	195.20
963.78	194.80
964.07	196.20
964.37	194.20
964.66	190.60
964.95	193.60
965.24	193.00
965.53	189.60
965.83	189.80
966.12	189.20
966.41	186.00
966.70	189.40
966.99	189.60
967.28	188.00
967.57	189.80
967.87	188.00
968.16	187.20
968.45	185.00
968.74	186.80
969.03	188.20
969.32	184.00
969.61	182.80
969.90	185.40
970.19	181.40
970.49	179.80
970.78	181.20
971.07	184.20
971.36	181.20
971.65	181.80
971.94	180.60
972.23	179.00
972.52	180.40
972.81	177.80
973.10	180.60
973.39	177.60
973.68	180.20
973.97	175.40
974.26	173.60
974.55	177.40
974.84	178.60
975.13	174.00
975.42	174.20
975.71	175.00
976.00	173.40
976.29	172.80
976.58	172.20
976.87	172.00
977.16	171.20
977.45	169.60
977.74	169.20
978.03	171.00
978.32	169.40
978.60	169.20
978.89	167.80
979.18	169.20
979.47	166.40
979.76	166.60
980.05	168.60
980.34	167.20
980.63	165.80
980.92	166.00
981.20	165.60
981.49	166.40
981.78	163.60
982.07	162.60
982.36	162.80
982.65	163.80
982.94	164.00
983.22	162.60
983.51	161.80
983.80	158.40
984.09	160.00
984.38	161.80
984.66	162.20
984.95	159.60
985.24	160.80
985.53	157.80
985.82	161.00
986.10	157.80
986.39	157.00
986.68	157.20
986.97	156.00
987.25	158.20
987.54	157.60
987.83	155.60
988.12	157.20
988.40	157.40
988.69	156.60
988.98	155.40
989.26	157.00
989.55	155.80
989.84	155.60
990.12	154.60
990.41	153.60
990.70	153.60
990.98	155.60
991.27	154.20
991.56	152.80
991.84	153.40
992.13	154.00
992.42	153.20
992.70	151.20
992.99	150.80
993.28	150.80
993.56	151.60
993.85	151.40
994.13	149.00
994.42	149.40
994.71	149.60
994.99	149.80
995.28	151.00
995.56	150.80
995.85	150.00
996.14	149.80
996.42	149.00
996.71	148.40
996.99	146.00
997.28	148.00
997.56	146.20
997.85	146.20
998.13	147.20
998.42	146.00
998.70	148.80
998.99	146.80
999.27	145.40
999.56	145.60
999.84	145.40
1000.13	145.20
1000.41	144.40
1000.70	145.20
1000.98	145.80
1001.27	144.20
1001.55	142.60
1001.84	142.80
1002.12	142.20
1002.40	143.00
1002.69	143.40
1002.97	144.20
1003.26	144.00
1003.54	140.80
1003.83	140.80
1004.11	143.80
1004.39	142.00
1004.68	140.80
1004.96	140.60
1005.24	141.80
1005.53	141.40
1005.81	141.80
1006.10	141.00
1006.38	140.60
1006.66	141.20
1006.95	141.40
1007.23	139.60
1007.51	141.00
1007.80	140.80
1008.08	139.80
1008.36	140.40
1008.65	138.40
1008.93	140.00
1009.21	138.60
1009.49	136.80
1009.78	138.20
1010.06	139.20
1010.34	139.60
1010.63	138.00
1010.91	139.60
1011.19	138.20
1011.47	138.20
1011.76	137.20
1012.04	136.80
1012.32	137.60
1012.60	137.40
1012.88	137.80
1013.17	137.20
1013.45	136.40
1013.73	138.40
1014.01	139.40
1014.29	139.80
1014.58	135.60
1014.86	136.60
1015.14	137.20
1015.42	138.00
1015.70	137.60
1015.98	137.00
1016.27	137.20
1016.55	136.60
1016.83	135.00
1017.11	135.60
1017.39	135.40
1017.67	135.00
1017.95	135.20
1018.23	133.60
1018.52	134.20
1018.80	134.20
1019.08	133.60
1019.36	134.80
1019.64	134.00
1019.92	135.40
1020.20	134.40
1020.48	134.20
1020.76	134.60
1021.04	134.60
1021.32	135.20
1021.60	134.40
1021.88	133.40
1022.16	133.80
1022.44	132.80
1022.72	133.80
