	0.0	
339.41	0.00
339.79	105.20
340.17	105.40
340.55	106.60
340.94	108.00
341.32	109.80
341.70	111.80
342.08	112.00
342.46	112.60
342.84	115.00
343.22	115.00
343.60	114.60
343.98	113.60
344.36	115.00
344.74	115.40
345.12	115.00
345.50	114.60
345.88	114.00
346.26	114.60
346.64	115.20
347.02	115.20
347.40	115.20
347.78	114.60
348.15	114.00
348.53	115.00
348.91	116.00
349.29	116.60
349.67	116.60
350.05	115.80
350.43	116.60
350.81	117.60
351.19	118.80
351.57	119.40
351.95	118.60
352.33	118.60
352.71	118.40
353.09	118.20
353.47	118.20
353.84	117.80
354.22	118.20
354.60	117.80
354.98	118.80
355.36	119.80
355.74	120.00
356.12	119.20
356.50	119.20
356.88	119.00
357.25	120.80
357.63	120.80
358.01	120.60
358.39	120.00
358.77	121.00
359.15	121.20
359.53	120.60
359.90	120.80
360.28	120.80
360.66	122.80
361.04	123.40
361.42	122.40
361.80	120.80
362.17	121.20
362.55	122.00
362.93	121.20
363.31	121.60
363.69	122.00
364.06	121.00
364.44	120.40
364.82	121.40
365.20	123.80
365.58	124.20
365.95	123.40
366.33	123.60
366.71	125.20
367.09	123.20
367.46	123.40
367.84	123.20
368.22	124.80
368.60	124.80
368.97	123.80
369.35	124.80
369.73	126.60
370.11	128.00
370.48	127.20
370.86	127.00
371.24	127.00
371.62	126.80
371.99	127.20
372.37	127.80
372.75	129.00
373.12	128.20
373.50	127.60
373.88	128.00
374.25	127.80
374.63	128.40
375.01	129.20
375.38	129.40
375.76	129.60
376.14	130.80
376.51	129.40
376.89	129.80
377.27	129.80
377.64	133.20
378.02	130.60
378.40	130.40
378.77	131.40
379.15	133.00
379.53	133.00
379.90	134.40
380.28	135.00
380.66	135.40
381.03	136.00
381.41	135.60
381.78	135.00
382.16	136.80
382.54	136.00
382.91	136.60
383.29	138.00
383.66	138.20
384.04	138.00
384.42	138.80
384.79	139.60
385.17	140.20
385.54	140.80
385.92	139.40
386.29	141.40
386.67	143.00
387.05	143.00
387.42	143.00
387.80	146.20
388.17	145.00
388.55	145.40
388.92	147.00
389.30	147.40
389.67	149.20
390.05	150.20
390.42	148.20
390.80	149.00
391.17	150.80
391.55	151.60
391.92	149.60
392.30	151.60
392.67	153.80
393.05	154.40
393.42	155.20
393.80	154.40
394.17	156.60
394.55	157.40
394.92	155.20
395.30	158.40
395.67	158.60
396.05	161.20
396.42	162.60
396.80	163.20
397.17	163.60
397.55	161.80
397.92	163.60
398.29	166.80
398.67	166.60
399.04	166.80
399.42	169.80
399.79	171.40
400.17	172.20
400.54	170.20
400.91	173.40
401.29	173.60
401.66	173.40
402.04	172.00
402.41	170.60
402.78	178.00
403.16	177.40
403.53	178.20
403.90	180.40
404.28	178.60
404.65	180.40
405.03	179.80
405.40	180.60
405.77	183.60
406.15	185.80
406.52	186.40
406.89	186.80
407.27	186.40
407.64	192.60
408.01	191.60
408.39	193.00
408.76	193.00
409.13	192.40
409.51	200.00
409.88	200.20
410.25	200.40
410.62	195.60
411.00	203.80
411.37	200.80
411.74	200.40
412.12	206.80
412.49	205.20
412.86	210.00
413.23	208.60
413.61	210.00
413.98	215.20
414.35	217.40
414.73	217.20
415.10	212.60
415.47	217.20
415.84	220.40
416.22	216.20
416.59	219.40
416.96	220.40
417.33	225.40
417.70	226.80
418.08	233.00
418.45	229.20
418.82	229.80
419.19	234.40
419.57	238.40
419.94	234.20
420.31	241.80
420.68	244.00
421.05	238.60
421.42	237.60
421.80	241.80
422.17	246.60
422.54	252.40
422.91	247.60
423.28	250.20
423.65	253.00
424.03	254.20
424.40	254.00
424.77	256.40
425.14	258.40
425.51	258.00
425.88	264.60
426.25	265.20
426.63	263.60
427.00	265.20
427.37	272.60
427.74	279.60
428.11	273.00
428.48	280.60
428.85	281.60
429.22	280.40
429.59	284.60
429.97	285.40
430.34	286.80
430.71	284.60
431.08	294.00
431.45	300.60
431.82	295.00
432.19	300.00
432.56	304.20
432.93	303.00
433.30	308.40
433.67	311.60
434.04	307.40
434.41	314.00
434.78	317.60
435.15	319.60
435.52	327.60
435.89	333.40
436.26	328.00
436.63	330.20
437.00	333.40
437.37	339.40
437.74	336.00
438.11	346.80
438.48	342.40
438.85	346.60
439.22	355.60
439.59	364.00
439.96	354.20
440.33	363.60
440.70	374.20
441.07	371.00
441.44	377.00
441.81	367.80
442.18	367.00
442.55	376.80
442.92	388.00
443.29	381.60
443.66	377.00
444.03	389.60
444.40	387.80
444.77	403.40
445.14	398.40
445.51	405.80
445.88	404.60
446.24	403.40
446.61	409.00
446.98	403.60
447.35	417.00
447.72	419.00
448.09	417.00
448.46	410.80
448.83	419.40
449.20	420.40
449.56	420.80
449.93	432.20
450.30	420.60
450.67	438.40
451.04	426.80
451.41	424.80
451.78	440.40
452.14	439.20
452.51	438.60
452.88	437.60
453.25	439.80
453.62	452.40
453.99	445.20
454.35	451.60
454.72	457.00
455.09	465.20
455.46	461.40
455.83	472.40
456.19	470.80
456.56	472.00
456.93	473.40
457.30	483.00
457.66	476.80
458.03	484.60
458.40	483.00
458.77	487.20
459.14	496.80
459.50	497.20
459.87	478.40
460.24	504.80
460.61	501.40
460.97	505.40
461.34	502.40
461.71	509.00
462.07	504.40
462.44	516.80
462.81	525.60
463.18	527.80
463.54	520.20
463.91	541.20
464.28	529.80
464.64	534.40
465.01	537.40
465.38	555.60
465.75	540.20
466.11	553.20
466.48	553.00
466.85	551.20
467.21	555.20
467.58	555.20
467.95	568.00
468.31	577.00
468.68	578.00
469.04	587.20
469.41	604.00
469.78	591.80
470.14	600.00
470.51	599.40
470.88	618.80
471.24	605.60
471.61	631.40
471.98	625.80
472.34	641.60
472.71	639.40
473.07	651.60
473.44	655.00
473.81	663.20
474.17	652.80
474.54	678.00
474.90	676.40
475.27	674.00
475.63	695.20
476.00	695.60
476.37	703.00
476.73	701.40
477.10	724.00
477.46	733.20
477.83	719.20
478.19	745.00
478.56	752.60
478.92	759.80
479.29	763.60
479.65	766.80
480.02	776.60
480.38	787.00
480.75	794.20
481.11	800.00
481.48	811.00
481.84	826.60
482.21	822.20
482.57	830.40
482.94	843.60
483.30	853.20
483.67	853.40
484.03	859.00
484.40	872.80
484.76	872.20
485.13	888.80
485.49	891.40
485.86	900.40
486.22	912.40
486.59	920.80
486.95	914.60
487.31	929.40
487.68	925.20
488.04	952.60
488.41	947.00
488.77	945.60
489.14	956.20
489.50	961.20
489.86	968.20
490.23	984.60
490.59	979.20
490.96	997.40
491.32	1003.40
491.68	1007.00
492.05	1006.80
492.41	1015.00
492.77	1029.00
493.14	1025.80
493.50	1039.20
493.87	1035.80
494.23	1044.40
494.59	1046.60
494.96	1056.20
495.32	1055.00
495.68	1069.60
496.05	1075.20
496.41	1073.40
496.77	1086.40
497.14	1084.40
497.50	1088.40
497.86	1096.00
498.23	1087.40
498.59	1084.60
498.95	1096.00
499.31	1115.40
499.68	1101.60
500.04	1119.60
500.40	1115.00
500.77	1120.60
501.13	1126.80
501.49	1120.60
501.85	1133.80
502.22	1128.80
502.58	1133.80
502.94	1135.60
503.30	1143.60
503.67	1140.20
504.03	1151.20
504.39	1155.40
504.75	1167.40
505.12	1157.60
505.48	1169.60
505.84	1164.60
506.20	1162.80
506.56	1163.80
506.93	1165.20
507.29	1174.40
507.65	1176.20
508.01	1192.00
508.37	1192.40
508.74	1179.00
509.10	1190.00
509.46	1190.20
509.82	1194.80
510.18	1204.40
510.54	1199.80
510.91	1190.20
511.27	1217.60
511.63	1213.80
511.99	1220.20
512.35	1214.60
512.71	1227.00
513.07	1222.20
513.43	1221.80
513.80	1226.20
514.16	1230.20
514.52	1244.60
514.88	1242.40
515.24	1253.00
515.60	1258.80
515.96	1264.80
516.32	1266.40
516.68	1267.00
517.04	1269.20
517.41	1268.80
517.77	1280.00
518.13	1284.80
518.49	1292.80
518.85	1302.40
519.21	1302.40
519.57	1304.00
519.93	1310.00
520.29	1317.80
520.65	1335.60
521.01	1326.60
521.37	1335.00
521.73	1316.60
522.09	1347.60
522.45	1349.20
522.81	1340.60
523.17	1344.60
523.53	1348.40
523.89	1350.00
524.25	1360.00
524.61	1357.60
524.97	1356.20
525.33	1370.80
525.69	1376.20
526.05	1382.40
526.41	1389.60
526.77	1388.60
527.13	1379.80
527.49	1406.20
527.85	1395.40
528.21	1405.40
528.57	1406.20
528.93	1414.60
529.29	1418.40
529.65	1412.80
530.00	1413.60
530.36	1415.60
530.72	1436.20
531.08	1427.80
531.44	1442.60
531.80	1455.40
532.16	1463.20
532.52	1454.20
532.88	1466.80
533.24	1446.40
533.59	1465.00
533.95	1452.40
534.31	1472.20
534.67	1459.20
535.03	1477.20
535.39	1457.40
535.75	1477.40
536.11	1475.60
536.46	1483.00
536.82	1490.00
537.18	1479.20
537.54	1483.00
537.90	1482.40
538.26	1481.00
538.61	1487.40
538.97	1503.20
539.33	1505.60
539.69	1508.20
540.05	1491.00
540.40	1495.20
540.76	1512.80
541.12	1504.00
541.48	1528.80
541.84	1514.20
542.19	1513.00
542.55	1525.40
542.91	1509.40
543.27	1528.20
543.62	1529.80
543.98	1522.80
544.34	1529.00
544.70	1542.20
545.05	1539.80
545.41	1548.20
545.77	1549.20
546.12	1552.20
546.48	1552.80
546.84	1548.60
547.20	1548.20
547.55	1564.60
547.91	1573.00
548.27	1555.40
548.62	1550.80
548.98	1564.00
549.34	1552.60
549.69	1582.00
550.05	1571.60
550.41	1579.60
550.77	1559.40
551.12	1560.40
551.48	1576.00
551.83	1593.60
552.19	1582.20
552.55	1585.80
552.90	1588.60
553.26	1597.20
553.62	1606.20
553.97	1599.80
554.33	1599.80
554.69	1613.00
555.04	1598.60
555.40	1601.60
555.75	1610.00
556.11	1643.40
556.47	1622.60
556.82	1634.60
557.18	1638.60
557.53	1627.00
557.89	1639.00
558.24	1639.20
558.60	1633.60
558.96	1646.20
559.31	1641.80
559.67	1647.60
560.02	1654.20
560.38	1643.60
560.73	1662.20
561.09	1653.00
561.44	1668.20
561.80	1654.20
562.16	1670.60
562.51	1673.60
562.87	1698.80
563.22	1684.60
563.58	1691.60
563.93	1698.20
564.29	1698.00
564.64	1707.40
565.00	1694.00
565.35	1712.80
565.71	1715.40
566.06	1719.80
566.41	1727.60
566.77	1708.60
567.12	1729.20
567.48	1731.40
567.83	1738.00
568.19	1730.80
568.54	1759.60
568.90	1743.60
569.25	1753.60
569.60	1754.20
569.96	1762.20
570.31	1750.80
570.67	1765.20
571.02	1765.20
571.38	1774.80
571.73	1771.80
572.08	1780.20
572.44	1785.40
572.79	1785.40
573.15	1792.60
573.50	1773.60
573.85	1792.80
574.21	1784.60
574.56	1776.80
574.91	1800.80
575.27	1803.20
575.62	1795.20
575.97	1797.60
576.33	1807.80
576.68	1804.60
577.03	1804.20
577.39	1794.60
577.74	1808.40
578.09	1801.60
578.45	1790.20
578.80	1797.80
579.15	1787.20
579.51	1795.40
579.86	1800.00
580.21	1799.80
580.57	1808.00
580.92	1815.40
581.27	1809.00
581.62	1809.60
581.98	1806.00
582.33	1808.40
582.68	1791.60
583.03	1804.80
583.39	1792.80
583.74	1801.80
584.09	1796.20
584.44	1806.60
584.80	1793.00
585.15	1775.80
585.50	1793.40
585.85	1799.20
586.21	1789.60
586.56	1809.40
586.91	1796.80
587.26	1796.20
587.61	1813.60
587.97	1787.00
588.32	1804.40
588.67	1805.60
589.02	1798.40
589.37	1772.20
589.73	1794.20
590.08	1795.60
590.43	1776.20
590.78	1794.00
591.13	1782.80
591.48	1795.40
591.83	1780.40
592.19	1786.00
592.54	1784.20
592.89	1791.00
593.24	1792.80
593.59	1775.20
593.94	1779.60
594.29	1786.80
594.64	1787.20
595.00	1796.40
595.35	1792.60
595.70	1786.80
596.05	1794.20
596.40	1788.60
596.75	1784.40
597.10	1810.40
597.45	1795.20
597.80	1803.60
598.15	1802.00
598.50	1793.60
598.85	1794.60
599.20	1790.80
599.55	1805.80
599.90	1813.60
600.26	1800.60
600.61	1816.40
600.96	1823.60
601.31	1811.20
601.66	1814.60
602.01	1812.60
602.36	1818.00
602.71	1815.60
603.06	1825.20
603.41	1816.40
603.76	1820.80
604.11	1833.00
604.46	1821.60
604.81	1840.00
605.16	1836.00
605.50	1840.20
605.85	1826.00
606.20	1837.00
606.55	1835.20
606.90	1835.00
607.25	1828.00
607.60	1839.00
607.95	1842.20
608.30	1847.80
608.65	1847.40
609.00	1846.20
609.35	1840.20
609.70	1849.80
610.05	1837.20
610.40	1862.00
610.74	1848.80
611.09	1857.20
611.44	1861.80
611.79	1853.60
612.14	1878.80
612.49	1871.80
612.84	1864.40
613.19	1888.00
613.53	1869.60
613.88	1898.80
614.23	1887.40
614.58	1882.00
614.93	1889.80
615.28	1876.60
615.62	1881.20
615.97	1884.60
616.32	1887.80
616.67	1887.80
617.02	1885.40
617.37	1891.40
617.71	1902.00
618.06	1903.60
618.41	1896.80
618.76	1900.80
619.11	1889.40
619.45	1908.80
619.80	1907.60
620.15	1890.80
620.50	1883.20
620.84	1906.20
621.19	1888.20
621.54	1899.40
621.89	1906.80
622.23	1892.80
622.58	1900.60
622.93	1888.40
623.28	1897.40
623.62	1871.80
623.97	1911.00
624.32	1911.20
624.66	1899.00
625.01	1904.40
625.36	1887.20
625.71	1894.00
626.05	1906.40
626.40	1890.00
626.75	1890.60
627.09	1898.60
627.44	1897.80
627.79	1896.20
628.13	1858.00
628.48	1882.80
628.83	1882.60
629.17	1870.00
629.52	1887.40
629.87	1877.40
630.21	1880.20
630.56	1882.00
630.90	1875.40
631.25	1868.00
631.60	1880.20
631.94	1865.60
632.29	1862.60
632.63	1874.40
632.98	1850.20
633.33	1847.60
633.67	1858.80
634.02	1867.20
634.36	1847.00
634.71	1826.40
635.06	1851.60
635.40	1831.60
635.75	1848.20
636.09	1824.60
636.44	1839.20
636.78	1828.00
637.13	1835.80
637.47	1821.60
637.82	1831.60
638.16	1798.40
638.51	1831.00
638.86	1806.80
639.20	1815.80
639.55	1807.60
639.89	1806.00
640.24	1802.40
640.58	1795.80
640.93	1781.80
641.27	1776.80
641.62	1786.60
641.96	1777.00
642.30	1771.80
642.65	1770.40
642.99	1774.40
643.34	1776.60
643.68	1777.80
644.03	1756.20
644.37	1760.80
644.72	1764.40
645.06	1752.40
645.40	1768.80
645.75	1762.00
646.09	1742.60
646.44	1772.20
646.78	1751.60
647.13	1742.00
647.47	1732.00
647.81	1741.20
648.16	1725.20
648.50	1736.80
648.85	1733.80
649.19	1725.60
649.53	1717.00
649.88	1725.40
650.22	1737.20
650.56	1720.80
650.91	1722.80
651.25	1725.40
651.59	1703.80
651.94	1724.40
652.28	1719.00
652.62	1716.40
652.97	1725.00
653.31	1715.20
653.65	1694.20
654.00	1719.60
654.34	1712.60
654.68	1707.60
655.03	1692.20
655.37	1702.20
655.71	1712.00
656.05	1695.80
656.40	1690.80
656.74	1699.40
657.08	1698.40
657.43	1694.40
657.77	1682.60
658.11	1688.80
658.45	1694.60
658.80	1686.00
659.14	1690.20
659.48	1685.40
659.82	1687.20
660.16	1677.00
660.51	1673.20
660.85	1689.00
661.19	1684.20
661.53	1688.80
661.87	1687.00
662.22	1689.20
662.56	1673.40
662.90	1698.20
663.24	1671.80
663.58	1685.00
663.93	1667.20
664.27	1666.80
664.61	1688.60
664.95	1684.40
665.29	1676.40
665.63	1670.40
665.98	1678.20
666.32	1680.20
666.66	1671.60
667.00	1672.60
667.34	1687.40
667.68	1679.60
668.02	1649.00
668.36	1680.40
668.70	1673.60
669.05	1652.20
669.39	1663.00
669.73	1665.00
670.07	1666.00
670.41	1668.40
670.75	1660.60
671.09	1670.20
671.43	1655.60
671.77	1664.60
672.11	1665.80
672.45	1669.80
672.79	1654.60
673.13	1661.80
673.47	1654.20
673.81	1668.20
674.16	1655.40
674.50	1644.60
674.84	1637.80
675.18	1634.00
675.52	1643.60
675.86	1640.40
676.20	1641.00
676.54	1626.40
676.88	1623.00
677.22	1638.40
677.56	1614.00
677.90	1633.40
678.23	1613.20
678.57	1629.20
678.91	1626.20
679.25	1631.60
679.59	1619.40
679.93	1620.80
680.27	1621.00
680.61	1616.40
680.95	1597.60
681.29	1609.00
681.63	1595.60
681.97	1606.00
682.31	1588.40
682.65	1576.40
682.99	1606.00
683.32	1590.60
683.66	1591.40
684.00	1598.00
684.34	1579.00
684.68	1555.20
685.02	1586.20
685.36	1569.00
685.70	1558.20
686.03	1561.40
686.37	1574.60
686.71	1555.60
687.05	1541.60
687.39	1545.40
687.73	1548.20
688.07	1533.00
688.40	1533.00
688.74	1539.60
689.08	1523.60
689.42	1523.00
689.76	1517.20
690.09	1521.60
690.43	1505.00
690.77	1517.40
691.11	1496.40
691.45	1481.00
691.78	1497.40
692.12	1484.20
692.46	1485.80
692.80	1476.60
693.13	1489.60
693.47	1474.40
693.81	1462.40
694.15	1462.00
694.48	1458.00
694.82	1454.60
695.16	1459.60
695.50	1447.80
695.83	1443.80
696.17	1441.00
696.51	1428.00
696.84	1428.00
697.18	1423.20
697.52	1436.80
697.85	1409.40
698.19	1417.00
698.53	1421.80
698.87	1399.20
699.20	1396.80
699.54	1385.40
699.88	1395.60
700.21	1398.80
700.55	1381.40
700.88	1382.60
701.22	1376.00
701.56	1379.80
701.89	1370.40
702.23	1370.20
702.57	1360.00
702.90	1345.60
703.24	1356.00
703.57	1345.00
703.91	1335.60
704.25	1327.80
704.58	1337.00
704.92	1333.80
705.25	1311.60
705.59	1326.00
705.93	1314.60
706.26	1310.60
706.60	1317.40
706.93	1298.00
707.27	1302.60
707.60	1304.80
707.94	1297.60
708.27	1289.20
708.61	1303.80
708.95	1296.80
709.28	1281.00
709.62	1279.80
709.95	1285.60
710.29	1282.20
710.62	1262.00
710.96	1271.60
711.29	1269.40
711.63	1276.40
711.96	1263.40
712.30	1262.80
712.63	1258.20
712.96	1253.80
713.30	1263.40
713.63	1242.00
713.97	1254.20
714.30	1242.60
714.64	1232.60
714.97	1234.60
715.31	1238.60
715.64	1235.00
715.97	1230.60
716.31	1228.80
716.64	1213.20
716.98	1230.20
717.31	1230.40
717.64	1223.40
717.98	1215.80
718.31	1214.40
718.65	1200.80
718.98	1211.00
719.31	1208.00
719.65	1202.80
719.98	1188.20
720.32	1195.20
720.65	1191.00
720.98	1188.20
721.32	1189.40
721.65	1189.00
721.98	1193.00
722.32	1195.80
722.65	1191.40
722.98	1177.40
723.32	1177.00
723.65	1166.60
723.98	1178.60
724.31	1162.60
724.65	1168.80
724.98	1172.40
725.31	1171.80
725.65	1173.60
725.98	1175.40
726.31	1163.40
726.64	1161.20
726.98	1159.40
727.31	1161.60
727.64	1155.80
727.97	1154.20
728.31	1158.20
728.64	1158.20
728.97	1159.20
729.30	1145.40
729.64	1166.60
729.97	1146.60
730.30	1152.00
730.63	1147.80
730.96	1154.00
731.30	1152.20
731.63	1149.80
731.96	1137.00
732.29	1145.80
732.62	1142.40
732.96	1141.60
733.29	1137.80
733.62	1134.00
733.95	1128.80
734.28	1130.00
734.61	1120.20
734.94	1134.80
735.28	1127.80
735.61	1124.20
735.94	1129.60
736.27	1128.80
736.60	1130.00
736.93	1122.80
737.26	1117.40
737.59	1116.40
737.92	1122.20
738.26	1124.80
738.59	1112.40
738.92	1118.40
739.25	1113.20
739.58	1101.00
739.91	1108.60
740.24	1113.80
740.57	1104.80
740.90	1112.80
741.23	1099.60
741.56	1100.40
741.89	1099.60
742.22	1094.20
742.55	1106.20
742.88	1096.80
743.21	1089.00
743.54	1088.00
743.87	1097.60
744.20	1103.40
744.53	1079.60
744.86	1083.00
745.19	1082.40
745.52	1081.40
745.85	1090.80
746.18	1088.20
746.51	1073.20
746.84	1080.00
747.17	1067.20
747.50	1057.20
747.83	1066.00
748.16	1056.40
748.49	1053.00
748.82	1053.00
749.15	1062.40
749.48	1059.00
749.81	1058.40
750.14	1049.00
750.46	1049.60
750.79	1039.20
751.12	1045.00
751.45	1040.60
751.78	1033.40
752.11	1040.20
752.44	1032.60
752.77	1025.00
753.10	1020.40
753.42	1019.40
753.75	1018.00
754.08	1019.80
754.41	1007.40
754.74	1007.60
755.07	1007.20
755.39	995.40
755.72	1009.80
756.05	990.60
756.38	1004.40
756.71	1002.00
757.04	992.40
757.36	983.60
757.69	990.00
758.02	986.00
758.35	973.80
758.67	973.80
759.00	975.40
759.33	972.40
759.66	961.00
759.99	961.20
760.31	956.60
760.64	961.80
760.97	954.20
761.30	948.60
761.62	952.80
761.95	944.60
762.28	943.80
762.60	926.80
762.93	935.60
763.26	937.00
763.59	925.20
763.91	923.80
764.24	921.80
764.57	925.00
764.89	904.80
765.22	903.00
765.55	910.40
765.87	912.00
766.20	884.60
766.53	889.40
766.85	894.20
767.18	883.20
767.51	884.80
767.83	868.20
768.16	884.00
768.48	869.80
768.81	864.20
769.14	868.60
769.46	857.20
769.79	867.00
770.12	856.80
770.44	848.80
770.77	850.80
771.09	847.40
771.42	832.20
771.74	831.00
772.07	834.40
772.40	820.60
772.72	825.20
773.05	825.80
773.37	817.00
773.70	814.00
774.02	811.20
774.35	810.40
774.67	792.20
775.00	803.60
775.32	804.00
775.65	791.40
775.97	788.80
776.30	785.40
776.63	778.60
776.95	792.20
777.27	778.00
777.60	769.60
777.92	763.20
778.25	777.80
778.57	764.80
778.90	768.20
779.22	753.00
779.55	760.80
779.87	752.40
780.20	750.20
780.52	747.40
780.85	738.00
781.17	736.60
781.49	736.60
781.82	731.60
782.14	723.00
782.47	732.80
782.79	720.40
783.11	713.00
783.44	711.80
783.76	717.40
784.09	701.00
784.41	706.20
784.73	700.60
785.06	697.20
785.38	691.20
785.70	691.60
786.03	691.40
786.35	684.80
786.67	685.60
787.00	686.00
787.32	680.80
787.64	681.60
787.97	680.60
788.29	670.00
788.61	663.00
788.94	673.60
789.26	667.40
789.58	668.40
789.91	663.60
790.23	670.20
790.55	674.00
790.87	655.60
791.20	663.80
791.52	661.80
791.84	660.60
792.16	661.80
792.49	654.80
792.81	655.60
793.13	661.00
793.45	657.80
793.78	666.40
794.10	660.20
794.42	659.20
794.74	649.40
795.06	659.80
795.39	663.40
795.71	655.20
796.03	658.00
796.35	663.80
796.67	654.60
797.00	660.40
797.32	658.40
797.64	654.80
797.96	659.80
798.28	661.20
798.60	667.20
798.93	657.60
799.25	656.40
799.57	662.60
799.89	662.20
800.21	658.20
800.53	655.00
800.85	659.60
801.17	658.20
801.50	663.80
801.82	658.00
802.14	653.80
802.46	652.00
802.78	658.80
803.10	660.60
803.42	653.00
803.74	648.60
804.06	651.80
804.38	657.20
804.70	651.60
805.02	645.20
805.34	647.20
805.66	642.60
805.98	648.20
806.30	655.20
806.62	647.60
806.94	648.20
807.26	641.60
807.58	642.00
807.90	650.40
808.22	650.00
808.54	638.20
808.86	648.60
809.18	642.60
809.50	645.20
809.82	649.60
810.14	637.40
810.46	640.00
810.78	643.80
811.10	645.00
811.42	643.40
811.74	642.80
812.06	646.40
812.38	640.60
812.70	633.40
813.02	631.80
813.34	635.60
813.66	629.60
813.97	629.80
814.29	631.00
814.61	627.60
814.93	635.80
815.25	628.20
815.57	625.00
815.89	626.00
816.21	619.20
816.52	628.20
816.84	622.20
817.16	626.80
817.48	615.60
817.80	618.40
818.12	622.40
818.43	620.20
818.75	622.20
819.07	620.60
819.39	617.60
819.71	613.60
820.03	606.80
820.34	614.00
820.66	615.60
820.98	605.60
821.30	616.20
821.61	602.40
821.93	610.00
822.25	618.00
822.57	608.80
822.88	607.60
823.20	601.60
823.52	596.60
823.84	602.20
824.15	605.20
824.47	599.20
824.79	598.20
825.11	596.80
825.42	598.00
825.74	595.60
826.06	596.80
826.37	598.40
826.69	591.60
827.01	594.20
827.32	591.80
827.64	585.20
827.96	586.80
828.27	595.20
828.59	581.80
828.91	581.60
829.22	586.20
829.54	581.20
829.86	578.60
830.17	585.20
830.49	586.40
830.81	584.80
831.12	581.40
831.44	576.80
831.75	581.00
832.07	575.20
832.39	571.00
832.70	571.80
833.02	569.80
833.33	567.40
833.65	567.40
833.96	575.40
834.28	573.20
834.60	566.00
834.91	564.40
835.23	564.20
835.54	559.20
835.86	568.20
836.17	566.60
836.49	560.20
836.80	559.20
837.12	557.80
837.43	554.00
837.75	555.20
838.06	555.40
838.38	550.40
838.69	553.80
839.01	544.00
839.32	549.60
839.64	544.60
839.95	552.20
840.27	540.60
840.58	543.40
840.90	547.80
841.21	547.20
841.53	541.40
841.84	538.80
842.15	539.40
842.47	538.20
842.78	525.40
843.10	527.00
843.41	527.60
843.72	528.80
844.04	527.40
844.35	522.60
844.67	519.60
844.98	523.20
845.29	521.00
845.61	516.40
845.92	517.00
846.23	512.80
846.55	508.60
846.86	508.80
847.18	508.20
847.49	508.60
847.80	506.60
848.12	507.20
848.43	512.40
848.74	508.80
849.05	505.40
849.37	496.60
849.68	502.00
849.99	493.60
850.31	494.40
850.62	492.60
850.93	489.80
851.24	485.00
851.56	489.40
851.87	488.00
852.18	485.40
852.50	483.00
852.81	487.00
853.12	482.20
853.43	478.40
853.74	475.20
854.06	473.40
854.37	474.80
854.68	468.40
854.99	474.20
855.31	464.80
855.62	461.00
855.93	466.60
856.24	466.80
856.55	461.40
856.87	458.80
857.18	456.20
857.49	452.60
857.80	455.40
858.11	453.20
858.42	444.20
858.73	450.20
859.05	443.00
859.36	438.80
859.67	442.40
859.98	439.80
860.29	439.80
860.60	440.80
860.91	433.20
861.22	431.00
861.54	431.60
861.85	430.80
862.16	429.80
862.47	420.60
862.78	422.60
863.09	411.00
863.40	415.40
863.71	416.60
864.02	412.80
864.33	414.60
864.64	406.80
864.95	411.40
865.26	406.20
865.57	404.20
865.88	403.80
866.19	406.80
866.50	400.60
866.81	395.00
867.12	395.40
867.43	398.20
867.74	393.80
868.05	396.80
868.36	389.00
868.67	392.40
868.98	389.00
869.29	389.40
869.60	382.80
869.91	385.40
870.22	380.40
870.53	379.40
870.84	380.20
871.15	379.60
871.46	373.60
871.77	370.60
872.08	370.20
872.39	371.00
872.69	367.80
873.00	365.40
873.31	360.20
873.62	363.80
873.93	357.00
874.24	359.60
874.55	355.20
874.86	353.40
875.16	354.40
875.47	353.40
875.78	351.40
876.09	351.20
876.40	347.80
876.71	346.80
877.01	343.60
877.32	342.00
877.63	340.60
877.94	340.00
878.25	343.00
878.56	335.60
878.86	334.20
879.17	334.80
879.48	331.20
879.79	331.60
880.09	328.20
880.40	329.00
880.71	325.60
881.02	321.40
881.32	323.80
881.63	320.60
881.94	319.20
882.25	320.80
882.55	320.40
882.86	317.60
883.17	318.00
883.48	319.80
883.78	315.80
884.09	310.20
884.40	311.20
884.70	312.80
885.01	314.00
885.32	307.60
885.62	311.60
885.93	313.00
886.24	310.80
886.54	306.20
886.85	302.60
887.16	307.20
887.46	301.80
887.77	307.40
888.08	305.20
888.38	305.40
888.69	306.80
888.99	299.40
889.30	301.80
889.61	300.60
889.91	304.80
890.22	301.60
890.52	305.40
890.83	304.60
891.14	298.00
891.44	301.00
891.75	303.60
892.05	299.00
892.36	302.80
892.66	299.80
892.97	299.00
893.27	297.60
893.58	300.20
893.89	303.00
894.19	299.00
894.50	300.60
894.80	302.40
895.11	298.00
895.41	303.00
895.72	299.60
896.02	299.80
896.33	298.00
896.63	301.80
896.93	300.20
897.24	296.00
897.54	306.40
897.85	299.60
898.15	299.20
898.46	297.60
898.76	302.80
899.07	303.20
899.37	299.40
899.67	297.40
899.98	299.40
900.28	298.20
900.59	299.40
900.89	298.40
901.19	293.20
901.50	301.80
901.80	302.00
902.11	301.60
902.41	302.40
902.71	299.00
903.02	301.60
903.32	300.20
903.62	294.60
903.93	298.80
904.23	301.40
904.53	302.00
904.84	298.00
905.14	299.40
905.44	298.40
905.75	298.20
906.05	298.60
906.35	301.20
906.66	294.60
906.96	291.60
907.26	298.20
907.56	298.80
907.87	296.80
908.17	295.00
908.47	299.00
908.77	298.40
909.08	293.20
909.38	296.40
909.68	297.80
909.98	292.60
910.29	289.60
910.59	293.00
910.89	295.40
911.19	291.00
911.50	290.60
911.80	290.40
912.10	292.40
912.40	294.00
912.70	288.60
913.00	296.60
913.31	292.00
913.61	288.40
913.91	285.60
914.21	282.60
914.51	289.20
914.81	284.20
915.12	286.40
915.42	285.00
915.72	287.20
916.02	287.80
916.32	285.00
916.62	284.60
916.92	287.60
917.22	285.20
917.52	280.60
917.83	278.00
918.13	280.40
918.43	281.80
918.73	283.40
919.03	279.60
919.33	280.80
919.63	279.80
919.93	276.60
920.23	278.80
920.53	274.80
920.83	276.80
921.13	277.60
921.43	273.60
921.73	271.80
922.03	276.60
922.33	274.40
922.63	271.60
922.93	271.00
923.23	274.40
923.53	271.00
923.83	267.20
924.13	266.00
924.43	265.60
924.73	268.60
925.03	266.20
925.33	264.20
925.63	267.20
925.93	266.00
926.23	265.00
926.53	260.80
926.83	261.80
927.13	263.20
927.42	260.20
927.72	264.20
928.02	262.00
928.32	260.20
928.62	262.20
928.92	260.20
929.22	253.60
929.52	257.40
929.82	259.00
930.11	255.80
930.41	253.80
930.71	258.00
931.01	254.80
931.31	252.60
931.61	255.00
931.90	254.00
932.20	249.40
932.50	249.40
932.80	248.80
933.10	250.80
933.39	246.80
933.69	246.40
933.99	249.80
934.29	246.20
934.59	251.20
934.88	248.60
935.18	247.80
935.48	247.60
935.78	243.40
936.07	245.00
936.37	241.80
936.67	245.20
936.97	244.00
937.26	239.60
937.56	241.60
937.86	243.00
938.15	238.20
938.45	240.20
938.75	237.00
939.05	237.60
939.34	235.20
939.64	238.80
939.94	237.80
940.23	236.60
940.53	234.20
940.83	238.00
941.12	233.00
941.42	230.80
941.71	229.40
942.01	232.40
942.31	229.40
942.60	230.20
942.90	231.20
943.20	225.80
943.49	230.60
943.79	228.60
944.08	226.80
944.38	227.00
944.68	228.40
944.97	224.80
945.27	221.40
945.56	222.00
945.86	223.80
946.15	222.00
946.45	221.00
946.74	217.20
947.04	218.20
947.34	220.00
947.63	216.80
947.93	219.00
948.22	217.00
948.52	212.60
948.81	214.20
949.11	214.20
949.40	210.20
949.70	209.80
949.99	212.20
950.29	214.20
950.58	212.40
950.87	209.80
951.17	210.80
951.46	209.40
951.76	210.40
952.05	206.80
952.35	208.40
952.64	207.00
952.94	208.80
953.23	208.60
953.52	204.20
953.82	206.60
954.11	204.20
954.41	205.40
954.70	203.20
954.99	202.00
955.29	202.40
955.58	199.80
955.87	202.00
956.17	202.00
956.46	199.40
956.76	197.40
957.05	196.80
957.34	197.20
957.64	197.40
957.93	196.40
958.22	194.80
958.52	192.00
958.81	194.80
959.10	196.00
959.39	193.40
959.69	193.40
959.98	192.60
960.27	192.40
960.57	193.20
960.86	188.40
961.15	190.60
961.44	188.80
961.74	188.80
962.03	190.20
962.32	187.40
962.61	185.20
962.91	184.60
963.20	185.80
963.49	187.40
963.78	183.20
964.07	186.60
964.37	184.60
964.66	185.00
964.95	186.60
965.24	184.60
965.53	181.40
965.83	183.40
966.12	180.80
966.41	180.80
966.70	178.60
966.99	178.60
967.28	178.40
967.57	179.60
967.87	177.40
968.16	177.40
968.45	178.60
968.74	177.40
969.03	177.20
969.32	176.80
969.61	176.20
969.90	171.60
970.19	173.20
970.49	173.20
970.78	173.20
971.07	170.00
971.36	174.00
971.65	172.80
971.94	170.80
972.23	169.40
972.52	168.20
972.81	166.80
973.10	168.80
973.39	170.00
973.68	167.60
973.97	167.40
974.26	166.80
974.55	169.40
974.84	166.60
975.13	166.20
975.42	167.20
975.71	166.60
976.00	165.00
976.29	162.40
976.58	161.40
976.87	163.60
977.16	163.40
977.45	162.40
977.74	163.40
978.03	160.00
978.32	161.60
978.60	160.00
978.89	160.20
979.18	158.00
979.47	158.40
979.76	158.00
980.05	157.40
980.34	157.80
980.63	156.20
980.92	156.40
981.20	155.60
981.49	156.40
981.78	157.60
982.07	156.60
982.36	155.80
982.65	155.60
982.94	156.20
983.22	152.20
983.51	154.00
983.80	154.40
984.09	153.20
984.38	153.00
984.66	152.20
984.95	152.00
985.24	152.20
985.53	152.40
985.82	153.20
986.10	151.20
986.39	150.40
986.68	149.80
986.97	150.00
987.25	149.20
987.54	150.00
987.83	150.00
988.12	149.20
988.40	149.60
988.69	148.80
988.98	149.20
989.26	148.00
989.55	149.20
989.84	147.40
990.12	145.00
990.41	147.20
990.70	146.00
990.98	146.00
991.27	145.60
991.56	145.20
991.84	145.00
992.13	143.80
992.42	144.40
992.70	145.00
992.99	144.60
993.28	144.60
993.56	142.80
993.85	141.80
994.13	141.20
994.42	141.80
994.71	141.20
994.99	140.60
995.28	140.60
995.56	142.00
995.85	140.80
996.14	140.00
996.42	140.20
996.71	139.60
996.99	139.40
997.28	141.60
997.56	139.40
997.85	137.80
998.13	138.60
998.42	137.60
998.70	139.00
998.99	138.80
999.27	137.60
999.56	139.20
999.84	136.80
1000.13	136.00
1000.41	135.20
1000.70	136.00
1000.98	137.80
1001.27	136.00
1001.55	135.60
1001.84	136.00
1002.12	135.20
1002.40	134.00
1002.69	134.60
1002.97	134.20
1003.26	133.80
1003.54	135.00
1003.83	134.40
1004.11	135.40
1004.39	134.00
1004.68	135.20
1004.96	134.00
1005.24	132.00
1005.53	133.40
1005.81	134.60
1006.10	134.40
1006.38	133.80
1006.66	132.20
1006.95	132.80
1007.23	132.80
1007.51	134.00
1007.80	134.20
1008.08	132.40
1008.36	132.00
1008.65	133.20
1008.93	132.20
1009.21	131.00
1009.49	129.80
1009.78	130.80
1010.06	132.20
1010.34	131.40
1010.63	130.20
1010.91	130.80
1011.19	131.00
1011.47	129.00
1011.76	130.00
1012.04	131.00
1012.32	130.20
1012.60	130.60
1012.88	130.80
1013.17	129.80
1013.45	129.00
1013.73	128.20
1014.01	127.60
1014.29	130.20
1014.58	129.40
1014.86	128.40
1015.14	129.00
1015.42	127.80
1015.70	126.60
1015.98	127.40
1016.27	128.40
1016.55	127.20
1016.83	126.40
1017.11	127.40
1017.39	128.20
1017.67	127.60
1017.95	127.20
1018.23	126.60
1018.52	126.80
1018.80	124.80
1019.08	125.00
1019.36	125.80
1019.64	125.80
1019.92	126.20
1020.20	125.60
1020.48	124.60
1020.76	124.40
1021.04	126.80
1021.32	125.40
1021.60	124.60
1021.88	125.00
1022.16	124.60
1022.44	123.60
1022.72	123.60
