	0.0	
339.41	0.00
339.79	106.20
340.17	107.40
340.55	108.80
340.94	109.60
341.32	111.20
341.70	112.60
342.08	113.00
342.46	113.80
342.84	114.60
343.22	114.00
343.60	116.20
343.98	116.00
344.36	115.80
344.74	115.40
345.12	115.40
345.50	116.20
345.88	117.00
346.26	116.40
346.64	116.20
347.02	114.80
347.40	115.00
347.78	114.40
348.15	114.40
348.53	115.00
348.91	116.20
349.29	118.80
349.67	119.00
350.05	116.60
350.43	117.40
350.81	119.20
351.19	118.20
351.57	118.60
351.95	119.00
352.33	120.00
352.71	120.20
353.09	121.20
353.47	120.80
353.84	120.40
354.22	119.80
354.60	120.00
354.98	121.20
355.36	120.60
355.74	121.40
356.12	122.00
356.50	122.00
356.88	121.60
357.25	121.20
357.63	121.40
358.01	120.80
358.39	121.80
358.77	121.60
359.15	122.40
359.53	122.00
359.90	121.20
360.28	121.20
360.66	121.20
361.04	122.80
361.42	123.80
361.80	125.00
362.17	123.80
362.55	123.80
362.93	123.40
363.31	124.00
363.69	125.80
364.06	125.60
364.44	124.80
364.82	124.60
365.20	125.00
365.58	125.80
365.95	128.80
366.33	126.60
366.71	127.20
367.09	126.80
367.46	127.60
367.84	127.00
368.22	128.20
368.60	126.80
368.97	127.60
369.35	128.60
369.73	129.20
370.11	128.00
370.48	130.20
370.86	128.40
371.24	128.00
371.62	128.80
371.99	129.00
372.37	129.80
372.75	130.40
373.12	130.40
373.50	131.80
373.88	131.40
374.25	132.80
374.63	133.20
375.01	133.20
375.38	133.80
375.76	133.60
376.14	134.00
376.51	135.60
376.89	135.60
377.27	135.80
377.64	136.20
378.02	137.00
378.40	136.20
378.77	137.80
379.15	139.00
379.53	139.60
379.90	140.40
380.28	139.40
380.66	142.00
381.03	139.60
381.41	140.80
381.78	141.40
382.16	142.60
382.54	141.00
382.91	143.80
383.29	143.80
383.66	146.00
384.04	146.20
384.42	147.20
384.79	146.80
385.17	145.60
385.54	146.60
385.92	148.00
386.29	150.80
386.67	151.60
387.05	152.40
387.42	151.20
387.80	151.00
388.17	153.60
388.55	155.00
388.92	154.60
389.30	154.20
389.67	157.60
390.05	158.80
390.42	159.20
390.80	159.00
391.17	160.40
391.55	161.80
391.92	160.00
392.30	164.40
392.67	165.00
393.05	166.20
393.42	167.20
393.80	166.40
394.17	168.20
394.55	169.80
394.92	168.00
395.30	170.20
395.67	172.00
396.05	172.20
396.42	175.40
396.80	173.20
397.17	178.20
397.55	177.40
397.92	179.20
398.29	183.00
398.67	181.80
399.04	184.60
399.42	185.20
399.79	183.40
400.17	185.40
400.54	187.60
400.91	187.80
401.29	191.20
401.66	192.40
402.04	193.40
402.41	192.40
402.78	194.00
403.16	195.00
403.53	195.60
403.90	200.00
404.28	201.00
404.65	200.00
405.03	200.00
405.40	207.00
405.77	203.20
406.15	202.00
406.52	209.00
406.89	208.40
407.27	207.40
407.64	210.40
408.01	214.60
408.39	215.20
408.76	217.60
409.13	215.40
409.51	221.80
409.88	225.00
410.25	219.20
410.62	225.40
411.00	227.80
411.37	223.20
411.74	223.80
412.12	229.20
412.49	231.80
412.86	238.00
413.23	236.20
413.61	236.80
413.98	241.60
414.35	241.60
414.73	240.40
415.10	237.20
415.47	249.00
415.84	248.00
416.22	245.80
416.59	249.00
416.96	256.20
417.33	254.20
417.70	256.80
418.08	262.00
418.45	261.20
418.82	262.20
419.19	267.80
419.57	275.20
419.94	265.00
420.31	279.00
420.68	271.40
421.05	273.60
421.42	276.00
421.80	277.40
422.17	282.20
422.54	286.80
422.91	284.40
423.28	282.00
423.65	285.60
424.03	291.60
424.40	292.40
424.77	299.00
425.14	299.40
425.51	293.80
425.88	302.80
426.25	302.60
426.63	307.60
427.00	308.20
427.37	317.80
427.74	322.60
428.11	311.00
428.48	320.80
428.85	326.40
429.22	324.20
429.59	328.20
429.97	333.40
430.34	333.20
430.71	335.00
431.08	336.40
431.45	348.20
431.82	347.60
432.19	342.60
432.56	351.60
432.93	354.20
433.30	359.40
433.67	360.60
434.04	362.40
434.41	370.60
434.78	371.80
435.15	372.80
435.52	388.80
435.89	391.00
436.26	391.00
436.63	384.20
437.00	394.60
437.37	392.60
437.74	393.00
438.11	409.00
438.48	403.80
438.85	416.40
439.22	418.20
439.59	429.60
439.96	424.20
440.33	426.20
440.70	437.40
441.07	438.40
441.44	446.80
441.81	433.20
442.18	440.00
442.55	443.80
442.92	458.20
443.29	447.20
443.66	446.00
444.03	454.80
444.40	458.80
444.77	469.60
445.14	466.60
445.51	482.20
445.88	474.80
446.24	472.40
446.61	481.80
446.98	475.20
447.35	494.20
447.72	492.60
448.09	489.80
448.46	484.00
448.83	494.40
449.20	498.20
449.56	494.40
449.93	507.00
450.30	500.80
450.67	522.60
451.04	504.00
451.41	502.00
451.78	521.40
452.14	522.20
452.51	516.40
452.88	515.80
453.25	520.40
453.62	527.00
453.99	527.20
454.35	533.60
454.72	539.40
455.09	548.80
455.46	547.00
455.83	566.20
456.19	560.60
456.56	561.40
456.93	558.00
457.30	568.60
457.66	565.80
458.03	568.60
458.40	572.40
458.77	572.80
459.14	589.00
459.50	584.40
459.87	570.20
460.24	600.00
460.61	596.00
460.97	602.80
461.34	596.00
461.71	601.60
462.07	601.00
462.44	617.00
462.81	634.60
463.18	627.80
463.54	616.40
463.91	648.40
464.28	630.00
464.64	645.00
465.01	645.00
465.38	660.00
465.75	646.20
466.11	665.60
466.48	657.60
466.85	655.20
467.21	662.60
467.58	677.60
467.95	687.60
468.31	683.80
468.68	694.80
469.04	703.20
469.41	722.40
469.78	714.20
470.14	731.80
470.51	727.20
470.88	731.20
471.24	730.60
471.61	754.80
471.98	751.40
472.34	768.20
472.71	778.20
473.07	778.60
473.44	777.80
473.81	791.60
474.17	795.80
474.54	806.80
474.90	812.80
475.27	810.80
475.63	840.80
476.00	832.20
476.37	836.00
476.73	851.00
477.10	876.40
477.46	876.60
477.83	869.60
478.19	883.40
478.56	906.00
478.92	919.60
479.29	924.20
479.65	921.40
480.02	930.60
480.38	954.60
480.75	957.00
481.11	967.40
481.48	979.60
481.84	984.20
482.21	999.60
482.57	1004.00
482.94	1014.60
483.30	1024.40
483.67	1037.40
484.03	1038.80
484.40	1059.20
484.76	1056.60
485.13	1072.80
485.49	1081.60
485.86	1100.60
486.22	1111.40
486.59	1117.60
486.95	1120.00
487.31	1132.20
487.68	1134.40
488.04	1143.80
488.41	1147.80
488.77	1155.00
489.14	1165.40
489.50	1176.00
489.86	1186.80
490.23	1197.20
490.59	1195.80
490.96	1217.40
491.32	1215.20
491.68	1229.80
492.05	1234.00
492.41	1246.20
492.77	1241.00
493.14	1243.20
493.50	1257.40
493.87	1266.40
494.23	1270.60
494.59	1275.80
494.96	1289.40
495.32	1281.60
495.68	1295.20
496.05	1305.20
496.41	1300.60
496.77	1309.60
497.14	1315.00
497.50	1314.40
497.86	1320.40
498.23	1318.60
498.59	1316.20
498.95	1331.80
499.31	1344.40
499.68	1338.80
500.04	1356.00
500.40	1345.60
500.77	1337.80
501.13	1357.40
501.49	1360.00
501.85	1370.60
502.22	1374.20
502.58	1373.80
502.94	1379.80
503.30	1380.60
503.67	1373.60
504.03	1393.20
504.39	1379.20
504.75	1403.00
505.12	1395.60
505.48	1411.40
505.84	1406.20
506.20	1406.20
506.56	1411.20
506.93	1405.00
507.29	1434.80
507.65	1416.40
508.01	1432.60
508.37	1441.00
508.74	1423.80
509.10	1435.20
509.46	1442.40
509.82	1443.00
510.18	1456.00
510.54	1461.40
510.91	1452.80
511.27	1463.60
511.63	1467.60
511.99	1476.60
512.35	1476.60
512.71	1487.40
513.07	1483.40
513.43	1492.60
513.80	1489.60
514.16	1510.20
514.52	1501.40
514.88	1517.60
515.24	1521.20
515.60	1526.60
515.96	1527.20
516.32	1529.20
516.68	1535.00
517.04	1535.40
517.41	1542.00
517.77	1550.80
518.13	1559.80
518.49	1559.80
518.85	1571.60
519.21	1575.40
519.57	1579.00
519.93	1588.80
520.29	1579.80
520.65	1596.40
521.01	1607.00
521.37	1613.80
521.73	1599.00
522.09	1622.00
522.45	1627.60
522.81	1625.60
523.17	1633.60
523.53	1635.00
523.89	1629.00
524.25	1643.80
524.61	1653.60
524.97	1643.60
525.33	1655.60
525.69	1656.40
526.05	1664.40
526.41	1678.40
526.77	1679.60
527.13	1678.80
527.49	1690.20
527.85	1677.60
528.21	1712.80
528.57	1711.80
528.93	1713.80
529.29	1710.00
529.65	1709.00
530.00	1725.00
530.36	1706.60
530.72	1737.80
531.08	1722.00
531.44	1736.20
531.80	1742.80
532.16	1742.60
532.52	1744.20
532.88	1762.40
533.24	1747.20
533.59	1759.80
533.95	1752.60
534.31	1762.60
534.67	1758.80
535.03	1772.40
535.39	1764.00
535.75	1778.80
536.11	1758.80
536.46	1782.40
536.82	1777.80
537.18	1774.80
537.54	1789.00
537.90	1786.00
538.26	1791.20
538.61	1792.80
538.97	1809.00
539.33	1800.80
539.69	1813.20
540.05	1811.00
540.40	1809.40
540.76	1817.40
541.12	1816.40
541.48	1828.60
541.84	1830.60
542.19	1824.00
542.55	1833.60
542.91	1824.80
543.27	1839.60
543.62	1836.20
543.98	1834.20
544.34	1828.80
544.70	1850.60
545.05	1849.60
545.41	1861.60
545.77	1845.60
546.12	1863.60
546.48	1856.00
546.84	1853.60
547.20	1869.60
547.55	1864.60
547.91	1885.40
548.27	1870.80
548.62	1862.20
548.98	1867.40
549.34	1877.40
549.69	1890.00
550.05	1887.80
550.41	1894.00
550.77	1886.00
551.12	1884.00
551.48	1872.20
551.83	1904.80
552.19	1901.80
552.55	1911.40
552.90	1913.80
553.26	1910.80
553.62	1914.80
553.97	1922.20
554.33	1909.20
554.69	1935.00
555.04	1918.00
555.40	1911.00
555.75	1934.20
556.11	1949.40
556.47	1944.20
556.82	1962.60
557.18	1968.80
557.53	1938.60
557.89	1955.20
558.24	1963.00
558.60	1958.60
558.96	1981.80
559.31	1971.00
559.67	1979.60
560.02	1990.80
560.38	1978.60
560.73	1999.60
561.09	2004.80
561.44	2007.20
561.80	1987.20
562.16	2009.60
562.51	2027.80
562.87	2036.60
563.22	2028.20
563.58	2020.20
563.93	2028.40
564.29	2024.00
564.64	2053.20
565.00	2044.00
565.35	2039.00
565.71	2036.00
566.06	2052.00
566.41	2056.80
566.77	2035.40
567.12	2076.80
567.48	2065.40
567.83	2080.40
568.19	2069.80
568.54	2082.20
568.90	2089.40
569.25	2080.80
569.60	2109.40
569.96	2127.20
570.31	2082.20
570.67	2107.40
571.02	2116.80
571.38	2102.80
571.73	2116.60
572.08	2134.20
572.44	2117.80
572.79	2124.40
573.15	2119.40
573.50	2117.40
573.85	2143.80
574.21	2126.60
574.56	2122.00
574.91	2150.20
575.27	2150.20
575.62	2144.80
575.97	2143.00
576.33	2155.20
576.68	2163.40
577.03	2153.80
577.39	2136.60
577.74	2157.40
578.09	2171.40
578.45	2151.60
578.80	2156.20
579.15	2143.60
579.51	2155.40
579.86	2148.80
580.21	2163.80
580.57	2164.00
580.92	2163.20
581.27	2175.00
581.62	2160.20
581.98	2157.60
582.33	2155.80
582.68	2142.60
583.03	2145.60
583.39	2144.80
583.74	2154.40
584.09	2162.00
584.44	2146.40
584.80	2141.80
585.15	2118.80
585.50	2152.40
585.85	2146.60
586.21	2120.20
586.56	2163.40
586.91	2154.80
587.26	2154.40
587.61	2171.40
587.97	2128.60
588.32	2158.60
588.67	2137.80
589.02	2151.00
589.37	2123.80
589.73	2143.60
590.08	2148.60
590.43	2140.60
590.78	2138.60
591.13	2127.60
591.48	2138.20
591.83	2120.80
592.19	2138.60
592.54	2130.00
592.89	2129.40
593.24	2152.40
593.59	2136.00
593.94	2134.20
594.29	2139.20
594.64	2137.00
595.00	2128.20
595.35	2134.80
595.70	2129.80
596.05	2133.80
596.40	2113.20
596.75	2146.00
597.10	2147.00
597.45	2127.80
597.80	2133.40
598.15	2140.00
598.50	2149.00
598.85	2147.60
599.20	2145.80
599.55	2146.20
599.90	2150.20
600.26	2155.00
600.61	2165.20
600.96	2172.20
601.31	2161.60
601.66	2169.60
602.01	2148.60
602.36	2149.80
602.71	2161.60
603.06	2151.60
603.41	2161.80
603.76	2171.60
604.11	2182.20
604.46	2162.40
604.81	2181.60
605.16	2171.40
605.50	2178.40
605.85	2183.00
606.20	2183.60
606.55	2177.80
606.90	2174.40
607.25	2182.00
607.60	2185.40
607.95	2186.20
608.30	2187.80
608.65	2209.60
609.00	2199.20
609.35	2183.40
609.70	2208.20
610.05	2201.00
610.40	2218.80
610.74	2209.80
611.09	2203.40
611.44	2199.40
611.79	2214.40
612.14	2222.40
612.49	2220.40
612.84	2207.20
613.19	2227.00
613.53	2213.00
613.88	2237.40
614.23	2223.80
614.58	2217.80
614.93	2215.40
615.28	2220.00
615.62	2226.40
615.97	2233.00
616.32	2232.60
616.67	2233.20
617.02	2215.60
617.37	2237.80
617.71	2252.00
618.06	2234.60
618.41	2239.80
618.76	2251.00
619.11	2236.80
619.45	2246.60
619.80	2264.60
620.15	2248.40
620.50	2236.00
620.84	2262.80
621.19	2247.40
621.54	2259.60
621.89	2262.80
622.23	2253.20
622.58	2246.40
622.93	2249.80
623.28	2247.60
623.62	2230.80
623.97	2244.00
624.32	2254.40
624.66	2239.80
625.01	2249.60
625.36	2254.80
625.71	2246.00
626.05	2237.40
626.40	2231.60
626.75	2230.60
627.09	2245.80
627.44	2230.00
627.79	2247.60
628.13	2213.40
628.48	2235.80
628.83	2224.60
629.17	2204.00
629.52	2221.60
629.87	2210.20
630.21	2213.60
630.56	2224.00
630.90	2219.40
631.25	2224.40
631.60	2209.40
631.94	2211.60
632.29	2205.20
632.63	2215.40
632.98	2190.40
633.33	2177.20
633.67	2177.20
634.02	2185.80
634.36	2184.80
634.71	2175.20
635.06	2189.00
635.40	2156.80
635.75	2183.60
636.09	2153.00
636.44	2158.60
636.78	2136.20
637.13	2145.40
637.47	2132.20
637.82	2138.80
638.16	2111.60
638.51	2143.60
638.86	2121.00
639.20	2136.80
639.55	2119.80
639.89	2107.20
640.24	2101.20
640.58	2109.00
640.93	2102.60
641.27	2074.00
641.62	2091.80
641.96	2088.40
642.30	2069.40
642.65	2090.60
642.99	2080.40
643.34	2072.80
643.68	2077.40
644.03	2056.20
644.37	2056.00
644.72	2060.60
645.06	2066.20
645.40	2061.00
645.75	2072.40
646.09	2044.40
646.44	2058.20
646.78	2044.20
647.13	2043.00
647.47	2032.40
647.81	2036.00
648.16	2034.00
648.50	2046.20
648.85	2037.40
649.19	2025.00
649.53	2020.60
649.88	2003.60
650.22	2019.00
650.56	2009.60
650.91	2008.20
651.25	2001.40
651.59	2006.00
651.94	2005.40
652.28	2013.60
652.62	2002.00
652.97	2008.20
653.31	2003.80
653.65	2001.60
654.00	1998.00
654.34	1992.80
654.68	2000.80
655.03	1973.80
655.37	1993.40
655.71	2001.00
656.05	1987.40
656.40	1971.60
656.74	1981.60
657.08	1966.00
657.43	1985.40
657.77	1963.20
658.11	1984.40
658.45	1974.20
658.80	1973.80
659.14	1964.60
659.48	1956.20
659.82	1972.00
660.16	1973.40
660.51	1966.80
660.85	1965.60
661.19	1977.80
661.53	1970.60
661.87	1968.60
662.22	1975.60
662.56	1961.60
662.90	1981.60
663.24	1961.40
663.58	1964.00
663.93	1956.80
664.27	1947.60
664.61	1968.00
664.95	1969.60
665.29	1953.40
665.63	1943.00
665.98	1958.00
666.32	1962.80
666.66	1957.00
667.00	1954.00
667.34	1962.40
667.68	1966.60
668.02	1928.40
668.36	1951.40
668.70	1946.80
669.05	1928.80
669.39	1942.80
669.73	1947.20
670.07	1930.00
670.41	1932.00
670.75	1945.20
671.09	1945.60
671.43	1935.80
671.77	1950.20
672.11	1946.20
672.45	1945.00
672.79	1926.40
673.13	1938.00
673.47	1918.60
673.81	1930.40
674.16	1916.80
674.50	1920.40
674.84	1916.40
675.18	1911.20
675.52	1928.00
675.86	1922.40
676.20	1923.40
676.54	1909.80
676.88	1904.80
677.22	1903.20
677.56	1890.60
677.90	1908.40
678.23	1887.60
678.57	1895.00
678.91	1905.20
679.25	1896.00
679.59	1899.80
679.93	1885.20
680.27	1884.40
680.61	1881.40
680.95	1874.40
681.29	1878.80
681.63	1849.00
681.97	1869.80
682.31	1859.00
682.65	1865.60
682.99	1875.40
683.32	1850.20
683.66	1854.20
684.00	1850.00
684.34	1861.40
684.68	1820.40
685.02	1849.40
685.36	1832.20
685.70	1838.60
686.03	1828.20
686.37	1831.80
686.71	1823.80
687.05	1809.20
687.39	1815.20
687.73	1817.40
688.07	1795.80
688.40	1805.60
688.74	1787.20
689.08	1782.60
689.42	1791.80
689.76	1776.00
690.09	1780.00
690.43	1768.80
690.77	1790.20
691.11	1750.60
691.45	1747.40
691.78	1764.40
692.12	1737.80
692.46	1744.40
692.80	1726.20
693.13	1739.40
693.47	1730.60
693.81	1717.60
694.15	1725.20
694.48	1702.20
694.82	1698.00
695.16	1700.00
695.50	1709.80
695.83	1684.00
696.17	1685.00
696.51	1671.80
696.84	1661.80
697.18	1668.20
697.52	1673.40
697.85	1645.80
698.19	1647.80
698.53	1654.40
698.87	1632.40
699.20	1632.60
699.54	1613.20
699.88	1622.60
700.21	1610.00
700.55	1615.80
700.88	1601.60
701.22	1588.60
701.56	1593.60
701.89	1590.00
702.23	1583.80
702.57	1582.20
702.90	1565.00
703.24	1574.20
703.57	1560.60
703.91	1552.60
704.25	1558.40
704.58	1555.00
704.92	1541.80
705.25	1544.00
705.59	1548.20
705.93	1539.80
706.26	1525.80
706.60	1527.20
706.93	1516.00
707.27	1500.20
707.60	1511.40
707.94	1501.40
708.27	1502.60
708.61	1504.40
708.95	1484.40
709.28	1481.40
709.62	1484.80
709.95	1493.20
710.29	1482.60
710.62	1479.80
710.96	1473.40
711.29	1458.80
711.63	1468.20
711.96	1457.60
712.30	1457.00
712.63	1463.20
712.96	1435.40
713.30	1448.80
713.63	1437.20
713.97	1448.00
714.30	1442.20
714.64	1425.80
714.97	1433.60
715.31	1429.20
715.64	1414.40
715.97	1429.20
716.31	1424.80
716.64	1407.20
716.98	1414.60
717.31	1424.60
717.64	1416.60
717.98	1407.60
718.31	1413.00
718.65	1389.00
718.98	1391.80
719.31	1404.80
719.65	1400.20
719.98	1399.60
720.32	1397.20
720.65	1405.20
720.98	1391.40
721.32	1384.00
721.65	1386.40
721.98	1385.80
722.32	1382.40
722.65	1373.00
722.98	1362.60
723.32	1374.20
723.65	1376.00
723.98	1361.40
724.31	1361.40
724.65	1377.20
724.98	1368.60
725.31	1359.80
725.65	1374.00
725.98	1356.40
726.31	1362.20
726.64	1350.80
726.98	1353.60
727.31	1337.20
727.64	1358.00
727.97	1339.60
728.31	1344.00
728.64	1349.00
728.97	1332.00
729.30	1338.60
729.64	1353.80
729.97	1336.80
730.30	1338.00
730.63	1338.80
730.96	1341.20
731.30	1339.00
731.63	1333.00
731.96	1328.20
732.29	1332.80
732.62	1331.60
732.96	1322.00
733.29	1320.00
733.62	1329.80
733.95	1315.00
734.28	1314.80
734.61	1306.20
734.94	1317.60
735.28	1316.60
735.61	1303.40
735.94	1304.40
736.27	1309.00
736.60	1300.80
736.93	1300.80
737.26	1290.20
737.59	1287.60
737.92	1293.60
738.26	1288.80
738.59	1282.60
738.92	1288.80
739.25	1289.00
739.58	1280.40
739.91	1286.20
740.24	1289.40
740.57	1282.20
740.90	1285.20
741.23	1271.80
741.56	1271.40
741.89	1279.00
742.22	1260.60
742.55	1275.00
742.88	1266.60
743.21	1253.60
743.54	1263.00
743.87	1265.00
744.20	1263.00
744.53	1253.40
744.86	1259.40
745.19	1247.60
745.52	1251.00
745.85	1258.60
746.18	1245.00
746.51	1238.40
746.84	1243.40
747.17	1226.60
747.50	1222.60
747.83	1223.80
748.16	1230.60
748.49	1230.80
748.82	1223.20
749.15	1224.60
749.48	1221.40
749.81	1217.60
750.14	1199.40
750.46	1210.80
750.79	1202.20
751.12	1208.20
751.45	1213.00
751.78	1194.00
752.11	1205.60
752.44	1203.20
752.77	1193.60
753.10	1182.60
753.42	1190.20
753.75	1174.20
754.08	1175.40
754.41	1166.60
754.74	1158.20
755.07	1161.20
755.39	1152.60
755.72	1161.00
756.05	1155.20
756.38	1154.80
756.71	1150.80
757.04	1147.40
757.36	1140.60
757.69	1135.00
758.02	1141.60
758.35	1122.20
758.67	1124.40
759.00	1127.00
759.33	1118.00
759.66	1109.20
759.99	1103.60
760.31	1107.00
760.64	1100.20
760.97	1101.40
761.30	1094.60
761.62	1097.80
761.95	1091.40
762.28	1086.20
762.60	1072.80
762.93	1072.00
763.26	1067.80
763.59	1068.60
763.91	1063.40
764.24	1053.20
764.57	1054.80
764.89	1048.20
765.22	1038.00
765.55	1037.60
765.87	1037.20
766.20	1019.60
766.53	1018.60
766.85	1020.20
767.18	1014.60
767.51	1014.40
767.83	1005.40
768.16	998.40
768.48	999.60
768.81	994.60
769.14	994.00
769.46	990.00
769.79	987.00
770.12	973.00
770.44	974.80
770.77	975.60
771.09	960.00
771.42	958.40
771.74	947.40
772.07	954.40
772.40	946.60
772.72	946.00
773.05	944.80
773.37	929.80
773.70	928.60
774.02	921.20
774.35	918.20
774.67	898.60
775.00	903.60
775.32	902.80
775.65	897.00
775.97	903.40
776.30	890.60
776.63	886.20
776.95	890.00
777.27	882.20
777.60	878.80
777.92	868.80
778.25	877.20
778.57	859.80
778.90	868.80
779.22	850.40
779.55	860.40
779.87	852.60
780.20	851.20
780.52	842.00
780.85	839.20
781.17	837.40
781.49	830.20
781.82	826.60
782.14	828.20
782.47	817.00
782.79	823.80
783.11	815.80
783.44	800.20
783.76	804.20
784.09	795.20
784.41	799.60
784.73	791.40
785.06	786.20
785.38	788.60
785.70	788.60
786.03	784.40
786.35	778.00
786.67	770.20
787.00	779.80
787.32	770.40
787.64	776.00
787.97	759.20
788.29	756.00
788.61	765.80
788.94	760.20
789.26	760.40
789.58	749.00
789.91	752.60
790.23	758.80
790.55	756.00
790.87	739.60
791.20	747.60
791.52	747.80
791.84	751.20
792.16	749.20
792.49	739.00
792.81	737.80
793.13	748.80
793.45	746.60
793.78	752.00
794.10	736.00
794.42	737.60
794.74	741.60
795.06	743.00
795.39	744.80
795.71	744.40
796.03	747.40
796.35	742.60
796.67	742.60
797.00	742.40
797.32	750.00
797.64	746.20
797.96	748.00
798.28	756.20
798.60	760.60
798.93	740.80
799.25	747.20
799.57	750.60
799.89	744.80
800.21	749.40
800.53	746.60
800.85	752.60
801.17	744.20
801.50	750.20
801.82	743.60
802.14	749.40
802.46	737.60
802.78	751.00
803.10	748.60
803.42	744.40
803.74	744.20
804.06	743.20
804.38	747.80
804.70	734.80
805.02	735.20
805.34	744.60
805.66	736.00
805.98	742.20
806.30	744.00
806.62	739.00
806.94	741.80
807.26	740.80
807.58	732.20
807.90	737.40
808.22	736.60
808.54	733.40
808.86	737.00
809.18	733.00
809.50	735.00
809.82	730.60
810.14	724.80
810.46	732.20
810.78	728.20
811.10	731.00
811.42	730.40
811.74	725.80
812.06	734.40
812.38	734.00
812.70	724.40
813.02	721.20
813.34	727.40
813.66	720.20
813.97	721.00
814.29	714.80
814.61	715.20
814.93	715.20
815.25	716.40
815.57	714.40
815.89	720.00
816.21	703.60
816.52	715.80
816.84	706.20
817.16	716.80
817.48	708.80
817.80	707.40
818.12	707.80
818.43	703.00
818.75	710.00
819.07	702.80
819.39	702.40
819.71	699.60
820.03	698.00
820.34	696.00
820.66	698.00
820.98	698.00
821.30	700.40
821.61	687.00
821.93	700.40
822.25	692.80
822.57	691.00
822.88	692.60
823.20	685.00
823.52	680.20
823.84	684.00
824.15	684.60
824.47	681.80
824.79	689.80
825.11	685.40
825.42	679.20
825.74	675.60
826.06	684.20
826.37	677.60
826.69	670.20
827.01	675.80
827.32	666.40
827.64	670.20
827.96	669.00
828.27	674.60
828.59	669.20
828.91	658.40
829.22	661.60
829.54	661.20
829.86	662.80
830.17	658.00
830.49	663.40
830.81	655.00
831.12	661.80
831.44	657.20
831.75	657.20
832.07	654.40
832.39	652.20
832.70	643.40
833.02	652.00
833.33	648.00
833.65	644.40
833.96	648.20
834.28	649.00
834.60	646.20
834.91	640.20
835.23	636.60
835.54	633.80
835.86	630.00
836.17	634.60
836.49	626.40
836.80	635.40
837.12	626.20
837.43	630.60
837.75	620.20
838.06	636.00
838.38	621.20
838.69	624.60
839.01	617.80
839.32	617.20
839.64	622.40
839.95	624.60
840.27	621.20
840.58	615.80
840.90	615.20
841.21	618.40
841.53	611.20
841.84	604.60
842.15	611.40
842.47	610.40
842.78	601.20
843.10	596.60
843.41	603.80
843.72	599.60
844.04	595.80
844.35	594.20
844.67	588.60
844.98	595.40
845.29	585.80
845.61	586.00
845.92	580.00
846.23	584.40
846.55	588.00
846.86	584.80
847.18	577.60
847.49	574.20
847.80	584.00
848.12	573.60
848.43	577.00
848.74	573.00
849.05	566.40
849.37	566.80
849.68	560.60
849.99	551.40
850.31	557.80
850.62	556.60
850.93	557.80
851.24	559.20
851.56	552.40
851.87	546.80
852.18	548.60
852.50	546.80
852.81	554.80
853.12	541.60
853.43	536.80
853.74	539.80
854.06	537.20
854.37	540.00
854.68	526.40
854.99	529.40
855.31	526.60
855.62	524.40
855.93	519.40
856.24	520.00
856.55	517.20
856.87	512.00
857.18	513.20
857.49	507.80
857.80	509.20
858.11	499.00
858.42	501.00
858.73	501.40
859.05	497.80
859.36	494.40
859.67	486.20
859.98	486.40
860.29	484.00
860.60	485.00
860.91	483.20
861.22	478.80
861.54	479.40
861.85	479.00
862.16	477.40
862.47	472.80
862.78	469.80
863.09	468.20
863.40	467.20
863.71	470.40
864.02	467.40
864.33	461.20
864.64	460.80
864.95	458.60
865.26	447.40
865.57	452.20
865.88	452.80
866.19	452.40
866.50	446.80
866.81	443.40
867.12	437.60
867.43	442.80
867.74	440.40
868.05	438.80
868.36	434.60
868.67	434.80
868.98	433.80
869.29	427.20
869.60	430.60
869.91	426.60
870.22	424.40
870.53	429.40
870.84	417.20
871.15	414.40
871.46	415.20
871.77	413.80
872.08	414.20
872.39	410.40
872.69	404.40
873.00	404.20
873.31	405.20
873.62	402.40
873.93	401.00
874.24	399.00
874.55	394.40
874.86	395.40
875.16	394.60
875.47	393.40
875.78	387.40
876.09	391.00
876.40	386.00
876.71	384.80
877.01	384.80
877.32	379.80
877.63	377.80
877.94	375.20
878.25	373.40
878.56	371.20
878.86	372.00
879.17	367.00
879.48	364.40
879.79	367.60
880.09	365.60
880.40	364.20
880.71	361.40
881.02	358.80
881.32	356.80
881.63	349.40
881.94	356.20
882.25	360.20
882.55	352.80
882.86	351.80
883.17	348.20
883.48	347.60
883.78	343.40
884.09	345.40
884.40	344.60
884.70	342.20
885.01	341.40
885.32	343.00
885.62	345.00
885.93	343.60
886.24	340.20
886.54	338.00
886.85	336.20
887.16	342.80
887.46	336.80
887.77	337.60
888.08	333.80
888.38	333.80
888.69	334.00
888.99	329.60
889.30	334.80
889.61	332.20
889.91	333.80
890.22	326.40
890.52	334.40
890.83	331.00
891.14	332.00
891.44	326.80
891.75	330.80
892.05	328.00
892.36	334.40
892.66	327.60
892.97	330.20
893.27	329.80
893.58	324.60
893.89	332.80
894.19	330.40
894.50	326.60
894.80	333.80
895.11	328.00
895.41	331.40
895.72	328.80
896.02	327.80
896.33	331.40
896.63	329.40
896.93	328.00
897.24	327.00
897.54	329.80
897.85	327.40
898.15	328.20
898.46	327.00
898.76	327.00
899.07	323.20
899.37	327.80
899.67	327.00
899.98	329.60
900.28	328.20
900.59	328.60
900.89	320.80
901.19	327.00
901.50	327.20
901.80	330.20
902.11	327.00
902.41	324.60
902.71	330.20
903.02	330.00
903.32	330.00
903.62	325.40
903.93	331.60
904.23	329.40
904.53	334.60
904.84	331.60
905.14	325.00
905.44	322.60
905.75	326.20
906.05	329.20
906.35	328.00
906.66	324.00
906.96	326.00
907.26	323.80
907.56	327.60
907.87	323.00
908.17	324.60
908.47	323.80
908.77	320.40
909.08	320.40
909.38	327.20
909.68	330.40
909.98	324.00
910.29	323.40
910.59	319.80
910.89	326.40
911.19	323.60
911.50	318.40
911.80	319.60
912.10	315.60
912.40	323.80
912.70	317.20
913.00	318.80
913.31	317.20
913.61	319.40
913.91	313.60
914.21	315.00
914.51	312.20
914.81	316.60
915.12	314.00
915.42	314.40
915.72	312.80
916.02	310.40
916.32	309.60
916.62	306.20
916.92	310.80
917.22	310.80
917.52	309.60
917.83	302.40
918.13	306.20
918.43	307.20
918.73	302.60
919.03	303.20
919.33	308.40
919.63	301.00
919.93	303.80
920.23	300.40
920.53	296.80
920.83	298.00
921.13	299.80
921.43	296.80
921.73	296.00
922.03	295.20
922.33	298.00
922.63	291.80
922.93	295.40
923.23	292.20
923.53	296.00
923.83	294.60
924.13	288.60
924.43	290.60
924.73	293.60
925.03	287.80
925.33	290.40
925.63	290.20
925.93	286.60
926.23	285.00
926.53	284.80
926.83	286.60
927.13	285.80
927.42	284.00
927.72	281.80
928.02	284.20
928.32	285.20
928.62	285.00
928.92	278.20
929.22	277.80
929.52	279.00
929.82	276.60
930.11	276.60
930.41	277.60
930.71	275.80
931.01	270.60
931.31	277.20
931.61	273.80
931.90	271.80
932.20	272.40
932.50	270.60
932.80	272.80
933.10	266.60
933.39	266.40
933.69	269.60
933.99	268.80
934.29	267.40
934.59	265.40
934.88	270.40
935.18	261.80
935.48	262.60
935.78	261.60
936.07	264.00
936.37	260.40
936.67	261.40
936.97	259.40
937.26	259.40
937.56	261.20
937.86	257.60
938.15	257.20
938.45	255.60
938.75	256.40
939.05	256.80
939.34	254.00
939.64	248.00
939.94	247.60
940.23	248.80
940.53	252.40
940.83	249.20
941.12	250.00
941.42	250.00
941.71	248.60
942.01	246.00
942.31	246.20
942.60	242.00
942.90	247.00
943.20	243.40
943.49	247.20
943.79	244.00
944.08	244.60
944.38	243.80
944.68	241.80
944.97	240.20
945.27	235.00
945.56	237.40
945.86	237.80
946.15	237.00
946.45	237.60
946.74	232.20
947.04	234.00
947.34	231.20
947.63	232.60
947.93	230.20
948.22	230.40
948.52	230.40
948.81	226.40
949.11	229.20
949.40	223.80
949.70	221.60
949.99	222.60
950.29	223.40
950.58	223.40
950.87	224.80
951.17	217.60
951.46	223.60
951.76	220.00
952.05	219.60
952.35	219.20
952.64	218.20
952.94	221.00
953.23	220.80
953.52	218.60
953.82	218.00
954.11	216.20
954.41	219.20
954.70	213.80
954.99	216.80
955.29	211.00
955.58	215.00
955.87	213.80
956.17	213.00
956.46	211.80
956.76	209.20
957.05	211.20
957.34	209.00
957.64	208.20
957.93	205.60
958.22	209.00
958.52	206.20
958.81	206.20
959.10	204.20
959.39	203.40
959.69	201.80
959.98	203.40
960.27	202.40
960.57	201.60
960.86	202.80
961.15	203.40
961.44	196.00
961.74	199.00
962.03	199.40
962.32	199.60
962.61	195.80
962.91	193.60
963.20	196.60
963.49	195.40
963.78	194.80
964.07	191.80
964.37	191.60
964.66	194.20
964.95	191.00
965.24	193.60
965.53	187.40
965.83	187.60
966.12	188.40
966.41	191.60
966.70	188.40
966.99	187.60
967.28	186.80
967.57	187.20
967.87	184.40
968.16	185.40
968.45	185.00
968.74	186.40
969.03	181.60
969.32	178.80
969.61	178.80
969.90	182.20
970.19	181.60
970.49	178.60
970.78	181.60
971.07	177.80
971.36	178.20
971.65	180.20
971.94	173.20
972.23	176.80
972.52	177.80
972.81	174.60
973.10	174.60
973.39	175.00
973.68	173.80
973.97	175.60
974.26	171.60
974.55	172.80
974.84	173.00
975.13	174.20
975.42	172.60
975.71	171.60
976.00	170.60
976.29	168.00
976.58	170.00
976.87	168.80
977.16	167.20
977.45	169.20
977.74	166.60
978.03	165.80
978.32	167.60
978.60	164.60
978.89	164.00
979.18	166.00
979.47	163.40
979.76	163.80
980.05	164.40
980.34	164.60
980.63	161.40
980.92	160.60
981.20	160.60
981.49	161.40
981.78	161.80
982.07	159.20
982.36	158.60
982.65	158.00
982.94	159.60
983.22	160.60
983.51	160.60
983.80	159.60
984.09	157.00
984.38	158.00
984.66	157.60
984.95	159.00
985.24	157.60
985.53	158.20
985.82	156.40
986.10	154.60
986.39	157.60
986.68	153.60
986.97	154.60
987.25	156.20
987.54	151.80
987.83	152.40
988.12	152.20
988.40	150.20
988.69	151.40
988.98	151.00
989.26	152.00
989.55	153.80
989.84	150.60
990.12	150.60
990.41	149.80
990.70	150.60
990.98	150.40
991.27	148.60
991.56	149.60
991.84	150.20
992.13	148.00
992.42	148.00
992.70	146.60
992.99	145.60
993.28	146.80
993.56	146.60
993.85	148.00
994.13	147.40
994.42	144.40
994.71	145.40
994.99	145.00
995.28	143.60
995.56	144.80
995.85	146.40
996.14	143.60
996.42	143.60
996.71	141.20
996.99	141.20
997.28	141.80
997.56	140.60
997.85	141.40
998.13	142.80
998.42	140.00
998.70	141.00
998.99	142.40
999.27	142.80
999.56	141.40
999.84	140.80
1000.13	139.80
1000.41	140.20
1000.70	138.80
1000.98	140.20
1001.27	139.40
1001.55	139.20
1001.84	139.60
1002.12	139.60
1002.40	137.40
1002.69	138.20
1002.97	138.20
1003.26	137.40
1003.54	137.00
1003.83	135.60
1004.11	137.00
1004.39	137.00
1004.68	135.60
1004.96	135.60
1005.24	137.60
1005.53	135.80
1005.81	136.20
1006.10	137.20
1006.38	134.80
1006.66	135.40
1006.95	134.20
1007.23	133.20
1007.51	134.00
1007.80	133.60
1008.08	132.40
1008.36	134.60
1008.65	132.80
1008.93	134.60
1009.21	134.00
1009.49	133.80
1009.78	132.80
1010.06	131.20
1010.34	131.60
1010.63	132.60
1010.91	132.20
1011.19	131.80
1011.47	129.60
1011.76	129.80
1012.04	133.20
1012.32	133.20
1012.60	132.80
1012.88	130.20
1013.17	130.40
1013.45	131.20
1013.73	130.20
1014.01	129.20
1014.29	130.60
1014.58	131.60
1014.86	130.80
1015.14	130.80
1015.42	129.80
1015.70	128.60
1015.98	129.80
1016.27	129.40
1016.55	130.20
1016.83	130.40
1017.11	128.60
1017.39	128.00
1017.67	130.00
1017.95	128.60
1018.23	127.80
1018.52	129.80
1018.80	129.20
1019.08	129.60
1019.36	127.60
1019.64	126.60
1019.92	128.60
1020.20	128.60
1020.48	129.80
1020.76	129.00
1021.04	127.80
1021.32	126.40
1021.60	127.00
1021.88	125.60
1022.16	126.00
1022.44	126.40
1022.72	126.20
