	0.0	
339.41	0.00
339.79	106.20
340.17	106.80
340.55	108.20
340.94	110.00
341.32	110.00
341.70	110.60
342.08	112.20
342.46	112.60
342.84	114.00
343.22	114.80
343.60	114.00
343.98	114.00
344.36	115.20
344.74	115.40
345.12	114.80
345.50	114.80
345.88	115.20
346.26	115.60
346.64	116.00
347.02	115.20
347.40	114.60
347.78	114.00
348.15	114.00
348.53	114.20
348.91	116.80
349.29	118.00
349.67	119.20
350.05	118.80
350.43	119.20
350.81	119.00
351.19	118.60
351.57	120.80
351.95	120.40
352.33	121.40
352.71	120.60
353.09	120.40
353.47	120.60
353.84	121.20
354.22	121.80
354.60	121.80
354.98	121.80
355.36	123.00
355.74	122.80
356.12	122.60
356.50	121.60
356.88	122.20
357.25	123.40
357.63	123.00
358.01	123.40
358.39	124.00
358.77	124.80
359.15	125.00
359.53	124.00
359.90	124.40
360.28	125.40
360.66	125.20
361.04	125.00
361.42	126.00
361.80	125.80
362.17	127.00
362.55	127.20
362.93	128.00
363.31	128.00
363.69	128.60
364.06	127.80
364.44	126.20
364.82	126.80
365.20	128.00
365.58	130.20
365.95	129.80
366.33	129.60
366.71	127.60
367.09	127.40
367.46	127.00
367.84	128.60
368.22	128.40
368.60	128.40
368.97	129.20
369.35	131.40
369.73	132.00
370.11	130.80
370.48	131.20
370.86	134.20
371.24	135.20
371.62	134.00
371.99	135.20
372.37	135.80
372.75	135.80
373.12	136.20
373.50	134.60
373.88	136.00
374.25	136.20
374.63	138.40
375.01	137.80
375.38	137.20
375.76	139.40
376.14	137.40
376.51	139.60
376.89	140.40
377.27	143.20
377.64	142.20
378.02	141.40
378.40	141.40
378.77	144.00
379.15	142.40
379.53	143.80
379.90	144.80
380.28	146.00
380.66	146.20
381.03	148.00
381.41	150.00
381.78	148.00
382.16	149.60
382.54	151.20
382.91	150.20
383.29	153.40
383.66	153.60
384.04	154.60
384.42	155.00
384.79	154.80
385.17	155.00
385.54	157.40
385.92	156.60
386.29	157.80
386.67	158.00
387.05	160.00
387.42	163.80
387.80	162.80
388.17	164.60
388.55	165.60
388.92	167.60
389.30	167.00
389.67	166.00
390.05	170.00
390.42	170.20
390.80	170.40
391.17	174.80
391.55	174.80
391.92	176.00
392.30	176.60
392.67	175.60
393.05	180.60
393.42	183.60
393.80	180.60
394.17	180.60
394.55	185.60
394.92	183.60
395.30	185.40
395.67	187.60
396.05	191.80
396.42	192.60
396.80	195.20
397.17	195.00
397.55	194.80
397.92	199.00
398.29	201.20
398.67	196.20
399.04	200.80
399.42	204.00
399.79	208.00
400.17	205.40
400.54	208.60
400.91	212.00
401.29	210.60
401.66	211.80
402.04	214.40
402.41	213.20
402.78	216.60
403.16	218.00
403.53	221.20
403.90	222.60
404.28	223.80
404.65	226.40
405.03	225.40
405.40	227.40
405.77	229.60
406.15	231.00
406.52	234.00
406.89	237.80
407.27	232.80
407.64	238.40
408.01	239.20
408.39	243.40
408.76	249.00
409.13	245.00
409.51	249.60
409.88	251.40
410.25	253.80
410.62	251.80
411.00	260.60
411.37	258.40
411.74	255.60
412.12	266.60
412.49	262.40
412.86	269.20
413.23	268.80
413.61	271.00
413.98	277.80
414.35	278.60
414.73	274.60
415.10	277.20
415.47	283.60
415.84	284.40
416.22	280.80
416.59	287.40
416.96	292.80
417.33	289.60
417.70	297.40
418.08	304.40
418.45	301.40
418.82	304.60
419.19	312.20
419.57	318.40
419.94	309.80
420.31	323.40
420.68	319.60
421.05	316.20
421.42	322.00
421.80	326.40
422.17	327.00
422.54	333.40
422.91	329.60
423.28	327.40
423.65	341.80
424.03	341.80
424.40	342.60
424.77	347.60
425.14	346.80
425.51	352.40
425.88	360.60
426.25	357.60
426.63	366.20
427.00	364.80
427.37	370.00
427.74	382.00
428.11	370.20
428.48	385.60
428.85	386.20
429.22	381.80
429.59	392.80
429.97	395.00
430.34	396.00
430.71	399.20
431.08	403.20
431.45	415.60
431.82	414.60
432.19	414.40
432.56	416.20
432.93	428.00
433.30	428.00
433.67	434.80
434.04	433.20
434.41	439.60
434.78	438.40
435.15	445.40
435.52	460.80
435.89	466.00
436.26	464.60
436.63	463.00
437.00	474.00
437.37	473.60
437.74	472.20
438.11	488.40
438.48	485.20
438.85	502.00
439.22	513.00
439.59	513.40
439.96	506.80
440.33	517.00
440.70	530.40
441.07	528.00
441.44	545.00
441.81	528.40
442.18	531.60
442.55	538.00
442.92	543.20
443.29	544.00
443.66	538.00
444.03	554.20
444.40	559.80
444.77	567.60
445.14	566.80
445.51	581.00
445.88	572.40
446.24	578.20
446.61	589.80
446.98	579.00
447.35	598.20
447.72	597.20
448.09	595.60
448.46	587.80
448.83	598.80
449.20	599.80
449.56	604.60
449.93	615.20
450.30	608.20
450.67	635.20
451.04	607.40
451.41	609.00
451.78	639.80
452.14	624.00
452.51	635.00
452.88	632.80
453.25	635.20
453.62	650.00
453.99	640.00
454.35	644.80
454.72	664.40
455.09	663.20
455.46	667.80
455.83	680.20
456.19	682.00
456.56	684.80
456.93	692.40
457.30	693.40
457.66	695.20
458.03	710.40
458.40	697.20
458.77	709.00
459.14	724.60
459.50	714.80
459.87	703.80
460.24	729.80
460.61	732.20
460.97	736.20
461.34	728.40
461.71	742.40
462.07	736.60
462.44	765.20
462.81	782.20
463.18	781.20
463.54	768.40
463.91	797.40
464.28	782.60
464.64	791.60
465.01	789.20
465.38	821.00
465.75	793.00
466.11	816.00
466.48	818.40
466.85	809.80
467.21	815.20
467.58	831.80
467.95	840.60
468.31	852.20
468.68	861.20
469.04	874.80
469.41	898.20
469.78	884.40
470.14	898.40
470.51	898.60
470.88	919.60
471.24	918.00
471.61	943.60
471.98	932.60
472.34	951.20
472.71	971.20
473.07	974.80
473.44	976.40
473.81	988.80
474.17	984.80
474.54	1011.80
474.90	1011.40
475.27	1019.40
475.63	1033.00
476.00	1039.40
476.37	1050.00
476.73	1054.00
477.10	1093.40
477.46	1098.20
477.83	1092.20
478.19	1111.60
478.56	1131.60
478.92	1150.40
479.29	1150.80
479.65	1153.40
480.02	1163.00
480.38	1190.20
480.75	1199.40
481.11	1207.40
481.48	1232.60
481.84	1226.80
482.21	1245.00
482.57	1257.80
482.94	1273.00
483.30	1285.60
483.67	1300.60
484.03	1303.80
484.40	1319.00
484.76	1325.20
485.13	1341.40
485.49	1361.80
485.86	1366.00
486.22	1376.00
486.59	1392.80
486.95	1396.40
487.31	1412.80
487.68	1416.20
488.04	1442.80
488.41	1454.00
488.77	1436.60
489.14	1473.20
489.50	1470.80
489.86	1489.20
490.23	1480.60
490.59	1502.00
490.96	1517.60
491.32	1521.80
491.68	1539.60
492.05	1542.40
492.41	1558.80
492.77	1569.80
493.14	1560.20
493.50	1582.60
493.87	1581.60
494.23	1593.40
494.59	1596.60
494.96	1616.00
495.32	1615.40
495.68	1623.40
496.05	1633.80
496.41	1637.80
496.77	1648.00
497.14	1644.60
497.50	1655.60
497.86	1664.20
498.23	1661.60
498.59	1674.20
498.95	1683.80
499.31	1700.80
499.68	1701.20
500.04	1704.00
500.40	1703.80
500.77	1702.80
501.13	1721.00
501.49	1715.20
501.85	1733.40
502.22	1719.80
502.58	1723.20
502.94	1745.20
503.30	1744.00
503.67	1743.60
504.03	1768.60
504.39	1748.00
504.75	1771.20
505.12	1761.60
505.48	1778.40
505.84	1778.80
506.20	1768.40
506.56	1776.00
506.93	1773.80
507.29	1808.20
507.65	1793.60
508.01	1805.80
508.37	1808.40
508.74	1799.40
509.10	1816.80
509.46	1815.80
509.82	1819.80
510.18	1837.00
510.54	1844.40
510.91	1830.20
511.27	1847.20
511.63	1850.60
511.99	1850.60
512.35	1856.80
512.71	1870.20
513.07	1867.80
513.43	1857.20
513.80	1871.60
514.16	1897.20
514.52	1897.40
514.88	1907.40
515.24	1906.80
515.60	1922.60
515.96	1925.60
516.32	1927.80
516.68	1934.00
517.04	1952.00
517.41	1934.80
517.77	1966.00
518.13	1953.40
518.49	1977.20
518.85	1981.40
519.21	1987.00
519.57	1995.80
519.93	1999.20
520.29	2006.80
520.65	2016.20
521.01	2016.20
521.37	2040.40
521.73	2023.80
522.09	2050.40
522.45	2050.20
522.81	2047.20
523.17	2069.20
523.53	2057.40
523.89	2068.20
524.25	2076.00
524.61	2079.40
524.97	2088.60
525.33	2094.40
525.69	2097.60
526.05	2114.40
526.41	2118.20
526.77	2117.40
527.13	2113.40
527.49	2146.20
527.85	2118.40
528.21	2149.40
528.57	2159.60
528.93	2156.60
529.29	2170.00
529.65	2168.00
530.00	2171.20
530.36	2162.20
530.72	2212.00
531.08	2176.60
531.44	2192.20
531.80	2213.80
532.16	2211.60
532.52	2211.60
532.88	2234.80
533.24	2216.20
533.59	2234.00
533.95	2214.20
534.31	2241.00
534.67	2222.00
535.03	2256.80
535.39	2227.20
535.75	2263.20
536.11	2253.20
536.46	2263.20
536.82	2250.60
537.18	2259.80
537.54	2276.40
537.90	2284.40
538.26	2267.20
538.61	2265.40
538.97	2298.40
539.33	2294.80
539.69	2294.20
540.05	2310.60
540.40	2295.80
540.76	2309.60
541.12	2310.60
541.48	2333.00
541.84	2321.00
542.19	2313.80
542.55	2325.00
542.91	2312.20
543.27	2331.60
543.62	2342.80
543.98	2338.20
544.34	2326.80
544.70	2360.40
545.05	2358.00
545.41	2365.00
545.77	2358.80
546.12	2376.60
546.48	2364.60
546.84	2353.60
547.20	2370.00
547.55	2358.20
547.91	2395.80
548.27	2377.00
548.62	2376.00
548.98	2380.20
549.34	2378.40
549.69	2394.80
550.05	2407.60
550.41	2416.80
550.77	2396.80
551.12	2398.80
551.48	2387.40
551.83	2414.20
552.19	2402.60
552.55	2419.80
552.90	2428.80
553.26	2429.80
553.62	2437.60
553.97	2449.60
554.33	2438.80
554.69	2445.20
555.04	2430.80
555.40	2433.20
555.75	2455.60
556.11	2479.40
556.47	2461.00
556.82	2470.20
557.18	2493.40
557.53	2474.60
557.89	2486.00
558.24	2499.00
558.60	2472.60
558.96	2506.00
559.31	2496.60
559.67	2516.80
560.02	2531.00
560.38	2502.60
560.73	2527.00
561.09	2543.00
561.44	2548.60
561.80	2536.20
562.16	2552.80
562.51	2559.00
562.87	2571.40
563.22	2568.40
563.58	2572.00
563.93	2582.60
564.29	2577.80
564.64	2591.20
565.00	2589.60
565.35	2596.40
565.71	2577.00
566.06	2607.40
566.41	2613.60
566.77	2594.00
567.12	2633.00
567.48	2621.20
567.83	2624.80
568.19	2631.80
568.54	2655.60
568.90	2649.80
569.25	2651.20
569.60	2666.40
569.96	2676.00
570.31	2647.40
570.67	2666.40
571.02	2682.20
571.38	2675.80
571.73	2677.00
572.08	2706.00
572.44	2666.60
572.79	2678.80
573.15	2693.20
573.50	2674.00
573.85	2712.40
574.21	2693.20
574.56	2682.40
574.91	2718.40
575.27	2705.40
575.62	2700.00
575.97	2722.60
576.33	2712.40
576.68	2715.80
577.03	2714.00
577.39	2709.60
577.74	2722.00
578.09	2718.80
578.45	2699.40
578.80	2723.60
579.15	2708.40
579.51	2719.00
579.86	2724.80
580.21	2728.00
580.57	2723.20
580.92	2727.00
581.27	2717.80
581.62	2740.00
581.98	2706.00
582.33	2719.20
582.68	2713.40
583.03	2706.20
583.39	2720.00
583.74	2715.60
584.09	2715.20
584.44	2718.80
584.80	2712.40
585.15	2699.00
585.50	2712.40
585.85	2725.60
586.21	2703.60
586.56	2713.40
586.91	2713.20
587.26	2730.60
587.61	2734.20
587.97	2713.60
588.32	2732.80
588.67	2722.40
589.02	2744.80
589.37	2697.60
589.73	2716.00
590.08	2730.40
590.43	2721.40
590.78	2723.40
591.13	2714.20
591.48	2726.20
591.83	2711.20
592.19	2706.80
592.54	2707.00
592.89	2700.20
593.24	2723.40
593.59	2709.80
593.94	2709.60
594.29	2717.80
594.64	2714.80
595.00	2741.20
595.35	2728.80
595.70	2714.80
596.05	2717.00
596.40	2713.40
596.75	2730.40
597.10	2743.60
597.45	2715.60
597.80	2732.60
598.15	2740.40
598.50	2740.80
598.85	2747.20
599.20	2743.60
599.55	2746.20
599.90	2739.20
600.26	2744.60
600.61	2760.80
600.96	2758.80
601.31	2746.60
601.66	2742.40
602.01	2749.80
602.36	2743.00
602.71	2756.40
603.06	2761.80
603.41	2771.80
603.76	2763.20
604.11	2770.40
604.46	2750.00
604.81	2776.00
605.16	2775.40
605.50	2792.60
605.85	2770.00
606.20	2783.60
606.55	2793.80
606.90	2777.80
607.25	2784.20
607.60	2791.80
607.95	2794.40
608.30	2797.60
608.65	2798.60
609.00	2812.40
609.35	2787.00
609.70	2810.40
610.05	2799.20
610.40	2843.20
610.74	2816.40
611.09	2816.60
611.44	2811.80
611.79	2814.40
612.14	2845.40
612.49	2850.20
612.84	2847.60
613.19	2833.80
613.53	2840.20
613.88	2866.20
614.23	2838.00
614.58	2840.00
614.93	2848.20
615.28	2855.60
615.62	2843.20
615.97	2848.20
616.32	2862.60
616.67	2851.20
617.02	2843.20
617.37	2846.40
617.71	2854.00
618.06	2860.20
618.41	2854.60
618.76	2867.60
619.11	2872.80
619.45	2882.60
619.80	2867.80
620.15	2864.40
620.50	2848.40
620.84	2883.80
621.19	2873.00
621.54	2855.20
621.89	2868.40
622.23	2854.20
622.58	2845.60
622.93	2844.40
623.28	2859.60
623.62	2833.40
623.97	2857.20
624.32	2854.20
624.66	2863.40
625.01	2877.00
625.36	2837.00
625.71	2851.40
626.05	2856.80
626.40	2847.20
626.75	2846.40
627.09	2852.20
627.44	2849.60
627.79	2855.40
628.13	2809.00
628.48	2841.60
628.83	2830.00
629.17	2801.80
629.52	2826.00
629.87	2822.20
630.21	2835.80
630.56	2842.60
630.90	2835.80
631.25	2815.60
631.60	2811.80
631.94	2815.00
632.29	2803.40
632.63	2820.40
632.98	2786.00
633.33	2787.80
633.67	2778.40
634.02	2789.20
634.36	2768.20
634.71	2748.80
635.06	2777.20
635.40	2740.00
635.75	2774.80
636.09	2727.60
636.44	2742.20
636.78	2735.20
637.13	2735.00
637.47	2707.60
637.82	2744.20
638.16	2678.40
638.51	2735.60
638.86	2686.60
639.20	2716.40
639.55	2707.20
639.89	2697.00
640.24	2686.80
640.58	2703.00
640.93	2671.60
641.27	2657.60
641.62	2675.00
641.96	2659.60
642.30	2646.00
642.65	2666.40
642.99	2653.60
643.34	2647.40
643.68	2634.40
644.03	2634.80
644.37	2635.00
644.72	2635.20
645.06	2624.00
645.40	2620.00
645.75	2623.20
646.09	2585.20
646.44	2619.60
646.78	2582.00
647.13	2600.80
647.47	2580.60
647.81	2581.60
648.16	2580.40
648.50	2585.00
648.85	2588.00
649.19	2547.60
649.53	2561.80
649.88	2560.80
650.22	2582.40
650.56	2543.40
650.91	2540.40
651.25	2544.40
651.59	2518.80
651.94	2552.60
652.28	2544.60
652.62	2543.80
652.97	2526.40
653.31	2535.20
653.65	2549.60
654.00	2549.20
654.34	2536.40
654.68	2533.80
655.03	2527.60
655.37	2524.80
655.71	2539.80
656.05	2529.00
656.40	2521.40
656.74	2523.60
657.08	2503.40
657.43	2527.20
657.77	2490.60
658.11	2510.40
658.45	2514.20
658.80	2515.40
659.14	2495.40
659.48	2486.20
659.82	2511.60
660.16	2508.80
660.51	2493.60
660.85	2496.00
661.19	2507.20
661.53	2517.00
661.87	2497.00
662.22	2496.20
662.56	2472.40
662.90	2521.60
663.24	2471.60
663.58	2477.60
663.93	2468.20
664.27	2470.20
664.61	2487.00
664.95	2500.20
665.29	2479.60
665.63	2480.00
665.98	2498.60
666.32	2486.40
666.66	2464.40
667.00	2467.00
667.34	2476.60
667.68	2485.20
668.02	2445.20
668.36	2469.80
668.70	2475.40
669.05	2450.20
669.39	2465.20
669.73	2464.60
670.07	2446.20
670.41	2456.20
670.75	2462.40
671.09	2468.60
671.43	2440.80
671.77	2463.40
672.11	2459.20
672.45	2454.20
672.79	2457.20
673.13	2477.80
673.47	2427.00
673.81	2465.60
674.16	2427.20
674.50	2442.00
674.84	2426.80
675.18	2428.20
675.52	2441.40
675.86	2415.00
676.20	2424.80
676.54	2412.20
676.88	2418.40
677.22	2422.20
677.56	2414.60
677.90	2420.00
678.23	2412.00
678.57	2401.20
678.91	2417.40
679.25	2400.40
679.59	2388.20
679.93	2392.40
680.27	2395.80
680.61	2388.40
680.95	2364.80
681.29	2373.60
681.63	2345.60
681.97	2375.20
682.31	2327.80
682.65	2354.80
682.99	2369.00
683.32	2328.20
683.66	2353.00
684.00	2348.00
684.34	2319.60
684.68	2312.80
685.02	2345.00
685.36	2307.00
685.70	2322.80
686.03	2302.00
686.37	2326.60
686.71	2302.40
687.05	2304.60
687.39	2283.00
687.73	2263.60
688.07	2276.00
688.40	2282.40
688.74	2280.60
689.08	2255.20
689.42	2275.60
689.76	2257.20
690.09	2229.60
690.43	2224.40
690.77	2249.40
691.11	2208.20
691.45	2207.00
691.78	2217.00
692.12	2200.80
692.46	2205.20
692.80	2197.80
693.13	2195.40
693.47	2190.40
693.81	2169.00
694.15	2159.60
694.48	2141.40
694.82	2134.60
695.16	2152.00
695.50	2137.00
695.83	2119.20
696.17	2120.20
696.51	2108.40
696.84	2104.80
697.18	2088.60
697.52	2105.20
697.85	2075.20
698.19	2083.60
698.53	2079.80
698.87	2065.00
699.20	2068.20
699.54	2043.20
699.88	2066.20
700.21	2063.20
700.55	2030.40
700.88	2027.40
701.22	2024.20
701.56	2028.60
701.89	2017.80
702.23	2017.80
702.57	2015.20
702.90	1981.00
703.24	1991.80
703.57	1977.20
703.91	1972.40
704.25	1967.20
704.58	1986.20
704.92	1973.00
705.25	1948.40
705.59	1952.60
705.93	1945.80
706.26	1952.40
706.60	1949.80
706.93	1926.00
707.27	1911.40
707.60	1933.20
707.94	1911.40
708.27	1926.20
708.61	1934.20
708.95	1903.20
709.28	1890.40
709.62	1891.00
709.95	1903.80
710.29	1897.60
710.62	1874.40
710.96	1868.60
711.29	1864.60
711.63	1874.40
711.96	1853.60
712.30	1852.00
712.63	1855.60
712.96	1838.60
713.30	1847.20
713.63	1823.40
713.97	1836.20
714.30	1834.00
714.64	1824.20
714.97	1812.00
715.31	1821.20
715.64	1803.00
715.97	1818.40
716.31	1809.20
716.64	1780.40
716.98	1798.40
717.31	1796.20
717.64	1781.60
717.98	1778.40
718.31	1783.80
718.65	1766.20
718.98	1759.20
719.31	1774.60
719.65	1769.40
719.98	1765.00
720.32	1764.40
720.65	1756.80
720.98	1753.80
721.32	1756.40
721.65	1748.60
721.98	1754.20
722.32	1772.00
722.65	1743.40
722.98	1736.20
723.32	1734.60
723.65	1725.80
723.98	1725.80
724.31	1704.20
724.65	1731.00
724.98	1722.40
725.31	1723.40
725.65	1724.80
725.98	1715.20
726.31	1707.40
726.64	1706.80
726.98	1707.60
727.31	1693.20
727.64	1712.20
727.97	1696.80
728.31	1703.00
728.64	1700.40
728.97	1691.20
729.30	1694.00
729.64	1702.20
729.97	1680.00
730.30	1695.80
730.63	1693.20
730.96	1692.40
731.30	1689.00
731.63	1679.60
731.96	1679.40
732.29	1672.80
732.62	1673.60
732.96	1662.20
733.29	1678.40
733.62	1662.40
733.95	1659.20
734.28	1658.60
734.61	1646.40
734.94	1662.40
735.28	1665.00
735.61	1649.00
735.94	1658.60
736.27	1639.80
736.60	1638.00
736.93	1647.00
737.26	1628.20
737.59	1624.00
737.92	1629.80
738.26	1634.00
738.59	1617.20
738.92	1622.60
739.25	1633.40
739.58	1608.20
739.91	1615.40
740.24	1604.20
740.57	1608.60
740.90	1621.20
741.23	1607.20
741.56	1609.00
741.89	1614.00
742.22	1595.60
742.55	1604.60
742.88	1601.00
743.21	1580.80
743.54	1600.60
743.87	1592.20
744.20	1595.60
744.53	1580.60
744.86	1584.60
745.19	1575.60
745.52	1580.20
745.85	1593.60
746.18	1583.20
746.51	1567.80
746.84	1582.40
747.17	1547.40
747.50	1547.20
747.83	1543.60
748.16	1548.20
748.49	1553.80
748.82	1544.00
749.15	1542.40
749.48	1553.00
749.81	1545.40
750.14	1534.40
750.46	1542.40
750.79	1512.80
751.12	1524.80
751.45	1533.80
751.78	1506.40
752.11	1519.60
752.44	1523.80
752.77	1513.40
753.10	1496.40
753.42	1492.20
753.75	1487.20
754.08	1482.80
754.41	1459.20
754.74	1475.40
755.07	1467.20
755.39	1461.40
755.72	1459.20
756.05	1447.80
756.38	1445.60
756.71	1456.80
757.04	1441.40
757.36	1429.40
757.69	1433.00
758.02	1429.20
758.35	1427.60
758.67	1427.00
759.00	1427.60
759.33	1411.00
759.66	1400.40
759.99	1387.00
760.31	1388.20
760.64	1388.20
760.97	1381.40
761.30	1359.20
761.62	1378.00
761.95	1366.40
762.28	1369.60
762.60	1351.00
762.93	1345.60
763.26	1350.60
763.59	1344.20
763.91	1342.60
764.24	1331.20
764.57	1338.80
764.89	1319.60
765.22	1316.20
765.55	1315.60
765.87	1316.20
766.20	1284.80
766.53	1301.40
766.85	1291.00
767.18	1272.80
767.51	1283.00
767.83	1258.80
768.16	1267.40
768.48	1268.20
768.81	1256.20
769.14	1253.80
769.46	1248.80
769.79	1248.40
770.12	1231.60
770.44	1227.80
770.77	1223.60
771.09	1215.60
771.42	1205.60
771.74	1192.40
772.07	1197.80
772.40	1184.40
772.72	1192.60
773.05	1191.20
773.37	1171.80
773.70	1165.80
774.02	1167.80
774.35	1163.40
774.67	1144.20
775.00	1144.40
775.32	1142.20
775.65	1129.00
775.97	1137.20
776.30	1123.20
776.63	1119.80
776.95	1125.40
777.27	1105.60
777.60	1099.60
777.92	1097.60
778.25	1101.00
778.57	1089.60
778.90	1092.00
779.22	1076.40
779.55	1067.60
779.87	1062.60
780.20	1070.00
780.52	1056.20
780.85	1059.60
781.17	1047.60
781.49	1045.20
781.82	1037.80
782.14	1032.00
782.47	1037.80
782.79	1031.00
783.11	1025.60
783.44	1010.40
783.76	1006.40
784.09	999.80
784.41	1005.00
784.73	995.80
785.06	973.60
785.38	979.00
785.70	984.60
786.03	988.00
786.35	972.40
786.67	972.40
787.00	979.20
787.32	969.00
787.64	967.80
787.97	961.20
788.29	958.60
788.61	942.20
788.94	956.80
789.26	956.40
789.58	957.00
789.91	958.40
790.23	952.20
790.55	960.80
790.87	941.80
791.20	948.40
791.52	957.40
791.84	939.20
792.16	940.00
792.49	933.60
792.81	944.00
793.13	940.60
793.45	931.40
793.78	948.40
794.10	942.40
794.42	936.00
794.74	930.20
795.06	938.60
795.39	945.40
795.71	928.40
796.03	934.00
796.35	944.60
796.67	927.40
797.00	934.60
797.32	937.40
797.64	933.80
797.96	937.20
798.28	947.00
798.60	954.20
798.93	948.00
799.25	929.40
799.57	939.80
799.89	938.80
800.21	936.80
800.53	940.00
800.85	940.80
801.17	947.80
801.50	939.40
801.82	927.80
802.14	933.20
802.46	927.80
802.78	936.80
803.10	933.20
803.42	931.20
803.74	923.60
804.06	927.00
804.38	927.20
804.70	925.00
805.02	923.00
805.34	931.00
805.66	923.80
805.98	918.20
806.30	940.60
806.62	917.00
806.94	923.00
807.26	918.80
807.58	919.20
807.90	923.40
808.22	917.20
808.54	915.80
808.86	922.20
809.18	909.60
809.50	923.60
809.82	907.20
810.14	904.80
810.46	918.00
810.78	925.40
811.10	924.60
811.42	913.00
811.74	907.80
812.06	913.80
812.38	906.20
812.70	888.20
813.02	891.80
813.34	899.60
813.66	891.80
813.97	903.40
814.29	894.80
814.61	882.60
814.93	896.80
815.25	890.80
815.57	895.40
815.89	889.80
816.21	877.20
816.52	895.60
816.84	886.00
817.16	886.20
817.48	877.60
817.80	880.80
818.12	880.40
818.43	878.80
818.75	873.40
819.07	876.60
819.39	867.40
819.71	870.20
820.03	868.60
820.34	874.80
820.66	868.20
820.98	867.40
821.30	863.40
821.61	861.60
821.93	861.20
822.25	859.20
822.57	855.60
822.88	849.80
823.20	840.20
823.52	856.00
823.84	849.40
824.15	847.20
824.47	838.80
824.79	841.80
825.11	846.60
825.42	848.00
825.74	837.20
826.06	854.00
826.37	843.40
826.69	834.40
827.01	837.60
827.32	833.00
827.64	823.60
827.96	812.60
828.27	827.60
828.59	822.20
828.91	831.20
829.22	827.40
829.54	826.20
829.86	819.60
830.17	820.40
830.49	825.00
830.81	815.20
831.12	817.60
831.44	811.60
831.75	815.20
832.07	810.60
832.39	806.20
832.70	802.40
833.02	803.80
833.33	795.40
833.65	804.00
833.96	809.00
834.28	803.60
834.60	796.00
834.91	785.60
835.23	791.40
835.54	782.60
835.86	779.40
836.17	790.40
836.49	775.20
836.80	780.20
837.12	784.80
837.43	778.40
837.75	775.40
838.06	772.40
838.38	776.80
838.69	778.00
839.01	760.60
839.32	761.80
839.64	763.60
839.95	769.00
840.27	770.80
840.58	757.20
840.90	754.40
841.21	754.80
841.53	751.20
841.84	754.60
842.15	736.60
842.47	743.20
842.78	739.00
843.10	739.60
843.41	738.20
843.72	729.80
844.04	730.60
844.35	729.20
844.67	725.40
844.98	719.20
845.29	723.20
845.61	710.60
845.92	722.20
846.23	719.80
846.55	714.60
846.86	713.20
847.18	700.40
847.49	708.40
847.80	707.20
848.12	700.40
848.43	699.40
848.74	706.40
849.05	699.20
849.37	690.60
849.68	693.00
849.99	681.80
850.31	689.00
850.62	676.60
850.93	673.80
851.24	671.40
851.56	675.00
851.87	669.20
852.18	664.20
852.50	664.80
852.81	665.20
853.12	659.60
853.43	659.40
853.74	650.80
854.06	644.20
854.37	646.40
854.68	645.00
854.99	645.80
855.31	639.40
855.62	631.80
855.93	632.20
856.24	624.80
856.55	622.20
856.87	617.80
857.18	614.60
857.49	612.20
857.80	618.60
858.11	610.40
858.42	605.80
858.73	608.60
859.05	597.40
859.36	595.20
859.67	596.00
859.98	586.20
860.29	590.60
860.60	599.40
860.91	594.00
861.22	586.80
861.54	585.80
861.85	586.80
862.16	584.20
862.47	573.60
862.78	569.00
863.09	564.40
863.40	569.20
863.71	570.80
864.02	563.40
864.33	562.40
864.64	552.80
864.95	554.20
865.26	545.20
865.57	549.40
865.88	545.00
866.19	545.40
866.50	546.20
866.81	535.00
867.12	536.00
867.43	533.60
867.74	532.20
868.05	537.00
868.36	526.20
868.67	521.40
868.98	526.40
869.29	522.00
869.60	514.00
869.91	513.80
870.22	513.00
870.53	511.60
870.84	505.00
871.15	500.00
871.46	499.80
871.77	495.00
872.08	494.00
872.39	490.80
872.69	489.80
873.00	489.80
873.31	480.00
873.62	478.00
873.93	479.80
874.24	476.20
874.55	478.80
874.86	473.20
875.16	470.60
875.47	469.40
875.78	467.60
876.09	463.80
876.40	464.60
876.71	461.20
877.01	453.60
877.32	455.20
877.63	450.20
877.94	449.60
878.25	449.40
878.56	441.60
878.86	449.20
879.17	440.20
879.48	438.80
879.79	435.80
880.09	433.00
880.40	425.80
880.71	427.00
881.02	423.60
881.32	422.20
881.63	422.40
881.94	423.40
882.25	423.00
882.55	421.80
882.86	413.20
883.17	414.60
883.48	419.20
883.78	417.60
884.09	409.80
884.40	407.80
884.70	405.40
885.01	411.40
885.32	407.60
885.62	409.80
885.93	404.60
886.24	401.60
886.54	396.80
886.85	403.00
887.16	402.00
887.46	396.80
887.77	403.40
888.08	398.40
888.38	397.80
888.69	400.60
888.99	392.20
889.30	397.80
889.61	393.60
889.91	396.00
890.22	395.00
890.52	396.40
890.83	393.60
891.14	391.60
891.44	385.00
891.75	395.60
892.05	391.60
892.36	396.40
892.66	391.20
892.97	394.40
893.27	391.80
893.58	388.80
893.89	390.60
894.19	392.20
894.50	391.80
894.80	391.60
895.11	381.00
895.41	395.80
895.72	389.20
896.02	387.00
896.33	391.40
896.63	394.20
896.93	385.20
897.24	387.60
897.54	390.80
897.85	383.20
898.15	386.40
898.46	384.00
898.76	389.20
899.07	385.80
899.37	389.40
899.67	389.20
899.98	387.40
900.28	387.40
900.59	392.00
900.89	387.60
901.19	384.40
901.50	391.80
901.80	394.40
902.11	390.20
902.41	393.60
902.71	388.20
903.02	392.00
903.32	389.80
903.62	385.40
903.93	386.80
904.23	390.60
904.53	394.20
904.84	383.60
905.14	384.40
905.44	382.40
905.75	379.40
906.05	380.60
906.35	387.40
906.66	381.40
906.96	375.00
907.26	383.40
907.56	378.40
907.87	380.60
908.17	377.00
908.47	379.40
908.77	386.20
909.08	380.20
909.38	375.60
909.68	379.20
909.98	368.80
910.29	376.60
910.59	380.00
910.89	380.80
911.19	379.60
911.50	374.00
911.80	370.20
912.10	374.80
912.40	381.00
912.70	372.80
913.00	369.00
913.31	368.80
913.61	372.60
913.91	366.00
914.21	368.80
914.51	370.80
914.81	369.20
915.12	371.00
915.42	372.00
915.72	366.60
916.02	364.40
916.32	366.40
916.62	365.20
916.92	366.80
917.22	364.40
917.52	364.40
917.83	360.20
918.13	359.80
918.43	362.40
918.73	363.60
919.03	355.20
919.33	355.20
919.63	356.00
919.93	352.60
920.23	350.40
920.53	354.40
920.83	349.00
921.13	352.20
921.43	348.20
921.73	349.20
922.03	347.80
922.33	345.00
922.63	346.40
922.93	346.80
923.23	347.20
923.53	344.80
923.83	344.00
924.13	338.00
924.43	343.60
924.73	339.60
925.03	336.80
925.33	337.60
925.63	341.60
925.93	341.00
926.23	334.80
926.53	332.00
926.83	332.20
927.13	325.40
927.42	329.40
927.72	330.00
928.02	327.00
928.32	326.00
928.62	328.00
928.92	327.20
929.22	323.20
929.52	324.40
929.82	323.00
930.11	322.40
930.41	321.00
930.71	322.40
931.01	319.40
931.31	319.00
931.61	318.40
931.90	319.20
932.20	313.00
932.50	314.20
932.80	313.20
933.10	315.40
933.39	311.20
933.69	311.20
933.99	314.00
934.29	310.20
934.59	311.60
934.88	306.60
935.18	308.60
935.48	307.40
935.78	307.40
936.07	307.20
936.37	302.00
936.67	301.00
936.97	299.80
937.26	298.20
937.56	301.80
937.86	299.60
938.15	293.80
938.45	298.20
938.75	292.60
939.05	297.60
939.34	296.20
939.64	294.60
939.94	292.60
940.23	288.60
940.53	293.00
940.83	291.60
941.12	287.00
941.42	288.20
941.71	287.40
942.01	286.60
942.31	284.40
942.60	282.20
942.90	279.00
943.20	279.20
943.49	279.60
943.79	280.80
944.08	274.60
944.38	279.20
944.68	278.20
944.97	273.80
945.27	273.20
945.56	272.80
945.86	268.60
946.15	270.40
946.45	269.00
946.74	267.40
947.04	267.40
947.34	267.60
947.63	265.00
947.93	268.20
948.22	263.20
948.52	264.80
948.81	258.00
949.11	262.20
949.40	258.00
949.70	256.40
949.99	259.20
950.29	256.40
950.58	251.80
950.87	252.80
951.17	251.60
951.46	253.60
951.76	250.80
952.05	249.00
952.35	248.60
952.64	244.80
952.94	251.40
953.23	249.40
953.52	247.00
953.82	247.80
954.11	245.40
954.41	244.60
954.70	241.00
954.99	240.40
955.29	237.00
955.58	239.20
955.87	242.00
956.17	236.80
956.46	241.00
956.76	237.80
957.05	238.20
957.34	236.60
957.64	233.60
957.93	237.20
958.22	233.60
958.52	232.80
958.81	232.00
959.10	228.00
959.39	228.80
959.69	228.60
959.98	228.00
960.27	225.40
960.57	225.40
960.86	226.40
961.15	223.00
961.44	223.80
961.74	224.00
962.03	222.20
962.32	221.60
962.61	217.40
962.91	218.60
963.20	219.40
963.49	216.60
963.78	217.40
964.07	221.80
964.37	216.40
964.66	212.40
964.95	215.80
965.24	214.40
965.53	210.60
965.83	209.00
966.12	208.60
966.41	208.00
966.70	205.80
966.99	208.20
967.28	203.40
967.57	210.20
967.87	205.80
968.16	204.20
968.45	205.00
968.74	208.20
969.03	202.20
969.32	200.60
969.61	199.80
969.90	202.80
970.19	201.40
970.49	196.40
970.78	199.00
971.07	199.00
971.36	198.80
971.65	198.40
971.94	192.20
972.23	194.40
972.52	194.00
972.81	193.20
973.10	191.40
973.39	189.20
973.68	190.60
973.97	191.20
974.26	188.40
974.55	189.60
974.84	188.40
975.13	187.20
975.42	187.40
975.71	188.80
976.00	184.00
976.29	186.40
976.58	186.00
976.87	183.60
977.16	181.80
977.45	182.00
977.74	183.60
978.03	181.80
978.32	179.60
978.60	179.20
978.89	180.00
979.18	178.20
979.47	178.80
979.76	174.80
980.05	177.00
980.34	175.00
980.63	174.00
980.92	172.20
981.20	174.80
981.49	174.00
981.78	175.00
982.07	174.60
982.36	172.20
982.65	171.60
982.94	170.40
983.22	170.40
983.51	168.40
983.80	169.00
984.09	167.80
984.38	167.80
984.66	167.00
984.95	166.20
985.24	165.40
985.53	167.00
985.82	167.80
986.10	165.40
986.39	165.80
986.68	164.60
986.97	165.00
987.25	163.60
987.54	161.60
987.83	162.80
988.12	161.80
988.40	161.60
988.69	163.40
988.98	161.80
989.26	160.60
989.55	159.80
989.84	158.80
990.12	159.40
990.41	160.00
990.70	158.80
990.98	160.60
991.27	159.00
991.56	158.60
991.84	158.00
992.13	156.40
992.42	156.40
992.70	155.80
992.99	157.80
993.28	155.80
993.56	155.00
993.85	153.60
994.13	156.60
994.42	154.00
994.71	152.20
994.99	151.80
995.28	154.00
995.56	152.80
995.85	151.60
996.14	150.80
996.42	151.20
996.71	152.80
996.99	150.60
997.28	151.20
997.56	150.80
997.85	148.60
998.13	146.40
998.42	148.60
998.70	149.00
998.99	149.40
999.27	147.60
999.56	148.00
999.84	148.80
1000.13	147.40
1000.41	146.20
1000.70	146.20
1000.98	145.60
1001.27	146.00
1001.55	145.20
1001.84	146.60
1002.12	143.80
1002.40	145.80
1002.69	145.60
1002.97	145.40
1003.26	143.80
1003.54	144.00
1003.83	142.40
1004.11	144.80
1004.39	143.60
1004.68	142.60
1004.96	143.80
1005.24	141.80
1005.53	140.40
1005.81	140.40
1006.10	143.20
1006.38	142.20
1006.66	141.00
1006.95	141.80
1007.23	139.80
1007.51	138.80
1007.80	141.80
1008.08	140.60
1008.36	139.00
1008.65	139.60
1008.93	138.00
1009.21	137.80
1009.49	139.20
1009.78	138.40
1010.06	136.60
1010.34	135.80
1010.63	136.20
1010.91	136.40
1011.19	136.00
1011.47	137.40
1011.76	137.00
1012.04	137.20
1012.32	136.00
1012.60	134.80
1012.88	135.40
1013.17	137.20
1013.45	135.20
1013.73	135.60
1014.01	135.00
1014.29	134.80
1014.58	133.80
1014.86	134.00
1015.14	132.60
1015.42	134.80
1015.70	135.60
1015.98	134.20
1016.27	134.40
1016.55	133.80
1016.83	134.00
1017.11	133.40
1017.39	132.20
1017.67	132.80
1017.95	130.80
1018.23	131.80
1018.52	131.00
1018.80	131.60
1019.08	132.20
1019.36	133.00
1019.64	132.20
1019.92	130.80
1020.20	128.60
1020.48	130.00
1020.76	130.20
1021.04	130.40
1021.32	129.20
1021.60	129.80
1021.88	129.80
1022.16	130.00
1022.44	129.00
1022.72	129.20
