	0.0	
339.41	0.00
339.79	106.20
340.17	106.20
340.55	106.60
340.94	108.00
341.32	110.00
341.70	111.60
342.08	112.40
342.46	113.00
342.84	114.20
343.22	114.40
343.60	113.60
343.98	115.00
344.36	114.40
344.74	115.60
345.12	116.20
345.50	115.40
345.88	115.80
346.26	115.60
346.64	114.40
347.02	114.20
347.40	115.00
347.78	115.60
348.15	115.20
348.53	114.80
348.91	116.00
349.29	116.80
349.67	118.00
350.05	117.60
350.43	117.60
350.81	118.60
351.19	119.20
351.57	119.00
351.95	117.80
352.33	117.80
352.71	118.00
353.09	118.00
353.47	120.40
353.84	119.80
354.22	119.80
354.60	120.20
354.98	121.00
355.36	121.40
355.74	119.80
356.12	121.60
356.50	122.00
356.88	120.40
357.25	120.60
357.63	121.40
358.01	122.40
358.39	121.60
358.77	121.20
359.15	121.60
359.53	122.00
359.90	121.40
360.28	121.60
360.66	122.20
361.04	122.60
361.42	122.60
361.80	122.00
362.17	122.80
362.55	123.00
362.93	124.60
363.31	125.40
363.69	125.20
364.06	123.40
364.44	122.80
364.82	122.80
365.20	123.60
365.58	124.20
365.95	123.40
366.33	124.20
366.71	124.60
367.09	126.00
367.46	126.40
367.84	125.80
368.22	126.00
368.60	126.40
368.97	127.20
369.35	127.80
369.73	127.80
370.11	128.20
370.48	127.20
370.86	127.20
371.24	127.40
371.62	128.00
371.99	128.60
372.37	129.60
372.75	129.40
373.12	128.60
373.50	130.40
373.88	130.80
374.25	132.60
374.63	132.20
375.01	131.80
375.38	131.40
375.76	131.00
376.14	134.00
376.51	133.20
376.89	134.80
377.27	134.00
377.64	133.60
378.02	134.00
378.40	136.20
378.77	135.40
379.15	135.20
379.53	135.20
379.90	136.40
380.28	137.00
380.66	136.80
381.03	137.40
381.41	140.00
381.78	140.00
382.16	140.60
382.54	140.80
382.91	142.20
383.29	142.00
383.66	143.40
384.04	144.80
384.42	142.40
384.79	143.40
385.17	144.60
385.54	144.20
385.92	147.80
386.29	145.00
386.67	146.60
387.05	148.00
387.42	148.00
387.80	149.00
388.17	151.00
388.55	152.60
388.92	154.00
389.30	153.40
389.67	153.80
390.05	154.60
390.42	155.40
390.80	156.40
391.17	156.60
391.55	158.80
391.92	156.40
392.30	159.00
392.67	160.60
393.05	161.40
393.42	162.00
393.80	159.80
394.17	161.80
394.55	164.00
394.92	163.60
395.30	167.00
395.67	168.40
396.05	168.80
396.42	170.00
396.80	171.60
397.17	172.20
397.55	169.60
397.92	174.60
398.29	176.60
398.67	178.20
399.04	178.00
399.42	177.40
399.79	178.00
400.17	179.60
400.54	180.80
400.91	179.80
401.29	181.20
401.66	183.40
402.04	186.20
402.41	185.40
402.78	188.20
403.16	188.60
403.53	189.00
403.90	190.60
404.28	191.80
404.65	191.20
405.03	196.40
405.40	198.20
405.77	197.40
406.15	200.20
406.52	201.60
406.89	202.60
407.27	199.40
407.64	203.20
408.01	207.80
408.39	206.80
408.76	207.40
409.13	205.80
409.51	210.00
409.88	211.80
410.25	215.60
410.62	211.00
411.00	220.80
411.37	218.60
411.74	217.80
412.12	223.20
412.49	220.80
412.86	222.80
413.23	224.00
413.61	226.40
413.98	234.40
414.35	232.80
414.73	234.20
415.10	230.20
415.47	235.40
415.84	236.20
416.22	239.80
416.59	239.00
416.96	243.40
417.33	242.20
417.70	247.80
418.08	251.80
418.45	246.20
418.82	250.00
419.19	252.60
419.57	255.80
419.94	257.20
420.31	259.40
420.68	256.40
421.05	259.20
421.42	258.60
421.80	266.40
422.17	265.40
422.54	274.40
422.91	273.20
423.28	267.00
423.65	274.20
424.03	278.80
424.40	275.80
424.77	283.00
425.14	283.00
425.51	281.40
425.88	288.20
426.25	287.40
426.63	295.40
427.00	290.00
427.37	301.60
427.74	307.60
428.11	300.00
428.48	306.20
428.85	310.00
429.22	307.80
429.59	308.00
429.97	315.60
430.34	318.00
430.71	321.20
431.08	323.40
431.45	328.20
431.82	327.20
432.19	332.20
432.56	332.60
432.93	335.00
433.30	337.40
433.67	339.40
434.04	342.60
434.41	349.60
434.78	346.60
435.15	354.60
435.52	366.00
435.89	367.60
436.26	368.40
436.63	363.40
437.00	369.20
437.37	376.40
437.74	372.00
438.11	388.60
438.48	383.20
438.85	393.40
439.22	402.40
439.59	406.80
439.96	397.00
440.33	405.60
440.70	417.00
441.07	411.00
441.44	426.00
441.81	405.00
442.18	416.80
442.55	419.80
442.92	428.20
443.29	427.40
443.66	422.00
444.03	430.00
444.40	435.60
444.77	443.60
445.14	443.40
445.51	456.80
445.88	451.40
446.24	451.20
446.61	465.20
446.98	452.60
447.35	474.80
447.72	471.00
448.09	466.60
448.46	463.00
448.83	471.00
449.20	474.80
449.56	475.00
449.93	479.00
450.30	475.40
450.67	487.40
451.04	480.00
451.41	477.40
451.78	494.40
452.14	486.80
452.51	494.40
452.88	493.20
453.25	489.20
453.62	498.80
453.99	499.80
454.35	504.80
454.72	512.40
455.09	512.80
455.46	517.20
455.83	527.00
456.19	529.20
456.56	523.20
456.93	525.20
457.30	534.60
457.66	537.40
458.03	546.60
458.40	541.40
458.77	544.00
459.14	552.40
459.50	548.40
459.87	538.00
460.24	558.60
460.61	558.40
460.97	561.20
461.34	561.80
461.71	571.40
462.07	561.00
462.44	582.80
462.81	592.40
463.18	589.40
463.54	588.00
463.91	615.00
464.28	595.40
464.64	594.60
465.01	604.80
465.38	616.00
465.75	609.00
466.11	617.60
466.48	623.40
466.85	617.80
467.21	619.40
467.58	634.40
467.95	637.20
468.31	648.00
468.68	654.20
469.04	670.80
469.41	676.00
469.78	666.40
470.14	680.60
470.51	678.60
470.88	695.80
471.24	691.00
471.61	717.60
471.98	705.40
472.34	726.60
472.71	727.00
473.07	732.40
473.44	739.60
473.81	751.20
474.17	749.60
474.54	769.40
474.90	772.60
475.27	768.40
475.63	777.40
476.00	779.00
476.37	793.40
476.73	802.20
477.10	816.60
477.46	827.40
477.83	815.60
478.19	836.20
478.56	848.20
478.92	866.20
479.29	865.40
479.65	874.20
480.02	868.80
480.38	892.20
480.75	896.60
481.11	895.60
481.48	927.60
481.84	919.60
482.21	933.40
482.57	944.40
482.94	955.00
483.30	955.80
483.67	965.60
484.03	966.60
484.40	986.60
484.76	983.40
485.13	1003.20
485.49	1010.00
485.86	1025.40
486.22	1026.20
486.59	1042.40
486.95	1039.40
487.31	1049.60
487.68	1057.40
488.04	1070.20
488.41	1083.20
488.77	1073.80
489.14	1083.40
489.50	1096.20
489.86	1101.00
490.23	1111.80
490.59	1115.20
490.96	1127.40
491.32	1126.60
491.68	1142.20
492.05	1141.00
492.41	1155.20
492.77	1157.40
493.14	1161.60
493.50	1181.60
493.87	1172.80
494.23	1183.20
494.59	1185.80
494.96	1199.20
495.32	1204.40
495.68	1217.40
496.05	1216.60
496.41	1224.20
496.77	1229.80
497.14	1226.60
497.50	1233.80
497.86	1246.60
498.23	1234.80
498.59	1236.20
498.95	1247.80
499.31	1263.60
499.68	1261.60
500.04	1269.60
500.40	1253.60
500.77	1264.20
501.13	1271.40
501.49	1278.40
501.85	1279.60
502.22	1281.00
502.58	1287.00
502.94	1301.00
503.30	1290.00
503.67	1298.00
504.03	1307.40
504.39	1304.40
504.75	1318.20
505.12	1313.20
505.48	1317.20
505.84	1319.60
506.20	1317.60
506.56	1325.60
506.93	1321.60
507.29	1347.20
507.65	1338.60
508.01	1349.80
508.37	1354.20
508.74	1351.00
509.10	1358.60
509.46	1354.40
509.82	1357.80
510.18	1369.60
510.54	1370.60
510.91	1367.20
511.27	1371.80
511.63	1373.60
511.99	1379.00
512.35	1383.20
512.71	1392.20
513.07	1393.20
513.43	1389.80
513.80	1390.20
514.16	1407.40
514.52	1403.60
514.88	1416.80
515.24	1425.20
515.60	1431.80
515.96	1425.20
516.32	1429.20
516.68	1436.00
517.04	1439.20
517.41	1433.00
517.77	1442.00
518.13	1449.80
518.49	1456.60
518.85	1450.60
519.21	1471.40
519.57	1480.00
519.93	1487.40
520.29	1485.80
520.65	1490.40
521.01	1484.40
521.37	1494.60
521.73	1488.80
522.09	1506.60
522.45	1507.80
522.81	1513.80
523.17	1531.80
523.53	1527.00
523.89	1525.60
524.25	1533.40
524.61	1542.00
524.97	1533.00
525.33	1547.80
525.69	1547.80
526.05	1559.40
526.41	1567.40
526.77	1566.40
527.13	1572.00
527.49	1583.40
527.85	1573.40
528.21	1600.60
528.57	1587.80
528.93	1592.40
529.29	1605.20
529.65	1608.60
530.00	1611.80
530.36	1608.20
530.72	1630.00
531.08	1619.80
531.44	1630.40
531.80	1646.00
532.16	1635.40
532.52	1639.80
532.88	1660.00
533.24	1639.60
533.59	1665.20
533.95	1653.60
534.31	1672.00
534.67	1657.40
535.03	1666.80
535.39	1662.80
535.75	1681.20
536.11	1662.00
536.46	1670.20
536.82	1675.60
537.18	1681.20
537.54	1679.40
537.90	1686.40
538.26	1675.80
538.61	1684.40
538.97	1698.40
539.33	1695.60
539.69	1700.00
540.05	1700.40
540.40	1697.00
540.76	1718.80
541.12	1710.20
541.48	1733.20
541.84	1696.00
542.19	1710.80
542.55	1729.20
542.91	1710.20
543.27	1718.20
543.62	1725.20
543.98	1715.20
544.34	1719.80
544.70	1741.20
545.05	1749.20
545.41	1746.60
545.77	1743.40
546.12	1738.60
546.48	1744.80
546.84	1735.40
547.20	1739.00
547.55	1750.80
547.91	1768.40
548.27	1753.00
548.62	1752.60
548.98	1767.20
549.34	1769.80
549.69	1778.00
550.05	1774.20
550.41	1782.60
550.77	1770.60
551.12	1778.80
551.48	1765.00
551.83	1784.40
552.19	1781.20
552.55	1783.40
552.90	1796.20
553.26	1804.00
553.62	1804.40
553.97	1798.00
554.33	1786.80
554.69	1810.20
555.04	1794.60
555.40	1797.60
555.75	1810.20
556.11	1834.20
556.47	1823.20
556.82	1825.00
557.18	1835.00
557.53	1817.40
557.89	1838.60
558.24	1841.60
558.60	1823.20
558.96	1850.00
559.31	1846.80
559.67	1848.40
560.02	1858.60
560.38	1840.80
560.73	1863.80
561.09	1876.00
561.44	1874.80
561.80	1874.80
562.16	1891.40
562.51	1889.60
562.87	1917.40
563.22	1898.80
563.58	1891.60
563.93	1907.40
564.29	1898.80
564.64	1920.80
565.00	1918.20
565.35	1922.00
565.71	1916.80
566.06	1937.00
566.41	1942.80
566.77	1930.40
567.12	1961.60
567.48	1949.00
567.83	1956.20
568.19	1965.20
568.54	1972.00
568.90	1969.60
569.25	1974.40
569.60	1987.20
569.96	2003.60
570.31	1980.60
570.67	1994.60
571.02	1991.40
571.38	2001.40
571.73	1988.80
572.08	2027.00
572.44	1998.20
572.79	2002.20
573.15	2016.80
573.50	1992.60
573.85	2019.00
574.21	2004.80
574.56	2005.20
574.91	2033.40
575.27	2021.40
575.62	2015.60
575.97	2034.20
576.33	2020.40
576.68	2035.20
577.03	2024.80
577.39	2024.60
577.74	2025.60
578.09	2025.00
578.45	2027.80
578.80	2017.60
579.15	2006.80
579.51	2009.80
579.86	2011.00
580.21	2028.40
580.57	2023.00
580.92	2024.40
581.27	2023.20
581.62	2035.20
581.98	2021.00
582.33	2020.20
582.68	2001.60
583.03	2011.00
583.39	2024.40
583.74	2034.00
584.09	2015.00
584.44	2006.20
584.80	2005.20
585.15	2002.20
585.50	2004.40
585.85	2020.00
586.21	1990.60
586.56	2009.60
586.91	2010.00
587.26	2010.60
587.61	2014.00
587.97	1992.20
588.32	2009.00
588.67	1991.40
589.02	2002.20
589.37	1988.00
589.73	1997.80
590.08	2015.20
590.43	1994.80
590.78	1999.80
591.13	1991.80
591.48	2010.60
591.83	1987.60
592.19	2001.60
592.54	1985.00
592.89	1993.60
593.24	2007.80
593.59	1982.80
593.94	2005.40
594.29	2002.60
594.64	2000.40
595.00	2007.80
595.35	2008.40
595.70	1998.40
596.05	1994.60
596.40	1992.20
596.75	2004.60
597.10	2017.40
597.45	2001.20
597.80	2004.40
598.15	2002.60
598.50	2008.60
598.85	2007.20
599.20	2003.20
599.55	2002.20
599.90	2002.00
600.26	2017.00
600.61	2024.20
600.96	2020.20
601.31	2023.00
601.66	2023.20
602.01	2012.20
602.36	2016.80
602.71	2022.60
603.06	2030.00
603.41	2021.40
603.76	2034.00
604.11	2031.80
604.46	2022.40
604.81	2043.40
605.16	2023.40
605.50	2059.00
605.85	2051.40
606.20	2056.00
606.55	2060.00
606.90	2054.80
607.25	2058.20
607.60	2046.60
607.95	2064.20
608.30	2054.00
608.65	2071.80
609.00	2063.60
609.35	2044.80
609.70	2072.00
610.05	2059.20
610.40	2079.20
610.74	2069.40
611.09	2061.40
611.44	2064.00
611.79	2072.20
612.14	2085.60
612.49	2073.20
612.84	2079.40
613.19	2088.60
613.53	2072.00
613.88	2111.40
614.23	2092.60
614.58	2088.80
614.93	2092.60
615.28	2089.20
615.62	2092.00
615.97	2086.40
616.32	2111.00
616.67	2102.80
617.02	2100.40
617.37	2105.60
617.71	2113.40
618.06	2113.20
618.41	2113.00
618.76	2105.40
619.11	2105.00
619.45	2117.20
619.80	2119.40
620.15	2113.00
620.50	2096.80
620.84	2117.00
621.19	2113.60
621.54	2113.40
621.89	2112.00
622.23	2101.80
622.58	2099.20
622.93	2105.60
623.28	2115.20
623.62	2079.60
623.97	2099.00
624.32	2114.20
624.66	2096.20
625.01	2100.80
625.36	2097.80
625.71	2091.40
626.05	2101.40
626.40	2105.20
626.75	2094.00
627.09	2100.40
627.44	2088.40
627.79	2099.40
628.13	2066.60
628.48	2100.20
628.83	2101.80
629.17	2070.60
629.52	2075.60
629.87	2067.40
630.21	2082.00
630.56	2079.60
630.90	2083.80
631.25	2091.00
631.60	2076.60
631.94	2066.40
632.29	2064.20
632.63	2082.80
632.98	2052.80
633.33	2047.20
633.67	2050.80
634.02	2051.20
634.36	2043.40
634.71	2027.00
635.06	2045.00
635.40	2022.60
635.75	2029.40
636.09	2000.80
636.44	2020.00
636.78	1998.60
637.13	2001.80
637.47	1993.40
637.82	2002.80
638.16	1981.20
638.51	2004.40
638.86	1982.20
639.20	1989.60
639.55	1989.80
639.89	1984.20
640.24	1973.80
640.58	1994.20
640.93	1974.20
641.27	1959.20
641.62	1984.80
641.96	1958.00
642.30	1947.80
642.65	1961.60
642.99	1954.00
643.34	1946.40
643.68	1953.00
644.03	1944.60
644.37	1937.40
644.72	1936.20
645.06	1934.00
645.40	1936.40
645.75	1941.40
646.09	1916.00
646.44	1928.60
646.78	1918.00
647.13	1908.60
647.47	1897.20
647.81	1907.20
648.16	1889.00
648.50	1914.20
648.85	1912.60
649.19	1888.80
649.53	1885.00
649.88	1889.80
650.22	1902.80
650.56	1884.20
650.91	1883.00
651.25	1871.60
651.59	1872.80
651.94	1882.80
652.28	1892.40
652.62	1879.00
652.97	1887.20
653.31	1872.20
653.65	1888.20
654.00	1891.20
654.34	1883.20
654.68	1859.80
655.03	1873.60
655.37	1873.40
655.71	1880.40
656.05	1879.00
656.40	1871.40
656.74	1855.80
657.08	1876.80
657.43	1866.00
657.77	1863.20
658.11	1861.60
658.45	1876.20
658.80	1861.40
659.14	1874.60
659.48	1851.00
659.82	1860.40
660.16	1865.40
660.51	1853.60
660.85	1865.20
661.19	1866.00
661.53	1877.60
661.87	1868.60
662.22	1872.60
662.56	1846.00
662.90	1867.00
663.24	1862.00
663.58	1851.40
663.93	1854.20
664.27	1838.60
664.61	1853.60
664.95	1864.60
665.29	1859.20
665.63	1846.00
665.98	1852.00
666.32	1851.00
666.66	1847.60
667.00	1843.60
667.34	1868.00
667.68	1853.20
668.02	1832.60
668.36	1852.80
668.70	1848.40
669.05	1827.80
669.39	1847.20
669.73	1854.80
670.07	1843.60
670.41	1843.00
670.75	1846.60
671.09	1842.60
671.43	1831.40
671.77	1844.40
672.11	1846.20
672.45	1839.00
672.79	1827.80
673.13	1840.80
673.47	1822.20
673.81	1845.40
674.16	1817.60
674.50	1812.20
674.84	1812.60
675.18	1806.60
675.52	1819.40
675.86	1806.20
676.20	1807.80
676.54	1791.00
676.88	1795.80
677.22	1797.80
677.56	1792.40
677.90	1800.80
678.23	1788.20
678.57	1790.20
678.91	1789.00
679.25	1785.60
679.59	1777.00
679.93	1769.00
680.27	1766.40
680.61	1771.80
680.95	1755.20
681.29	1765.20
681.63	1749.00
681.97	1760.20
682.31	1737.20
682.65	1741.00
682.99	1745.80
683.32	1735.20
683.66	1747.20
684.00	1732.00
684.34	1723.20
684.68	1709.00
685.02	1728.60
685.36	1712.60
685.70	1714.80
686.03	1718.60
686.37	1726.60
686.71	1708.80
687.05	1694.80
687.39	1706.60
687.73	1693.40
688.07	1676.80
688.40	1679.60
688.74	1690.00
689.08	1665.60
689.42	1670.40
689.76	1656.60
690.09	1673.20
690.43	1639.60
690.77	1668.40
691.11	1635.80
691.45	1635.40
691.78	1653.40
692.12	1628.20
692.46	1624.20
692.80	1619.40
693.13	1633.00
693.47	1611.60
693.81	1608.40
694.15	1601.80
694.48	1600.40
694.82	1594.60
695.16	1593.60
695.50	1588.40
695.83	1574.80
696.17	1574.20
696.51	1558.60
696.84	1557.40
697.18	1557.20
697.52	1563.40
697.85	1554.80
698.19	1553.60
698.53	1552.40
698.87	1539.60
699.20	1534.20
699.54	1517.00
699.88	1531.00
700.21	1525.80
700.55	1518.80
700.88	1519.60
701.22	1495.60
701.56	1508.00
701.89	1500.20
702.23	1489.20
702.57	1501.00
702.90	1468.40
703.24	1490.60
703.57	1467.60
703.91	1474.60
704.25	1458.00
704.58	1467.60
704.92	1456.00
705.25	1437.20
705.59	1451.40
705.93	1441.00
706.26	1434.60
706.60	1433.20
706.93	1425.00
707.27	1406.40
707.60	1426.40
707.94	1411.20
708.27	1410.00
708.61	1421.60
708.95	1403.40
709.28	1389.40
709.62	1390.00
709.95	1401.80
710.29	1379.00
710.62	1376.00
710.96	1382.80
711.29	1370.40
711.63	1382.20
711.96	1367.60
712.30	1364.80
712.63	1368.40
712.96	1349.80
713.30	1360.00
713.63	1346.60
713.97	1360.40
714.30	1359.60
714.64	1338.40
714.97	1339.20
715.31	1338.00
715.64	1335.40
715.97	1339.40
716.31	1343.60
716.64	1325.60
716.98	1334.20
717.31	1339.60
717.64	1331.60
717.98	1325.40
718.31	1327.20
718.65	1316.40
718.98	1316.80
719.31	1325.40
719.65	1316.40
719.98	1309.80
720.32	1311.20
720.65	1308.40
720.98	1300.00
721.32	1298.00
721.65	1297.20
721.98	1293.60
722.32	1284.40
722.65	1287.60
722.98	1284.40
723.32	1275.40
723.65	1268.00
723.98	1277.20
724.31	1262.80
724.65	1280.80
724.98	1268.80
725.31	1266.20
725.65	1281.20
725.98	1272.80
726.31	1264.60
726.64	1261.60
726.98	1260.60
727.31	1265.40
727.64	1268.20
727.97	1254.40
728.31	1255.40
728.64	1258.00
728.97	1244.40
729.30	1252.80
729.64	1268.60
729.97	1247.60
730.30	1256.00
730.63	1255.80
730.96	1242.20
731.30	1255.00
731.63	1250.00
731.96	1245.20
732.29	1245.80
732.62	1244.60
732.96	1225.20
733.29	1238.60
733.62	1235.80
733.95	1234.60
734.28	1231.40
734.61	1214.80
734.94	1240.40
735.28	1229.60
735.61	1223.40
735.94	1227.20
736.27	1222.40
736.60	1215.60
736.93	1216.60
737.26	1215.40
737.59	1209.00
737.92	1204.40
738.26	1213.20
738.59	1199.80
738.92	1201.80
739.25	1205.80
739.58	1198.00
739.91	1197.80
740.24	1196.60
740.57	1189.80
740.90	1198.60
741.23	1184.20
741.56	1183.00
741.89	1186.60
742.22	1175.20
742.55	1183.40
742.88	1174.40
743.21	1174.80
743.54	1173.00
743.87	1184.80
744.20	1178.60
744.53	1167.00
744.86	1171.60
745.19	1160.40
745.52	1156.80
745.85	1166.80
746.18	1164.80
746.51	1158.80
746.84	1163.20
747.17	1154.20
747.50	1142.20
747.83	1138.00
748.16	1142.60
748.49	1133.40
748.82	1140.40
749.15	1149.80
749.48	1142.60
749.81	1139.20
750.14	1137.00
750.46	1138.20
750.79	1128.40
751.12	1129.80
751.45	1133.40
751.78	1115.60
752.11	1130.80
752.44	1118.60
752.77	1128.20
753.10	1121.20
753.42	1111.60
753.75	1100.80
754.08	1101.80
754.41	1094.60
754.74	1097.20
755.07	1091.40
755.39	1087.60
755.72	1090.60
756.05	1080.40
756.38	1083.00
756.71	1084.60
757.04	1075.40
757.36	1065.00
757.69	1066.20
758.02	1067.60
758.35	1060.60
758.67	1068.60
759.00	1061.60
759.33	1053.00
759.66	1045.60
759.99	1040.00
760.31	1034.80
760.64	1033.80
760.97	1031.00
761.30	1023.00
761.62	1024.00
761.95	1021.00
762.28	1021.20
762.60	1005.80
762.93	1016.40
763.26	1009.40
763.59	1000.00
763.91	997.00
764.24	999.00
764.57	993.00
764.89	984.80
765.22	980.60
765.55	975.00
765.87	974.20
766.20	960.80
766.53	968.40
766.85	971.20
767.18	966.00
767.51	953.40
767.83	950.00
768.16	949.00
768.48	946.20
768.81	942.60
769.14	929.20
769.46	940.80
769.79	939.80
770.12	916.40
770.44	919.20
770.77	922.40
771.09	905.60
771.42	898.20
771.74	904.40
772.07	906.20
772.40	888.80
772.72	903.60
773.05	891.20
773.37	894.20
773.70	876.80
774.02	873.80
774.35	873.80
774.67	862.80
775.00	870.60
775.32	855.20
775.65	849.40
775.97	852.20
776.30	849.60
776.63	841.20
776.95	845.60
777.27	834.40
777.60	831.80
777.92	827.20
778.25	838.60
778.57	817.80
778.90	829.60
779.22	814.20
779.55	813.00
779.87	808.20
780.20	804.80
780.52	800.80
780.85	801.40
781.17	794.00
781.49	789.00
781.82	786.40
782.14	782.60
782.47	787.20
782.79	781.40
783.11	775.60
783.44	769.20
783.76	767.80
784.09	755.20
784.41	760.20
784.73	754.00
785.06	750.40
785.38	742.40
785.70	747.80
786.03	739.00
786.35	740.40
786.67	732.40
787.00	732.60
787.32	730.80
787.64	729.80
787.97	726.60
788.29	716.60
788.61	713.80
788.94	719.40
789.26	717.80
789.58	717.00
789.91	717.00
790.23	720.80
790.55	717.80
790.87	706.20
791.20	717.40
791.52	711.00
791.84	709.80
792.16	709.20
792.49	704.40
792.81	701.40
793.13	713.40
793.45	705.00
793.78	714.60
794.10	711.60
794.42	709.20
794.74	701.00
795.06	708.60
795.39	712.40
795.71	702.40
796.03	708.40
796.35	708.60
796.67	709.80
797.00	709.60
797.32	710.20
797.64	703.40
797.96	715.60
798.28	715.20
798.60	721.20
798.93	712.20
799.25	711.20
799.57	714.80
799.89	714.20
800.21	711.40
800.53	706.60
800.85	704.20
801.17	707.20
801.50	709.40
801.82	706.60
802.14	707.20
802.46	707.20
802.78	705.60
803.10	707.80
803.42	701.20
803.74	702.40
804.06	701.00
804.38	698.00
804.70	696.00
805.02	695.60
805.34	699.00
805.66	693.80
805.98	693.00
806.30	700.60
806.62	693.00
806.94	694.40
807.26	694.80
807.58	688.80
807.90	691.60
808.22	689.20
808.54	692.40
808.86	693.80
809.18	686.20
809.50	693.80
809.82	687.60
810.14	684.40
810.46	682.40
810.78	687.40
811.10	683.20
811.42	681.60
811.74	688.00
812.06	681.60
812.38	689.80
812.70	676.20
813.02	677.40
813.34	676.60
813.66	673.20
813.97	681.80
814.29	670.20
814.61	665.60
814.93	679.20
815.25	670.40
815.57	670.80
815.89	670.60
816.21	662.00
816.52	665.00
816.84	668.40
817.16	666.20
817.48	664.00
817.80	661.80
818.12	663.60
818.43	657.00
818.75	662.60
819.07	660.60
819.39	655.40
819.71	661.80
820.03	651.60
820.34	658.00
820.66	652.20
820.98	649.00
821.30	652.00
821.61	646.60
821.93	651.00
822.25	649.00
822.57	638.40
822.88	649.20
823.20	636.40
823.52	629.80
823.84	646.00
824.15	638.20
824.47	634.80
824.79	644.40
825.11	635.80
825.42	638.00
825.74	632.40
826.06	628.80
826.37	636.40
826.69	633.80
827.01	633.60
827.32	627.20
827.64	622.00
827.96	618.80
828.27	627.60
828.59	622.00
828.91	625.00
829.22	623.80
829.54	619.40
829.86	623.40
830.17	622.40
830.49	611.40
830.81	623.20
831.12	614.20
831.44	612.20
831.75	609.80
832.07	613.00
832.39	615.20
832.70	607.00
833.02	605.20
833.33	600.60
833.65	608.20
833.96	610.00
834.28	607.40
834.60	602.20
834.91	603.00
835.23	606.60
835.54	599.40
835.86	599.60
836.17	595.40
836.49	592.00
836.80	603.00
837.12	591.20
837.43	594.80
837.75	590.40
838.06	590.60
838.38	587.80
838.69	586.00
839.01	582.40
839.32	585.80
839.64	581.20
839.95	586.40
840.27	584.00
840.58	579.40
840.90	576.20
841.21	581.40
841.53	569.00
841.84	574.00
842.15	570.80
842.47	572.00
842.78	564.60
843.10	565.40
843.41	560.20
843.72	570.00
844.04	562.40
844.35	557.40
844.67	555.00
844.98	552.40
845.29	546.00
845.61	549.40
845.92	553.60
846.23	550.20
846.55	550.40
846.86	537.20
847.18	541.20
847.49	538.00
847.80	541.80
848.12	535.60
848.43	539.80
848.74	536.00
849.05	534.00
849.37	532.60
849.68	532.80
849.99	518.20
850.31	519.00
850.62	514.40
850.93	519.40
851.24	515.80
851.56	519.80
851.87	513.80
852.18	510.00
852.50	512.60
852.81	510.80
853.12	513.00
853.43	510.80
853.74	504.20
854.06	505.00
854.37	496.40
854.68	495.60
854.99	503.00
855.31	495.80
855.62	494.60
855.93	495.40
856.24	490.80
856.55	483.20
856.87	484.80
857.18	477.80
857.49	478.80
857.80	476.00
858.11	477.40
858.42	473.00
858.73	472.60
859.05	471.00
859.36	465.20
859.67	462.40
859.98	462.80
860.29	461.00
860.60	462.60
860.91	453.20
861.22	456.20
861.54	460.00
861.85	454.60
862.16	454.80
862.47	446.20
862.78	445.00
863.09	444.00
863.40	446.20
863.71	438.40
864.02	437.80
864.33	437.80
864.64	428.00
864.95	431.20
865.26	425.40
865.57	428.60
865.88	426.60
866.19	425.20
866.50	424.80
866.81	418.40
867.12	412.60
867.43	419.20
867.74	411.40
868.05	411.20
868.36	409.40
868.67	409.40
868.98	405.60
869.29	400.60
869.60	408.00
869.91	402.20
870.22	401.80
870.53	403.60
870.84	394.20
871.15	391.80
871.46	392.80
871.77	389.40
872.08	391.20
872.39	385.60
872.69	379.40
873.00	382.40
873.31	381.60
873.62	377.60
873.93	377.80
874.24	377.40
874.55	371.60
874.86	368.60
875.16	373.60
875.47	368.40
875.78	369.80
876.09	367.40
876.40	365.40
876.71	359.80
877.01	359.60
877.32	356.80
877.63	357.60
877.94	355.60
878.25	349.60
878.56	350.20
878.86	347.00
879.17	348.80
879.48	345.20
879.79	346.60
880.09	342.40
880.40	340.00
880.71	346.20
881.02	337.00
881.32	338.40
881.63	337.40
881.94	340.60
882.25	338.20
882.55	331.80
882.86	327.60
883.17	328.60
883.48	334.60
883.78	329.80
884.09	328.20
884.40	326.20
884.70	326.80
885.01	328.60
885.32	327.00
885.62	326.20
885.93	326.00
886.24	323.80
886.54	319.40
886.85	317.20
887.16	325.80
887.46	315.60
887.77	318.80
888.08	316.80
888.38	323.00
888.69	318.20
888.99	319.80
889.30	317.20
889.61	318.00
889.91	318.60
890.22	318.80
890.52	315.80
890.83	310.00
891.14	314.80
891.44	313.00
891.75	316.40
892.05	313.20
892.36	314.80
892.66	314.20
892.97	309.40
893.27	313.20
893.58	312.60
893.89	316.00
894.19	313.80
894.50	311.00
894.80	314.40
895.11	317.20
895.41	315.60
895.72	317.20
896.02	311.00
896.33	313.40
896.63	313.20
896.93	310.80
897.24	312.80
897.54	314.20
897.85	311.20
898.15	311.80
898.46	310.00
898.76	316.40
899.07	310.40
899.37	311.60
899.67	313.20
899.98	309.20
900.28	312.80
900.59	314.40
900.89	311.40
901.19	312.60
901.50	316.40
901.80	314.20
902.11	311.80
902.41	314.80
902.71	312.60
903.02	312.40
903.32	309.20
903.62	308.20
903.93	313.20
904.23	309.00
904.53	311.60
904.84	310.60
905.14	308.60
905.44	310.40
905.75	309.80
906.05	313.00
906.35	316.40
906.66	306.20
906.96	307.00
907.26	311.00
907.56	302.20
907.87	308.80
908.17	303.20
908.47	305.60
908.77	306.80
909.08	305.00
909.38	307.00
909.68	308.40
909.98	301.60
910.29	301.40
910.59	301.80
910.89	304.60
911.19	306.60
911.50	303.20
911.80	302.20
912.10	300.60
912.40	305.40
912.70	299.20
913.00	302.40
913.31	299.00
913.61	303.60
913.91	303.20
914.21	296.80
914.51	300.80
914.81	299.60
915.12	300.40
915.42	300.00
915.72	296.80
916.02	297.60
916.32	296.00
916.62	294.20
916.92	296.60
917.22	292.00
917.52	296.60
917.83	290.80
918.13	292.20
918.43	288.40
918.73	295.80
919.03	291.20
919.33	291.80
919.63	285.40
919.93	289.20
920.23	288.00
920.53	289.60
920.83	289.20
921.13	284.60
921.43	284.00
921.73	281.60
922.03	285.40
922.33	282.00
922.63	283.00
922.93	285.60
923.23	283.40
923.53	284.20
923.83	279.20
924.13	279.40
924.43	279.40
924.73	280.20
925.03	279.20
925.33	275.60
925.63	275.60
925.93	273.20
926.23	274.00
926.53	270.40
926.83	274.60
927.13	272.80
927.42	270.00
927.72	273.40
928.02	268.60
928.32	269.20
928.62	268.40
928.92	267.20
929.22	269.80
929.52	269.40
929.82	267.00
930.11	266.60
930.41	259.60
930.71	264.40
931.01	261.60
931.31	260.60
931.61	260.80
931.90	262.80
932.20	261.20
932.50	262.00
932.80	257.20
933.10	257.60
933.39	254.80
933.69	258.20
933.99	260.60
934.29	256.80
934.59	255.60
934.88	254.40
935.18	253.80
935.48	255.60
935.78	256.20
936.07	254.40
936.37	251.80
936.67	249.80
936.97	248.60
937.26	246.40
937.56	249.20
937.86	248.60
938.15	243.80
938.45	244.00
938.75	243.60
939.05	245.20
939.34	242.20
939.64	244.40
939.94	241.60
940.23	242.20
940.53	240.00
940.83	241.60
941.12	242.00
941.42	238.40
941.71	234.40
942.01	241.00
942.31	241.00
942.60	235.20
942.90	236.60
943.20	236.00
943.49	235.40
943.79	234.20
944.08	230.40
944.38	232.00
944.68	232.40
944.97	232.60
945.27	233.80
945.56	228.60
945.86	226.40
946.15	227.80
946.45	228.40
946.74	227.60
947.04	224.20
947.34	223.00
947.63	223.40
947.93	219.60
948.22	223.40
948.52	220.40
948.81	221.80
949.11	220.00
949.40	222.40
949.70	218.40
949.99	216.40
950.29	216.20
950.58	216.20
950.87	216.80
951.17	216.80
951.46	218.40
951.76	216.80
952.05	213.20
952.35	212.00
952.64	213.80
952.94	211.60
953.23	213.60
953.52	211.20
953.82	211.60
954.11	211.00
954.41	207.20
954.70	208.20
954.99	208.00
955.29	207.80
955.58	205.40
955.87	211.00
956.17	206.00
956.46	207.20
956.76	204.00
957.05	203.00
957.34	204.80
957.64	201.20
957.93	201.40
958.22	202.20
958.52	199.20
958.81	200.00
959.10	198.00
959.39	196.20
959.69	197.20
959.98	195.00
960.27	197.60
960.57	195.40
960.86	194.00
961.15	195.40
961.44	192.80
961.74	193.20
962.03	195.40
962.32	190.60
962.61	192.40
962.91	190.00
963.20	189.80
963.49	187.20
963.78	187.60
964.07	189.60
964.37	191.00
964.66	185.00
964.95	186.00
965.24	183.80
965.53	186.20
965.83	186.40
966.12	187.60
966.41	182.40
966.70	182.80
966.99	182.60
967.28	181.00
967.57	183.20
967.87	181.00
968.16	180.40
968.45	178.00
968.74	180.00
969.03	178.00
969.32	179.80
969.61	178.40
969.90	175.80
970.19	176.00
970.49	173.60
970.78	175.40
971.07	174.60
971.36	176.40
971.65	174.00
971.94	175.60
972.23	174.00
972.52	172.20
972.81	172.60
973.10	170.20
973.39	172.80
973.68	172.60
973.97	169.80
974.26	168.80
974.55	170.60
974.84	170.60
975.13	169.60
975.42	167.20
975.71	166.00
976.00	166.60
976.29	166.40
976.58	165.00
976.87	166.20
977.16	166.60
977.45	164.00
977.74	163.40
978.03	163.40
978.32	162.60
978.60	161.20
978.89	165.20
979.18	160.60
979.47	162.00
979.76	158.80
980.05	161.20
980.34	160.40
980.63	159.00
980.92	161.00
981.20	160.40
981.49	158.40
981.78	158.20
982.07	158.60
982.36	160.00
982.65	158.40
982.94	154.60
983.22	157.80
983.51	156.20
983.80	154.60
984.09	155.60
984.38	154.00
984.66	153.00
984.95	152.80
985.24	153.00
985.53	152.60
985.82	151.20
986.10	150.00
986.39	151.00
986.68	151.40
986.97	151.80
987.25	151.00
987.54	150.60
987.83	149.60
988.12	148.20
988.40	149.80
988.69	148.60
988.98	149.80
989.26	146.60
989.55	147.20
989.84	147.80
990.12	147.20
990.41	147.60
990.70	147.40
990.98	148.40
991.27	147.60
991.56	146.20
991.84	146.40
992.13	145.80
992.42	144.20
992.70	144.20
992.99	146.00
993.28	146.40
993.56	146.40
993.85	144.60
994.13	144.00
994.42	144.20
994.71	141.60
994.99	141.60
995.28	141.00
995.56	141.80
995.85	142.60
996.14	141.80
996.42	142.40
996.71	143.00
996.99	141.60
997.28	141.00
997.56	141.20
997.85	141.20
998.13	138.40
998.42	138.20
998.70	139.80
998.99	141.00
999.27	137.80
999.56	139.60
999.84	140.20
1000.13	140.00
1000.41	136.80
1000.70	137.00
1000.98	138.60
1001.27	138.00
1001.55	137.20
1001.84	139.00
1002.12	138.80
1002.40	136.40
1002.69	137.20
1002.97	138.00
1003.26	135.40
1003.54	134.80
1003.83	137.40
1004.11	136.60
1004.39	136.00
1004.68	134.60
1004.96	135.60
1005.24	136.80
1005.53	135.60
1005.81	135.40
1006.10	133.80
1006.38	134.40
1006.66	135.20
1006.95	134.80
1007.23	133.80
1007.51	132.40
1007.80	132.00
1008.08	133.40
1008.36	133.20
1008.65	131.60
1008.93	131.60
1009.21	132.60
1009.49	132.60
1009.78	131.40
1010.06	130.20
1010.34	131.80
1010.63	132.40
1010.91	132.40
1011.19	130.00
1011.47	130.00
1011.76	130.00
1012.04	129.80
1012.32	130.20
1012.60	132.00
1012.88	133.20
1013.17	130.00
1013.45	129.00
1013.73	128.60
1014.01	128.20
1014.29	130.00
1014.58	129.00
1014.86	129.60
1015.14	128.80
1015.42	127.60
1015.70	128.60
1015.98	127.40
1016.27	129.60
1016.55	128.80
1016.83	128.20
1017.11	127.40
1017.39	127.00
1017.67	127.80
1017.95	127.20
1018.23	127.20
1018.52	127.80
1018.80	126.80
1019.08	125.00
1019.36	125.00
1019.64	125.00
1019.92	126.40
1020.20	126.20
1020.48	126.60
1020.76	127.00
1021.04	126.20
1021.32	125.80
1021.60	125.60
1021.88	125.80
1022.16	126.00
1022.44	125.40
1022.72	125.00
