	0.0	
339.41	0.00
339.79	106.40
340.17	107.40
340.55	108.80
340.94	110.80
341.32	112.00
341.70	112.60
342.08	113.00
342.46	114.00
342.84	113.40
343.22	114.40
343.60	116.00
343.98	115.60
344.36	115.40
344.74	116.40
345.12	115.80
345.50	116.20
345.88	116.00
346.26	115.60
346.64	115.00
347.02	114.80
347.40	116.00
347.78	115.40
348.15	115.80
348.53	115.20
348.91	116.60
349.29	117.80
349.67	119.00
350.05	119.00
350.43	119.40
350.81	120.40
351.19	120.20
351.57	120.60
351.95	120.60
352.33	119.80
352.71	120.60
353.09	121.60
353.47	121.80
353.84	120.60
354.22	120.80
354.60	119.80
354.98	120.60
355.36	122.60
355.74	121.60
356.12	121.60
356.50	122.60
356.88	121.80
357.25	122.00
357.63	121.00
358.01	121.20
358.39	122.40
358.77	122.20
359.15	123.80
359.53	125.20
359.90	125.60
360.28	125.20
360.66	124.00
361.04	124.40
361.42	123.80
361.80	124.80
362.17	125.60
362.55	124.80
362.93	125.00
363.31	125.40
363.69	125.40
364.06	125.60
364.44	126.00
364.82	126.00
365.20	126.80
365.58	126.60
365.95	127.00
366.33	127.60
366.71	127.80
367.09	127.40
367.46	126.80
367.84	127.60
368.22	129.40
368.60	127.40
368.97	129.20
369.35	130.60
369.73	127.40
370.11	128.80
370.48	129.60
370.86	131.00
371.24	130.40
371.62	131.80
371.99	132.60
372.37	132.00
372.75	133.00
373.12	132.20
373.50	131.40
373.88	132.00
374.25	132.40
374.63	133.20
375.01	134.80
375.38	134.40
375.76	134.00
376.14	135.80
376.51	136.00
376.89	136.00
377.27	136.80
377.64	137.20
378.02	139.60
378.40	138.80
378.77	139.60
379.15	138.20
379.53	139.80
379.90	139.60
380.28	140.80
380.66	144.00
381.03	146.20
381.41	144.60
381.78	146.20
382.16	145.40
382.54	144.80
382.91	149.80
383.29	147.20
383.66	146.60
384.04	148.60
384.42	150.80
384.79	150.60
385.17	153.00
385.54	151.60
385.92	150.60
386.29	151.20
386.67	154.40
387.05	154.60
387.42	154.20
387.80	155.20
388.17	156.60
388.55	156.80
388.92	158.40
389.30	159.60
389.67	159.40
390.05	160.80
390.42	162.80
390.80	162.60
391.17	164.20
391.55	165.40
391.92	167.80
392.30	170.00
392.67	167.60
393.05	168.00
393.42	171.40
393.80	170.60
394.17	173.00
394.55	175.40
394.92	171.80
395.30	173.60
395.67	176.40
396.05	180.40
396.42	180.00
396.80	183.60
397.17	182.20
397.55	181.00
397.92	183.00
398.29	187.60
398.67	191.40
399.04	188.40
399.42	188.40
399.79	188.40
400.17	192.80
400.54	192.80
400.91	195.20
401.29	194.00
401.66	196.00
402.04	196.00
402.41	194.00
402.78	198.60
403.16	197.80
403.53	202.60
403.90	206.00
404.28	204.00
404.65	209.40
405.03	205.80
405.40	207.00
405.77	211.20
406.15	211.80
406.52	214.00
406.89	215.60
407.27	210.40
407.64	217.40
408.01	220.60
408.39	224.00
408.76	226.00
409.13	222.40
409.51	230.80
409.88	230.00
410.25	231.00
410.62	230.80
411.00	235.60
411.37	237.40
411.74	234.60
412.12	240.00
412.49	237.40
412.86	241.20
413.23	241.60
413.61	245.20
413.98	253.40
414.35	248.80
414.73	252.80
415.10	247.60
415.47	254.20
415.84	255.00
416.22	254.00
416.59	254.80
416.96	266.00
417.33	261.00
417.70	266.80
418.08	274.20
418.45	267.40
418.82	271.80
419.19	279.00
419.57	281.00
419.94	277.60
420.31	287.80
420.68	285.40
421.05	281.20
421.42	291.80
421.80	291.20
422.17	291.20
422.54	301.80
422.91	295.60
423.28	296.00
423.65	300.40
424.03	306.80
424.40	303.80
424.77	308.40
425.14	308.80
425.51	309.80
425.88	319.60
426.25	319.20
426.63	324.40
427.00	322.60
427.37	326.80
427.74	336.00
428.11	330.40
428.48	339.20
428.85	337.20
429.22	340.00
429.59	342.80
429.97	345.00
430.34	347.80
430.71	354.60
431.08	352.00
431.45	366.20
431.82	367.80
432.19	361.40
432.56	374.20
432.93	372.80
433.30	376.20
433.67	380.60
434.04	381.60
434.41	392.40
434.78	391.20
435.15	392.40
435.52	404.20
435.89	412.80
436.26	414.00
436.63	409.80
437.00	415.40
437.37	414.00
437.74	415.20
438.11	433.80
438.48	425.60
438.85	435.20
439.22	446.80
439.59	452.40
439.96	437.80
440.33	452.80
440.70	462.80
441.07	457.40
441.44	475.80
441.81	460.80
442.18	463.80
442.55	473.80
442.92	480.00
443.29	479.40
443.66	471.60
444.03	482.40
444.40	484.20
444.77	499.40
445.14	494.60
445.51	509.00
445.88	509.00
446.24	503.20
446.61	512.60
446.98	503.80
447.35	527.20
447.72	525.40
448.09	520.80
448.46	512.00
448.83	525.60
449.20	527.00
449.56	525.00
449.93	539.80
450.30	530.20
450.67	555.00
451.04	532.60
451.41	533.00
451.78	557.80
452.14	549.20
452.51	551.00
452.88	547.60
453.25	554.60
453.62	567.20
453.99	561.60
454.35	569.60
454.72	577.60
455.09	583.20
455.46	579.20
455.83	592.40
456.19	595.40
456.56	594.00
456.93	593.20
457.30	607.20
457.66	607.00
458.03	614.20
458.40	606.80
458.77	616.60
459.14	626.00
459.50	620.40
459.87	605.20
460.24	640.60
460.61	631.60
460.97	645.20
461.34	638.00
461.71	637.60
462.07	635.60
462.44	657.80
462.81	669.00
463.18	674.00
463.54	656.80
463.91	686.80
464.28	676.20
464.64	685.20
465.01	675.20
465.38	712.40
465.75	687.00
466.11	706.60
466.48	700.60
466.85	702.60
467.21	702.40
467.58	709.00
467.95	722.60
468.31	729.80
468.68	739.40
469.04	752.40
469.41	769.40
469.78	759.00
470.14	771.20
470.51	770.80
470.88	783.80
471.24	782.80
471.61	810.20
471.98	795.00
472.34	821.40
472.71	826.80
473.07	831.80
473.44	836.80
473.81	845.00
474.17	850.00
474.54	865.20
474.90	880.60
475.27	870.40
475.63	891.00
476.00	893.00
476.37	900.00
476.73	905.40
477.10	925.20
477.46	934.60
477.83	937.60
478.19	954.80
478.56	973.00
478.92	982.80
479.29	988.80
479.65	986.60
480.02	989.40
480.38	1018.20
480.75	1015.60
481.11	1036.20
481.48	1047.40
481.84	1055.40
482.21	1070.20
482.57	1076.00
482.94	1094.20
483.30	1097.60
483.67	1109.80
484.03	1113.60
484.40	1134.60
484.76	1136.40
485.13	1147.80
485.49	1161.20
485.86	1173.40
486.22	1173.40
486.59	1189.40
486.95	1200.40
487.31	1211.60
487.68	1215.40
488.04	1233.00
488.41	1241.40
488.77	1234.80
489.14	1251.60
489.50	1260.60
489.86	1270.40
490.23	1269.00
490.59	1285.40
490.96	1302.20
491.32	1296.20
491.68	1315.00
492.05	1315.60
492.41	1315.00
492.77	1332.20
493.14	1343.20
493.50	1349.60
493.87	1352.80
494.23	1364.80
494.59	1357.40
494.96	1372.60
495.32	1369.80
495.68	1384.60
496.05	1395.80
496.41	1391.80
496.77	1413.00
497.14	1409.60
497.50	1414.40
497.86	1423.80
498.23	1415.20
498.59	1415.00
498.95	1430.00
499.31	1437.80
499.68	1446.20
500.04	1450.00
500.40	1451.00
500.77	1444.60
501.13	1459.20
501.49	1460.60
501.85	1466.00
502.22	1465.20
502.58	1471.00
502.94	1489.00
503.30	1479.60
503.67	1477.00
504.03	1504.20
504.39	1486.00
504.75	1503.20
505.12	1498.60
505.48	1516.40
505.84	1503.40
506.20	1505.00
506.56	1513.40
506.93	1511.60
507.29	1535.60
507.65	1521.60
508.01	1539.00
508.37	1546.20
508.74	1522.00
509.10	1545.40
509.46	1547.80
509.82	1556.80
510.18	1568.80
510.54	1572.60
510.91	1562.00
511.27	1572.20
511.63	1577.80
511.99	1584.00
512.35	1587.20
512.71	1600.20
513.07	1600.20
513.43	1612.80
513.80	1608.80
514.16	1623.40
514.52	1614.20
514.88	1628.40
515.24	1625.20
515.60	1631.60
515.96	1638.40
516.32	1644.60
516.68	1657.60
517.04	1653.40
517.41	1656.00
517.77	1673.00
518.13	1657.60
518.49	1669.60
518.85	1687.20
519.21	1692.40
519.57	1704.80
519.93	1709.00
520.29	1700.00
520.65	1714.40
521.01	1708.60
521.37	1736.00
521.73	1713.80
522.09	1743.00
522.45	1748.80
522.81	1734.20
523.17	1756.80
523.53	1762.60
523.89	1751.00
524.25	1766.80
524.61	1760.00
524.97	1761.20
525.33	1781.40
525.69	1779.20
526.05	1793.00
526.41	1794.60
526.77	1793.20
527.13	1804.20
527.49	1817.60
527.85	1801.60
528.21	1830.80
528.57	1825.20
528.93	1827.20
529.29	1837.60
529.65	1836.40
530.00	1843.60
530.36	1836.60
530.72	1867.00
531.08	1852.80
531.44	1850.80
531.80	1868.80
532.16	1882.40
532.52	1872.20
532.88	1890.40
533.24	1878.80
533.59	1888.00
533.95	1876.40
534.31	1898.40
534.67	1885.20
535.03	1906.20
535.39	1885.40
535.75	1902.60
536.11	1902.00
536.46	1913.20
536.82	1901.20
537.18	1903.40
537.54	1918.60
537.90	1927.60
538.26	1924.40
538.61	1917.20
538.97	1936.40
539.33	1930.80
539.69	1934.80
540.05	1941.00
540.40	1932.60
540.76	1963.80
541.12	1955.60
541.48	1982.80
541.84	1951.60
542.19	1953.00
542.55	1969.60
542.91	1961.60
543.27	1973.00
543.62	1983.00
543.98	1979.20
544.34	1962.60
544.70	1993.80
545.05	1999.60
545.41	1986.40
545.77	2002.40
546.12	2005.60
546.48	1995.20
546.84	1999.20
547.20	2009.40
547.55	2023.60
547.91	2037.20
548.27	2019.40
548.62	2018.20
548.98	2007.00
549.34	2017.40
549.69	2036.60
550.05	2024.20
550.41	2048.20
550.77	2035.20
551.12	2029.40
551.48	2032.00
551.83	2037.60
552.19	2039.00
552.55	2057.80
552.90	2048.40
553.26	2055.80
553.62	2065.00
553.97	2070.60
554.33	2070.20
554.69	2076.60
555.04	2070.20
555.40	2083.20
555.75	2087.60
556.11	2121.00
556.47	2094.40
556.82	2111.00
557.18	2128.80
557.53	2100.80
557.89	2113.60
558.24	2121.60
558.60	2114.40
558.96	2136.20
559.31	2132.00
559.67	2128.20
560.02	2143.40
560.38	2136.60
560.73	2147.40
561.09	2166.80
561.44	2166.80
561.80	2160.60
562.16	2165.80
562.51	2172.40
562.87	2187.80
563.22	2194.20
563.58	2182.60
563.93	2193.20
564.29	2174.80
564.64	2214.40
565.00	2187.80
565.35	2207.00
565.71	2191.60
566.06	2215.00
566.41	2232.20
566.77	2209.60
567.12	2229.00
567.48	2227.20
567.83	2244.60
568.19	2234.80
568.54	2246.20
568.90	2244.80
569.25	2249.60
569.60	2266.80
569.96	2279.40
570.31	2243.20
570.67	2271.40
571.02	2270.80
571.38	2278.40
571.73	2279.80
572.08	2305.60
572.44	2284.60
572.79	2281.20
573.15	2300.00
573.50	2289.40
573.85	2305.40
574.21	2288.80
574.56	2292.00
574.91	2318.60
575.27	2315.80
575.62	2305.60
575.97	2302.00
576.33	2312.00
576.68	2311.40
577.03	2320.00
577.39	2303.00
577.74	2313.00
578.09	2308.20
578.45	2312.00
578.80	2309.60
579.15	2301.80
579.51	2311.20
579.86	2314.00
580.21	2313.40
580.57	2332.80
580.92	2323.00
581.27	2310.40
581.62	2330.00
581.98	2313.60
582.33	2317.80
582.68	2309.60
583.03	2295.80
583.39	2318.20
583.74	2315.60
584.09	2303.40
584.44	2310.60
584.80	2306.40
585.15	2285.80
585.50	2302.00
585.85	2315.80
586.21	2295.60
586.56	2322.40
586.91	2307.00
587.26	2312.80
587.61	2313.00
587.97	2287.20
588.32	2320.00
588.67	2310.40
589.02	2312.60
589.37	2293.60
589.73	2307.20
590.08	2325.60
590.43	2290.40
590.78	2308.40
591.13	2291.20
591.48	2300.20
591.83	2295.40
592.19	2290.00
592.54	2296.40
592.89	2292.40
593.24	2318.00
593.59	2296.00
593.94	2295.80
594.29	2296.00
594.64	2292.80
595.00	2292.20
595.35	2309.80
595.70	2292.80
596.05	2293.80
596.40	2294.00
596.75	2300.20
597.10	2309.60
597.45	2298.20
597.80	2316.80
598.15	2307.40
598.50	2296.60
598.85	2308.80
599.20	2307.00
599.55	2314.80
599.90	2302.40
600.26	2326.20
600.61	2317.00
600.96	2337.80
601.31	2322.60
601.66	2336.60
602.01	2314.60
602.36	2327.00
602.71	2328.00
603.06	2317.60
603.41	2334.40
603.76	2335.20
604.11	2348.40
604.46	2323.20
604.81	2358.60
605.16	2344.00
605.50	2353.80
605.85	2349.00
606.20	2346.40
606.55	2350.60
606.90	2353.80
607.25	2368.00
607.60	2354.80
607.95	2359.60
608.30	2375.40
608.65	2377.00
609.00	2389.60
609.35	2356.20
609.70	2384.80
610.05	2377.80
610.40	2406.00
610.74	2380.20
611.09	2388.80
611.44	2385.40
611.79	2404.60
612.14	2411.60
612.49	2416.80
612.84	2404.20
613.19	2426.80
613.53	2415.20
613.88	2429.80
614.23	2432.00
614.58	2416.20
614.93	2422.00
615.28	2426.00
615.62	2415.00
615.97	2427.40
616.32	2428.20
616.67	2430.80
617.02	2425.00
617.37	2422.40
617.71	2452.60
618.06	2449.80
618.41	2435.40
618.76	2454.60
619.11	2438.20
619.45	2440.40
619.80	2452.60
620.15	2437.20
620.50	2430.20
620.84	2445.40
621.19	2453.00
621.54	2440.60
621.89	2432.20
622.23	2413.40
622.58	2434.00
622.93	2420.80
623.28	2431.40
623.62	2407.40
623.97	2435.00
624.32	2433.40
624.66	2424.60
625.01	2428.00
625.36	2414.60
625.71	2426.40
626.05	2416.20
626.40	2423.20
626.75	2411.80
627.09	2425.20
627.44	2407.20
627.79	2417.60
628.13	2385.40
628.48	2415.40
628.83	2410.00
629.17	2394.00
629.52	2414.40
629.87	2406.00
630.21	2402.20
630.56	2394.60
630.90	2417.60
631.25	2397.60
631.60	2395.60
631.94	2391.40
632.29	2389.20
632.63	2386.80
632.98	2375.40
633.33	2370.60
633.67	2366.60
634.02	2366.80
634.36	2348.60
634.71	2349.60
635.06	2359.00
635.40	2313.40
635.75	2357.00
636.09	2320.60
636.44	2349.40
636.78	2318.00
637.13	2327.20
637.47	2318.20
637.82	2322.00
638.16	2288.20
638.51	2315.60
638.86	2305.60
639.20	2328.60
639.55	2306.20
639.89	2288.20
640.24	2291.00
640.58	2301.40
640.93	2271.20
641.27	2269.40
641.62	2292.80
641.96	2266.00
642.30	2254.40
642.65	2268.80
642.99	2252.80
643.34	2248.60
643.68	2250.40
644.03	2237.40
644.37	2235.40
644.72	2242.00
645.06	2234.20
645.40	2231.40
645.75	2233.00
646.09	2221.40
646.44	2243.60
646.78	2224.20
647.13	2213.20
647.47	2201.00
647.81	2214.20
648.16	2203.00
648.50	2212.80
648.85	2210.40
649.19	2187.60
649.53	2184.40
649.88	2198.00
650.22	2197.20
650.56	2182.00
650.91	2177.80
651.25	2167.80
651.59	2170.60
651.94	2190.60
652.28	2180.40
652.62	2186.60
652.97	2181.40
653.31	2169.60
653.65	2177.20
654.00	2179.80
654.34	2182.40
654.68	2166.00
655.03	2155.80
655.37	2163.40
655.71	2170.20
656.05	2155.80
656.40	2159.20
656.74	2144.00
657.08	2139.40
657.43	2151.60
657.77	2114.00
658.11	2151.60
658.45	2153.40
658.80	2144.60
659.14	2141.20
659.48	2116.80
659.82	2141.20
660.16	2146.80
660.51	2114.40
660.85	2130.80
661.19	2143.60
661.53	2138.60
661.87	2140.60
662.22	2139.20
662.56	2133.20
662.90	2152.40
663.24	2125.40
663.58	2125.00
663.93	2133.80
664.27	2121.80
664.61	2146.00
664.95	2143.20
665.29	2119.20
665.63	2122.20
665.98	2125.60
666.32	2138.00
666.66	2109.60
667.00	2118.40
667.34	2130.20
667.68	2128.20
668.02	2105.60
668.36	2122.40
668.70	2121.60
669.05	2094.00
669.39	2120.00
669.73	2107.60
670.07	2088.00
670.41	2100.20
670.75	2107.60
671.09	2113.20
671.43	2097.80
671.77	2105.60
672.11	2117.20
672.45	2106.00
672.79	2093.20
673.13	2100.80
673.47	2086.00
673.81	2107.60
674.16	2090.40
674.50	2086.80
674.84	2089.00
675.18	2076.80
675.52	2102.80
675.86	2076.20
676.20	2085.00
676.54	2075.20
676.88	2067.80
677.22	2070.80
677.56	2058.80
677.90	2072.80
678.23	2064.00
678.57	2067.00
678.91	2068.40
679.25	2070.80
679.59	2053.80
679.93	2047.60
680.27	2070.00
680.61	2046.80
680.95	2027.60
681.29	2039.60
681.63	2027.40
681.97	2039.80
682.31	2004.80
682.65	2023.80
682.99	2034.80
683.32	1998.60
683.66	2016.60
684.00	2021.20
684.34	2003.80
684.68	1986.60
685.02	2008.80
685.36	1977.40
685.70	1987.00
686.03	1999.00
686.37	1987.20
686.71	1977.20
687.05	1974.00
687.39	1954.80
687.73	1953.80
688.07	1940.80
688.40	1950.20
688.74	1956.80
689.08	1928.40
689.42	1929.40
689.76	1931.00
690.09	1920.60
690.43	1903.60
690.77	1929.00
691.11	1899.80
691.45	1893.40
691.78	1902.00
692.12	1876.40
692.46	1877.40
692.80	1868.80
693.13	1880.20
693.47	1863.60
693.81	1873.40
694.15	1865.20
694.48	1851.20
694.82	1835.60
695.16	1840.60
695.50	1833.20
695.83	1828.60
696.17	1827.60
696.51	1813.80
696.84	1807.80
697.18	1819.60
697.52	1799.40
697.85	1787.80
698.19	1796.60
698.53	1796.60
698.87	1771.80
699.20	1771.40
699.54	1744.60
699.88	1770.00
700.21	1759.60
700.55	1750.00
700.88	1730.00
701.22	1741.80
701.56	1745.80
701.89	1729.40
702.23	1722.20
702.57	1736.20
702.90	1693.20
703.24	1717.00
703.57	1707.40
703.91	1692.40
704.25	1685.40
704.58	1696.20
704.92	1688.80
705.25	1671.40
705.59	1676.00
705.93	1664.20
706.26	1673.00
706.60	1650.40
706.93	1639.80
707.27	1639.80
707.60	1652.20
707.94	1640.80
708.27	1636.40
708.61	1638.20
708.95	1625.40
709.28	1624.40
709.62	1621.00
709.95	1628.20
710.29	1611.20
710.62	1605.20
710.96	1604.00
711.29	1579.40
711.63	1595.60
711.96	1588.00
712.30	1591.80
712.63	1587.00
712.96	1584.40
713.30	1581.80
713.63	1559.20
713.97	1573.40
714.30	1567.80
714.64	1552.40
714.97	1551.00
715.31	1552.80
715.64	1552.00
715.97	1555.80
716.31	1547.80
716.64	1522.40
716.98	1540.20
717.31	1546.60
717.64	1524.60
717.98	1534.40
718.31	1536.20
718.65	1517.80
718.98	1511.40
719.31	1524.20
719.65	1522.20
719.98	1515.00
720.32	1508.60
720.65	1519.60
720.98	1507.20
721.32	1499.80
721.65	1491.80
721.98	1501.00
722.32	1511.00
722.65	1495.60
722.98	1479.20
723.32	1481.80
723.65	1477.20
723.98	1485.80
724.31	1468.80
724.65	1475.00
724.98	1472.20
725.31	1464.00
725.65	1472.20
725.98	1480.20
726.31	1463.00
726.64	1449.20
726.98	1457.00
727.31	1454.80
727.64	1453.00
727.97	1449.00
728.31	1448.60
728.64	1447.60
728.97	1445.40
729.30	1442.00
729.64	1476.20
729.97	1436.80
730.30	1443.00
730.63	1451.80
730.96	1444.60
731.30	1438.40
731.63	1432.20
731.96	1431.80
732.29	1429.40
732.62	1433.60
732.96	1421.40
733.29	1422.80
733.62	1419.40
733.95	1420.40
734.28	1416.60
734.61	1403.20
734.94	1418.80
735.28	1405.60
735.61	1411.00
735.94	1414.20
736.27	1404.80
736.60	1398.60
736.93	1396.00
737.26	1392.00
737.59	1402.00
737.92	1400.40
738.26	1400.20
738.59	1392.40
738.92	1396.80
739.25	1395.20
739.58	1385.60
739.91	1391.20
740.24	1383.60
740.57	1389.60
740.90	1394.80
741.23	1365.20
741.56	1385.40
741.89	1384.00
742.22	1363.00
742.55	1378.20
742.88	1375.60
743.21	1363.80
743.54	1367.00
743.87	1366.00
744.20	1371.40
744.53	1360.00
744.86	1349.40
745.19	1350.00
745.52	1344.80
745.85	1359.60
746.18	1339.80
746.51	1340.00
746.84	1336.00
747.17	1335.20
747.50	1323.00
747.83	1326.80
748.16	1323.80
748.49	1322.00
748.82	1317.40
749.15	1323.00
749.48	1324.40
749.81	1319.00
750.14	1306.00
750.46	1316.80
750.79	1308.60
751.12	1300.60
751.45	1300.40
751.78	1291.40
752.11	1296.80
752.44	1289.00
752.77	1282.60
753.10	1275.60
753.42	1266.80
753.75	1272.20
754.08	1273.60
754.41	1261.60
754.74	1264.80
755.07	1250.40
755.39	1251.20
755.72	1252.20
756.05	1239.40
756.38	1235.40
756.71	1247.40
757.04	1242.00
757.36	1227.80
757.69	1224.80
758.02	1230.40
758.35	1221.40
758.67	1228.40
759.00	1219.80
759.33	1202.00
759.66	1194.00
759.99	1193.80
760.31	1192.20
760.64	1189.60
760.97	1187.40
761.30	1171.00
761.62	1186.60
761.95	1174.40
762.28	1171.40
762.60	1152.60
762.93	1156.60
763.26	1154.40
763.59	1144.00
763.91	1159.20
764.24	1135.00
764.57	1148.00
764.89	1134.00
765.22	1132.60
765.55	1133.20
765.87	1126.00
766.20	1107.40
766.53	1112.80
766.85	1123.20
767.18	1095.80
767.51	1108.80
767.83	1091.80
768.16	1092.60
768.48	1085.40
768.81	1081.00
769.14	1072.60
769.46	1078.20
769.79	1075.80
770.12	1059.60
770.44	1052.00
770.77	1059.80
771.09	1040.60
771.42	1031.00
771.74	1032.20
772.07	1038.40
772.40	1015.40
772.72	1028.00
773.05	1015.60
773.37	1016.80
773.70	996.00
774.02	996.40
774.35	1004.40
774.67	987.00
775.00	990.60
775.32	985.80
775.65	967.20
775.97	974.40
776.30	969.00
776.63	956.60
776.95	965.00
777.27	952.80
777.60	946.20
777.92	942.40
778.25	944.20
778.57	937.60
778.90	943.20
779.22	924.20
779.55	930.40
779.87	923.40
780.20	921.20
780.52	915.80
780.85	915.60
781.17	904.40
781.49	906.60
781.82	890.00
782.14	888.60
782.47	897.40
782.79	883.40
783.11	883.20
783.44	867.00
783.76	869.40
784.09	858.40
784.41	864.20
784.73	850.60
785.06	849.00
785.38	852.00
785.70	847.00
786.03	835.80
786.35	837.00
786.67	837.60
787.00	834.60
787.32	825.00
787.64	835.00
787.97	831.40
788.29	825.80
788.61	821.60
788.94	831.20
789.26	824.20
789.58	822.80
789.91	820.60
790.23	817.00
790.55	825.60
790.87	812.80
791.20	821.60
791.52	816.60
791.84	804.00
792.16	816.60
792.49	807.20
792.81	808.60
793.13	811.60
793.45	808.80
793.78	818.40
794.10	803.60
794.42	807.80
794.74	814.20
795.06	808.60
795.39	810.20
795.71	804.60
796.03	808.00
796.35	812.60
796.67	807.40
797.00	808.40
797.32	812.60
797.64	809.20
797.96	813.80
798.28	813.00
798.60	821.40
798.93	811.60
799.25	802.80
799.57	809.40
799.89	807.60
800.21	814.00
800.53	806.80
800.85	808.40
801.17	812.00
801.50	810.40
801.82	806.80
802.14	803.60
802.46	795.80
802.78	805.00
803.10	811.40
803.42	801.60
803.74	799.80
804.06	789.40
804.38	804.40
804.70	806.20
805.02	794.80
805.34	804.80
805.66	800.00
805.98	803.80
806.30	806.40
806.62	799.40
806.94	801.00
807.26	796.80
807.58	788.60
807.90	802.00
808.22	798.00
808.54	794.20
808.86	804.60
809.18	784.80
809.50	797.40
809.82	792.80
810.14	790.80
810.46	787.20
810.78	789.20
811.10	786.40
811.42	786.00
811.74	783.60
812.06	788.00
812.38	782.00
812.70	781.40
813.02	780.20
813.34	784.60
813.66	776.80
813.97	778.20
814.29	780.20
814.61	768.60
814.93	777.60
815.25	780.00
815.57	775.40
815.89	774.20
816.21	768.60
816.52	770.60
816.84	766.20
817.16	767.40
817.48	761.20
817.80	759.20
818.12	757.80
818.43	753.60
818.75	756.60
819.07	756.60
819.39	755.20
819.71	748.60
820.03	751.00
820.34	752.80
820.66	750.20
820.98	749.20
821.30	748.80
821.61	740.40
821.93	748.80
822.25	743.40
822.57	746.40
822.88	740.00
823.20	736.40
823.52	731.80
823.84	736.00
824.15	736.20
824.47	726.60
824.79	731.60
825.11	729.40
825.42	734.60
825.74	726.20
826.06	726.20
826.37	727.80
826.69	718.20
827.01	725.60
827.32	722.60
827.64	718.00
827.96	710.80
828.27	722.80
828.59	711.40
828.91	710.60
829.22	713.20
829.54	713.40
829.86	709.40
830.17	711.40
830.49	706.20
830.81	700.60
831.12	698.40
831.44	702.80
831.75	706.00
832.07	700.60
832.39	696.40
832.70	689.20
833.02	690.40
833.33	689.80
833.65	697.00
833.96	701.80
834.28	697.20
834.60	686.40
834.91	690.20
835.23	694.20
835.54	687.40
835.86	684.80
836.17	678.40
836.49	675.60
836.80	679.00
837.12	680.80
837.43	672.40
837.75	675.00
838.06	676.20
838.38	664.60
838.69	672.80
839.01	665.60
839.32	670.00
839.64	666.80
839.95	665.40
840.27	664.00
840.58	664.20
840.90	661.60
841.21	668.00
841.53	656.40
841.84	658.20
842.15	650.80
842.47	647.40
842.78	648.20
843.10	648.20
843.41	646.20
843.72	644.80
844.04	639.80
844.35	641.00
844.67	634.00
844.98	631.20
845.29	631.60
845.61	631.40
845.92	632.40
846.23	626.20
846.55	624.20
846.86	621.20
847.18	614.40
847.49	622.40
847.80	618.20
848.12	609.00
848.43	612.20
848.74	610.20
849.05	607.40
849.37	609.40
849.68	604.60
849.99	599.40
850.31	591.80
850.62	592.80
850.93	590.80
851.24	589.60
851.56	588.00
851.87	585.60
852.18	586.40
852.50	585.80
852.81	590.00
853.12	576.60
853.43	574.00
853.74	578.60
854.06	570.60
854.37	572.00
854.68	564.20
854.99	567.60
855.31	559.00
855.62	560.60
855.93	554.60
856.24	553.60
856.55	558.00
856.87	551.00
857.18	543.20
857.49	546.40
857.80	544.40
858.11	536.20
858.42	537.00
858.73	542.80
859.05	534.80
859.36	529.00
859.67	522.80
859.98	521.40
860.29	528.00
860.60	526.60
860.91	519.00
861.22	514.60
861.54	515.00
861.85	512.60
862.16	509.40
862.47	504.20
862.78	507.80
863.09	497.80
863.40	501.20
863.71	494.60
864.02	491.60
864.33	502.60
864.64	486.60
864.95	490.60
865.26	485.80
865.57	488.20
865.88	479.80
866.19	484.00
866.50	474.00
866.81	478.20
867.12	469.20
867.43	469.40
867.74	467.80
868.05	467.00
868.36	464.40
868.67	463.40
868.98	464.20
869.29	458.00
869.60	455.40
869.91	455.80
870.22	451.60
870.53	455.40
870.84	448.00
871.15	445.80
871.46	447.60
871.77	441.20
872.08	434.80
872.39	433.80
872.69	431.40
873.00	429.40
873.31	424.60
873.62	426.00
873.93	426.80
874.24	421.80
874.55	415.00
874.86	415.00
875.16	412.60
875.47	410.40
875.78	410.80
876.09	412.80
876.40	409.20
876.71	402.60
877.01	402.60
877.32	405.00
877.63	397.60
877.94	402.80
878.25	397.00
878.56	394.40
878.86	399.20
879.17	394.40
879.48	389.20
879.79	383.20
880.09	386.00
880.40	380.80
880.71	380.40
881.02	378.20
881.32	376.20
881.63	373.80
881.94	376.80
882.25	375.60
882.55	371.80
882.86	371.60
883.17	370.20
883.48	372.80
883.78	371.20
884.09	361.40
884.40	366.80
884.70	361.80
885.01	364.80
885.32	363.40
885.62	365.80
885.93	361.40
886.24	360.80
886.54	354.60
886.85	360.40
887.16	361.20
887.46	354.20
887.77	355.80
888.08	353.00
888.38	357.20
888.69	357.60
888.99	353.20
889.30	355.80
889.61	350.20
889.91	360.80
890.22	352.60
890.52	354.20
890.83	352.40
891.14	348.20
891.44	347.80
891.75	354.40
892.05	351.00
892.36	350.00
892.66	352.00
892.97	350.00
893.27	349.20
893.58	349.40
893.89	355.20
894.19	351.20
894.50	345.80
894.80	353.80
895.11	349.80
895.41	347.60
895.72	344.60
896.02	350.40
896.33	346.00
896.63	353.60
896.93	345.60
897.24	343.20
897.54	354.60
897.85	349.00
898.15	346.60
898.46	345.60
898.76	348.20
899.07	351.80
899.37	349.80
899.67	347.80
899.98	350.00
900.28	347.40
900.59	349.00
900.89	347.40
901.19	349.00
901.50	345.60
901.80	350.60
902.11	348.20
902.41	347.80
902.71	347.20
903.02	347.80
903.32	348.00
903.62	346.00
903.93	350.00
904.23	350.00
904.53	353.20
904.84	346.20
905.14	341.20
905.44	343.00
905.75	344.40
906.05	346.80
906.35	350.40
906.66	343.40
906.96	343.60
907.26	346.40
907.56	344.20
907.87	345.00
908.17	342.80
908.47	344.80
908.77	343.80
909.08	339.60
909.38	342.60
909.68	343.00
909.98	338.60
910.29	344.00
910.59	341.20
910.89	340.20
911.19	341.00
911.50	339.60
911.80	334.20
912.10	339.60
912.40	340.20
912.70	336.20
913.00	337.80
913.31	330.60
913.61	336.20
913.91	336.80
914.21	329.80
914.51	337.00
914.81	338.00
915.12	336.60
915.42	334.40
915.72	330.40
916.02	327.20
916.32	330.20
916.62	329.40
916.92	327.20
917.22	328.00
917.52	324.80
917.83	321.20
918.13	324.00
918.43	323.40
918.73	325.40
919.03	320.80
919.33	326.00
919.63	323.80
919.93	320.00
920.23	316.40
920.53	318.40
920.83	316.00
921.13	317.20
921.43	313.20
921.73	310.80
922.03	317.00
922.33	312.20
922.63	310.00
922.93	314.40
923.23	312.80
923.53	309.40
923.83	313.60
924.13	305.40
924.43	308.00
924.73	303.80
925.03	305.60
925.33	304.20
925.63	305.80
925.93	306.20
926.23	304.20
926.53	301.00
926.83	301.40
927.13	299.80
927.42	299.60
927.72	299.40
928.02	299.40
928.32	296.40
928.62	301.40
928.92	297.00
929.22	292.80
929.52	292.40
929.82	296.40
930.11	294.80
930.41	293.00
930.71	288.40
931.01	290.00
931.31	289.00
931.61	292.20
931.90	290.60
932.20	289.60
932.50	283.40
932.80	285.40
933.10	284.20
933.39	281.00
933.69	285.40
933.99	281.20
934.29	278.40
934.59	280.40
934.88	277.80
935.18	278.40
935.48	277.80
935.78	277.00
936.07	275.20
936.37	275.80
936.67	276.00
936.97	272.20
937.26	274.00
937.56	273.00
937.86	272.00
938.15	270.20
938.45	268.20
938.75	267.80
939.05	268.40
939.34	265.00
939.64	262.40
939.94	264.20
940.23	265.20
940.53	262.80
940.83	263.40
941.12	262.20
941.42	260.00
941.71	261.60
942.01	259.20
942.31	256.00
942.60	255.20
942.90	254.60
943.20	254.60
943.49	252.60
943.79	254.00
944.08	252.80
944.38	252.20
944.68	252.20
944.97	252.80
945.27	250.60
945.56	251.20
945.86	246.60
946.15	246.40
946.45	248.00
946.74	246.20
947.04	242.20
947.34	245.60
947.63	240.40
947.93	239.60
948.22	240.40
948.52	240.20
948.81	240.60
949.11	239.20
949.40	239.20
949.70	234.80
949.99	234.40
950.29	235.80
950.58	235.40
950.87	236.20
951.17	232.20
951.46	233.60
951.76	232.00
952.05	229.20
952.35	228.80
952.64	229.40
952.94	227.00
953.23	230.20
953.52	226.20
953.82	228.40
954.11	228.20
954.41	225.80
954.70	223.20
954.99	226.00
955.29	229.00
955.58	223.20
955.87	221.40
956.17	218.80
956.46	222.20
956.76	219.00
957.05	221.40
957.34	219.40
957.64	218.20
957.93	215.20
958.22	212.60
958.52	214.00
958.81	212.40
959.10	212.80
959.39	211.60
959.69	214.60
959.98	212.20
960.27	211.00
960.57	209.60
960.86	207.80
961.15	213.00
961.44	208.80
961.74	205.20
962.03	205.40
962.32	210.60
962.61	204.20
962.91	208.00
963.20	202.20
963.49	204.00
963.78	203.40
964.07	201.80
964.37	200.80
964.66	203.40
964.95	203.60
965.24	197.40
965.53	199.40
965.83	197.40
966.12	196.20
966.41	194.40
966.70	194.20
966.99	195.60
967.28	193.40
967.57	193.00
967.87	195.00
968.16	194.20
968.45	192.80
968.74	190.00
969.03	191.40
969.32	190.20
969.61	188.00
969.90	183.00
970.19	188.40
970.49	188.60
970.78	186.20
971.07	181.00
971.36	184.20
971.65	183.20
971.94	183.80
972.23	185.60
972.52	182.80
972.81	183.00
973.10	181.20
973.39	178.80
973.68	181.40
973.97	178.20
974.26	179.00
974.55	180.80
974.84	178.40
975.13	179.20
975.42	178.20
975.71	174.20
976.00	176.80
976.29	175.80
976.58	172.80
976.87	173.00
977.16	172.80
977.45	174.40
977.74	171.00
978.03	171.00
978.32	171.20
978.60	172.20
978.89	171.80
979.18	171.40
979.47	171.80
979.76	170.00
980.05	168.40
980.34	168.60
980.63	170.60
980.92	167.20
981.20	166.80
981.49	167.00
981.78	163.80
982.07	163.20
982.36	162.20
982.65	162.60
982.94	161.80
983.22	162.20
983.51	161.40
983.80	161.20
984.09	162.00
984.38	161.40
984.66	162.20
984.95	157.80
985.24	159.60
985.53	161.00
985.82	158.60
986.10	157.00
986.39	156.40
986.68	158.40
986.97	159.20
987.25	157.00
987.54	156.80
987.83	156.40
988.12	158.20
988.40	156.80
988.69	154.40
988.98	153.40
989.26	153.40
989.55	151.60
989.84	151.20
990.12	153.20
990.41	156.80
990.70	153.60
990.98	153.60
991.27	151.60
991.56	153.80
991.84	152.20
992.13	151.20
992.42	150.40
992.70	152.40
992.99	150.20
993.28	149.80
993.56	149.80
993.85	149.80
994.13	147.60
994.42	147.40
994.71	150.00
994.99	147.80
995.28	148.80
995.56	150.00
995.85	149.20
996.14	146.80
996.42	147.00
996.71	144.40
996.99	145.60
997.28	145.80
997.56	144.60
997.85	145.60
998.13	145.40
998.42	145.80
998.70	145.40
998.99	144.60
999.27	143.20
999.56	143.40
999.84	143.80
1000.13	143.80
1000.41	142.00
1000.70	141.40
1000.98	142.60
1001.27	141.00
1001.55	141.00
1001.84	140.00
1002.12	143.00
1002.40	140.60
1002.69	140.80
1002.97	140.80
1003.26	141.60
1003.54	140.60
1003.83	139.00
1004.11	138.20
1004.39	138.20
1004.68	138.80
1004.96	138.60
1005.24	137.80
1005.53	138.20
1005.81	139.40
1006.10	138.20
1006.38	138.80
1006.66	137.60
1006.95	137.40
1007.23	139.60
1007.51	139.20
1007.80	136.80
1008.08	136.40
1008.36	136.00
1008.65	137.20
1008.93	136.80
1009.21	136.20
1009.49	136.20
1009.78	135.20
1010.06	134.60
1010.34	135.20
1010.63	135.80
1010.91	134.00
1011.19	135.20
1011.47	134.20
1011.76	134.20
1012.04	133.20
1012.32	132.80
1012.60	131.60
1012.88	130.00
1013.17	131.60
1013.45	132.80
1013.73	133.00
1014.01	132.80
1014.29	132.60
1014.58	133.00
1014.86	132.40
1015.14	131.00
1015.42	130.60
1015.70	131.60
1015.98	131.60
1016.27	132.20
1016.55	131.40
1016.83	129.80
1017.11	129.20
1017.39	128.60
1017.67	128.00
1017.95	127.60
1018.23	129.00
1018.52	129.40
1018.80	128.80
1019.08	129.40
1019.36	128.40
1019.64	128.80
1019.92	129.00
1020.20	129.80
1020.48	129.40
1020.76	129.00
1021.04	129.20
1021.32	128.80
1021.60	128.40
1021.88	127.60
1022.16	128.00
1022.44	128.40
1022.72	126.80
