	0.0	
339.41	0.00
339.79	106.40
340.17	107.00
340.55	108.60
340.94	109.60
341.32	110.80
341.70	111.20
342.08	111.60
342.46	112.40
342.84	113.80
343.22	114.60
343.60	114.60
343.98	115.80
344.36	115.60
344.74	115.60
345.12	114.80
345.50	114.20
345.88	115.20
346.26	116.80
346.64	116.20
347.02	115.20
347.40	114.80
347.78	115.40
348.15	115.80
348.53	115.20
348.91	116.80
349.29	118.80
349.67	117.60
350.05	118.60
350.43	118.80
350.81	119.00
351.19	120.20
351.57	120.80
351.95	120.40
352.33	121.20
352.71	120.40
353.09	120.20
353.47	121.00
353.84	120.80
354.22	121.00
354.60	120.80
354.98	121.60
355.36	121.60
355.74	120.20
356.12	120.60
356.50	121.60
356.88	121.80
357.25	122.40
357.63	122.20
358.01	122.60
358.39	122.20
358.77	123.20
359.15	122.40
359.53	122.20
359.90	122.60
360.28	123.40
360.66	123.20
361.04	122.80
361.42	122.40
361.80	124.60
362.17	125.00
362.55	125.40
362.93	125.40
363.31	125.20
363.69	124.20
364.06	125.20
364.44	126.60
364.82	127.20
365.20	127.60
365.58	127.00
365.95	128.40
366.33	126.80
366.71	128.20
367.09	128.20
367.46	127.60
367.84	127.00
368.22	127.40
368.60	129.20
368.97	129.60
369.35	130.40
369.73	129.80
370.11	130.40
370.48	129.80
370.86	131.60
371.24	132.80
371.62	132.00
371.99	132.00
372.37	131.80
372.75	131.20
373.12	134.00
373.50	133.40
373.88	133.00
374.25	133.40
374.63	135.20
375.01	134.60
375.38	134.40
375.76	134.80
376.14	135.20
376.51	136.20
376.89	136.20
377.27	135.80
377.64	137.00
378.02	139.20
378.40	140.40
378.77	140.00
379.15	140.60
379.53	142.00
379.90	142.40
380.28	142.40
380.66	144.20
381.03	144.40
381.41	144.80
381.78	146.00
382.16	145.80
382.54	146.00
382.91	149.80
383.29	149.20
383.66	148.80
384.04	149.80
384.42	151.20
384.79	151.80
385.17	151.00
385.54	151.00
385.92	152.80
386.29	154.80
386.67	154.60
387.05	155.00
387.42	155.40
387.80	158.20
388.17	158.60
388.55	159.60
388.92	160.20
389.30	159.80
389.67	164.40
390.05	163.80
390.42	166.00
390.80	164.20
391.17	166.20
391.55	169.20
391.92	167.40
392.30	168.40
392.67	172.00
393.05	171.00
393.42	175.40
393.80	176.60
394.17	176.00
394.55	178.00
394.92	176.40
395.30	179.20
395.67	180.80
396.05	183.60
396.42	185.20
396.80	184.60
397.17	184.80
397.55	186.40
397.92	188.40
398.29	190.00
398.67	189.60
399.04	193.80
399.42	193.40
399.79	198.80
400.17	198.20
400.54	194.40
400.91	198.60
401.29	202.40
401.66	201.40
402.04	203.80
402.41	200.80
402.78	205.60
403.16	206.00
403.53	204.80
403.90	211.20
404.28	208.80
404.65	214.00
405.03	214.00
405.40	216.60
405.77	216.20
406.15	214.60
406.52	218.40
406.89	219.20
407.27	214.80
407.64	222.80
408.01	228.00
408.39	227.20
408.76	230.80
409.13	228.80
409.51	235.20
409.88	233.40
410.25	238.60
410.62	238.60
411.00	242.60
411.37	243.00
411.74	238.40
412.12	250.20
412.49	242.20
412.86	249.60
413.23	247.80
413.61	251.40
413.98	256.20
414.35	258.00
414.73	258.20
415.10	255.40
415.47	264.60
415.84	266.60
416.22	263.00
416.59	266.60
416.96	272.40
417.33	270.80
417.70	274.20
418.08	283.40
418.45	278.00
418.82	281.20
419.19	289.00
419.57	291.00
419.94	289.80
420.31	297.60
420.68	295.60
421.05	293.80
421.42	299.00
421.80	294.40
422.17	301.40
422.54	313.40
422.91	305.80
423.28	307.60
423.65	314.00
424.03	313.40
424.40	317.00
424.77	322.80
425.14	324.40
425.51	320.00
425.88	333.00
426.25	330.20
426.63	337.00
427.00	333.60
427.37	343.60
427.74	351.40
428.11	338.20
428.48	350.00
428.85	356.80
429.22	357.60
429.59	361.00
429.97	363.80
430.34	364.60
430.71	364.80
431.08	373.20
431.45	387.20
431.82	381.40
432.19	379.00
432.56	386.60
432.93	389.00
433.30	399.40
433.67	398.80
434.04	400.60
434.41	409.00
434.78	407.40
435.15	408.60
435.52	427.40
435.89	426.80
436.26	430.60
436.63	422.40
437.00	432.80
437.37	436.00
437.74	434.80
438.11	452.80
438.48	443.40
438.85	456.00
439.22	462.20
439.59	480.40
439.96	468.00
440.33	479.40
440.70	487.20
441.07	483.00
441.44	496.80
441.81	482.60
442.18	486.80
442.55	492.00
442.92	501.40
443.29	502.80
443.66	498.20
444.03	506.20
444.40	512.60
444.77	523.00
445.14	522.20
445.51	536.20
445.88	529.60
446.24	533.80
446.61	539.00
446.98	529.20
447.35	551.00
447.72	551.20
448.09	545.40
448.46	544.00
448.83	551.00
449.20	555.20
449.56	554.60
449.93	568.20
450.30	558.80
450.67	581.20
451.04	562.60
451.41	559.00
451.78	581.40
452.14	578.20
452.51	579.60
452.88	575.60
453.25	578.80
453.62	594.60
453.99	590.20
454.35	588.80
454.72	607.20
455.09	608.40
455.46	619.40
455.83	631.00
456.19	631.80
456.56	623.40
456.93	627.40
457.30	634.40
457.66	640.00
458.03	643.80
458.40	637.60
458.77	643.40
459.14	657.40
459.50	655.00
459.87	632.60
460.24	669.00
460.61	664.20
460.97	678.60
461.34	673.20
461.71	674.40
462.07	673.60
462.44	693.60
462.81	705.40
463.18	709.40
463.54	699.20
463.91	729.80
464.28	713.40
464.64	712.80
465.01	721.80
465.38	750.40
465.75	727.60
466.11	748.80
466.48	738.00
466.85	739.00
467.21	746.40
467.58	762.60
467.95	771.60
468.31	777.00
468.68	781.40
469.04	797.60
469.41	818.60
469.78	805.60
470.14	819.20
470.51	821.40
470.88	837.80
471.24	836.00
471.61	862.80
471.98	850.40
472.34	872.00
472.71	877.40
473.07	886.80
473.44	885.20
473.81	906.00
474.17	904.80
474.54	928.40
474.90	939.40
475.27	919.00
475.63	952.20
476.00	954.40
476.37	953.80
476.73	966.40
477.10	992.80
477.46	1006.80
477.83	1000.20
478.19	1016.60
478.56	1040.60
478.92	1054.60
479.29	1053.60
479.65	1065.00
480.02	1058.40
480.38	1079.00
480.75	1101.60
481.11	1103.40
481.48	1133.20
481.84	1130.20
482.21	1136.80
482.57	1160.20
482.94	1163.40
483.30	1173.20
483.67	1184.60
484.03	1196.80
484.40	1218.60
484.76	1213.00
485.13	1229.20
485.49	1242.20
485.86	1252.60
486.22	1269.20
486.59	1271.40
486.95	1278.00
487.31	1290.00
487.68	1296.00
488.04	1326.20
488.41	1316.00
488.77	1323.80
489.14	1342.60
489.50	1352.00
489.86	1363.00
490.23	1371.60
490.59	1368.20
490.96	1400.00
491.32	1405.40
491.68	1414.40
492.05	1403.40
492.41	1428.00
492.77	1436.20
493.14	1438.60
493.50	1446.00
493.87	1460.80
494.23	1467.80
494.59	1467.80
494.96	1487.20
495.32	1467.00
495.68	1500.00
496.05	1498.20
496.41	1501.80
496.77	1525.60
497.14	1507.60
497.50	1518.60
497.86	1522.60
498.23	1512.80
498.59	1523.60
498.95	1534.00
499.31	1544.60
499.68	1539.00
500.04	1558.60
500.40	1553.40
500.77	1560.00
501.13	1555.40
501.49	1563.00
501.85	1576.80
502.22	1571.40
502.58	1582.80
502.94	1579.00
503.30	1586.40
503.67	1593.00
504.03	1586.00
504.39	1586.80
504.75	1614.20
505.12	1604.20
505.48	1624.20
505.84	1622.60
506.20	1629.00
506.56	1622.00
506.93	1622.60
507.29	1649.40
507.65	1631.40
508.01	1653.00
508.37	1660.80
508.74	1645.40
509.10	1666.00
509.46	1664.40
509.82	1659.80
510.18	1683.80
510.54	1684.60
510.91	1682.60
511.27	1696.20
511.63	1702.80
511.99	1718.00
512.35	1700.60
512.71	1711.80
513.07	1720.20
513.43	1723.00
513.80	1723.40
514.16	1735.60
514.52	1744.60
514.88	1757.60
515.24	1740.40
515.60	1769.40
515.96	1756.80
516.32	1780.00
516.68	1788.80
517.04	1779.80
517.41	1769.80
517.77	1796.80
518.13	1793.80
518.49	1804.40
518.85	1822.20
519.21	1829.60
519.57	1836.00
519.93	1842.80
520.29	1837.60
520.65	1857.80
521.01	1855.40
521.37	1867.00
521.73	1858.00
522.09	1887.60
522.45	1898.80
522.81	1875.80
523.17	1897.60
523.53	1899.60
523.89	1909.20
524.25	1913.80
524.61	1915.20
524.97	1920.20
525.33	1934.80
525.69	1928.40
526.05	1952.80
526.41	1952.00
526.77	1956.40
527.13	1953.80
527.49	1979.80
527.85	1955.80
528.21	1982.60
528.57	1990.00
528.93	1981.00
529.29	1989.80
529.65	1984.00
530.00	1993.80
530.36	1992.20
530.72	2025.20
531.08	2010.20
531.44	2015.00
531.80	2034.20
532.16	2030.80
532.52	2041.20
532.88	2040.80
533.24	2039.40
533.59	2062.20
533.95	2041.80
534.31	2060.00
534.67	2057.20
535.03	2076.00
535.39	2056.00
535.75	2082.20
536.11	2066.00
536.46	2067.40
536.82	2071.40
537.18	2073.60
537.54	2088.00
537.90	2099.40
538.26	2084.40
538.61	2098.00
538.97	2113.60
539.33	2102.00
539.69	2105.20
540.05	2113.60
540.40	2110.60
540.76	2125.20
541.12	2133.20
541.48	2146.20
541.84	2126.40
542.19	2129.00
542.55	2151.20
542.91	2120.60
543.27	2138.20
543.62	2143.60
543.98	2132.00
544.34	2127.80
544.70	2150.00
545.05	2164.00
545.41	2174.40
545.77	2156.80
546.12	2169.00
546.48	2169.20
546.84	2170.20
547.20	2170.20
547.55	2176.80
547.91	2202.00
548.27	2186.60
548.62	2180.20
548.98	2208.60
549.34	2186.60
549.69	2217.40
550.05	2209.40
550.41	2222.60
550.77	2211.40
551.12	2205.40
551.48	2215.40
551.83	2220.40
552.19	2221.80
552.55	2236.60
552.90	2230.20
553.26	2246.60
553.62	2248.20
553.97	2259.20
554.33	2258.60
554.69	2265.20
555.04	2249.00
555.40	2266.20
555.75	2261.40
556.11	2297.40
556.47	2284.20
556.82	2286.60
557.18	2309.80
557.53	2281.00
557.89	2302.60
558.24	2309.20
558.60	2292.00
558.96	2323.40
559.31	2317.60
559.67	2322.00
560.02	2327.40
560.38	2311.60
560.73	2337.20
561.09	2358.40
561.44	2357.00
561.80	2356.40
562.16	2365.60
562.51	2388.40
562.87	2397.00
563.22	2402.80
563.58	2384.00
563.93	2405.20
564.29	2403.00
564.64	2424.40
565.00	2399.40
565.35	2425.80
565.71	2416.00
566.06	2435.40
566.41	2461.80
566.77	2423.20
567.12	2449.60
567.48	2445.40
567.83	2458.80
568.19	2467.80
568.54	2472.00
568.90	2465.20
569.25	2482.00
569.60	2496.00
569.96	2504.20
570.31	2479.40
570.67	2495.20
571.02	2502.60
571.38	2518.00
571.73	2505.20
572.08	2528.40
572.44	2499.60
572.79	2524.40
573.15	2506.20
573.50	2498.60
573.85	2527.20
574.21	2517.80
574.56	2495.20
574.91	2545.00
575.27	2540.20
575.62	2520.60
575.97	2517.40
576.33	2525.20
576.68	2532.20
577.03	2537.20
577.39	2523.20
577.74	2539.40
578.09	2531.00
578.45	2539.20
578.80	2551.40
579.15	2524.40
579.51	2542.80
579.86	2525.80
580.21	2550.60
580.57	2539.80
580.92	2544.00
581.27	2541.80
581.62	2545.40
581.98	2522.80
582.33	2533.60
582.68	2518.20
583.03	2519.60
583.39	2528.60
583.74	2531.80
584.09	2528.80
584.44	2527.60
584.80	2516.40
585.15	2499.00
585.50	2522.00
585.85	2543.80
586.21	2507.80
586.56	2544.20
586.91	2525.60
587.26	2537.80
587.61	2543.00
587.97	2521.80
588.32	2530.20
588.67	2522.40
589.02	2533.20
589.37	2501.80
589.73	2525.20
590.08	2542.00
590.43	2517.60
590.78	2527.60
591.13	2523.20
591.48	2514.80
591.83	2520.20
592.19	2504.20
592.54	2510.40
592.89	2524.40
593.24	2535.20
593.59	2520.80
593.94	2528.80
594.29	2536.60
594.64	2526.80
595.00	2539.80
595.35	2544.40
595.70	2515.80
596.05	2517.40
596.40	2527.20
596.75	2540.80
597.10	2554.40
597.45	2539.00
597.80	2546.40
598.15	2535.60
598.50	2536.40
598.85	2539.40
599.20	2542.40
599.55	2554.20
599.90	2530.00
600.26	2559.00
600.61	2553.60
600.96	2550.40
601.31	2554.00
601.66	2565.00
602.01	2552.20
602.36	2564.00
602.71	2551.00
603.06	2567.20
603.41	2569.00
603.76	2565.20
604.11	2579.00
604.46	2564.40
604.81	2591.20
605.16	2581.60
605.50	2590.20
605.85	2576.20
606.20	2591.40
606.55	2588.20
606.90	2589.40
607.25	2600.00
607.60	2594.40
607.95	2601.00
608.30	2594.20
608.65	2614.40
609.00	2612.60
609.35	2595.20
609.70	2622.00
610.05	2596.20
610.40	2647.40
610.74	2621.20
611.09	2632.80
611.44	2632.60
611.79	2633.00
612.14	2672.00
612.49	2653.00
612.84	2657.20
613.19	2664.20
613.53	2637.20
613.88	2676.00
614.23	2662.40
614.58	2652.60
614.93	2650.80
615.28	2662.00
615.62	2652.60
615.97	2661.80
616.32	2675.00
616.67	2665.20
617.02	2672.80
617.37	2676.00
617.71	2675.00
618.06	2687.00
618.41	2676.00
618.76	2688.40
619.11	2679.80
619.45	2691.20
619.80	2712.80
620.15	2672.40
620.50	2667.20
620.84	2683.80
621.19	2671.60
621.54	2666.20
621.89	2698.20
622.23	2665.20
622.58	2670.40
622.93	2667.60
623.28	2689.40
623.62	2669.40
623.97	2679.40
624.32	2670.20
624.66	2672.20
625.01	2664.80
625.36	2662.00
625.71	2659.00
626.05	2661.20
626.40	2652.80
626.75	2645.60
627.09	2659.20
627.44	2658.60
627.79	2651.60
628.13	2626.00
628.48	2661.00
628.83	2641.20
629.17	2604.20
629.52	2647.20
629.87	2646.40
630.21	2638.40
630.56	2643.40
630.90	2629.60
631.25	2641.20
631.60	2629.20
631.94	2615.60
632.29	2621.80
632.63	2625.60
632.98	2604.60
633.33	2593.80
633.67	2595.00
634.02	2598.00
634.36	2581.80
634.71	2568.20
635.06	2602.20
635.40	2569.00
635.75	2592.80
636.09	2548.20
636.44	2570.80
636.78	2558.60
637.13	2559.20
637.47	2534.80
637.82	2555.80
638.16	2500.60
638.51	2548.60
638.86	2523.80
639.20	2558.00
639.55	2529.00
639.89	2529.00
640.24	2512.00
640.58	2529.80
640.93	2513.80
641.27	2510.00
641.62	2516.80
641.96	2507.80
642.30	2489.40
642.65	2497.00
642.99	2478.80
643.34	2483.20
643.68	2469.00
644.03	2464.60
644.37	2476.60
644.72	2465.00
645.06	2461.60
645.40	2463.00
645.75	2469.20
646.09	2451.00
646.44	2477.60
646.78	2449.60
647.13	2449.80
647.47	2424.80
647.81	2432.60
648.16	2422.80
648.50	2443.00
648.85	2444.80
649.19	2411.60
649.53	2411.60
649.88	2418.60
650.22	2415.20
650.56	2422.60
650.91	2418.80
651.25	2402.20
651.59	2401.80
651.94	2410.80
652.28	2416.80
652.62	2406.40
652.97	2415.80
653.31	2392.40
653.65	2401.00
654.00	2403.80
654.34	2405.40
654.68	2395.20
655.03	2371.20
655.37	2396.40
655.71	2402.00
656.05	2399.80
656.40	2389.80
656.74	2379.80
657.08	2372.40
657.43	2392.20
657.77	2353.00
658.11	2380.80
658.45	2390.80
658.80	2374.40
659.14	2387.80
659.48	2360.60
659.82	2374.20
660.16	2387.80
660.51	2367.60
660.85	2372.80
661.19	2374.40
661.53	2382.80
661.87	2369.20
662.22	2371.80
662.56	2364.40
662.90	2379.20
663.24	2361.20
663.58	2357.20
663.93	2363.00
664.27	2336.80
664.61	2359.60
664.95	2375.00
665.29	2345.80
665.63	2338.40
665.98	2347.00
666.32	2348.40
666.66	2339.20
667.00	2351.40
667.34	2350.60
667.68	2348.40
668.02	2316.80
668.36	2329.40
668.70	2334.20
669.05	2315.60
669.39	2332.40
669.73	2338.00
670.07	2341.00
670.41	2330.60
670.75	2332.20
671.09	2334.40
671.43	2318.80
671.77	2343.60
672.11	2343.20
672.45	2335.80
672.79	2304.80
673.13	2336.20
673.47	2323.00
673.81	2345.40
674.16	2315.00
674.50	2301.20
674.84	2306.20
675.18	2295.80
675.52	2309.40
675.86	2294.80
676.20	2300.60
676.54	2287.40
676.88	2281.80
677.22	2292.00
677.56	2272.80
677.90	2279.60
678.23	2283.20
678.57	2291.00
678.91	2282.60
679.25	2295.80
679.59	2278.00
679.93	2257.80
680.27	2277.60
680.61	2267.80
680.95	2251.00
681.29	2254.20
681.63	2231.40
681.97	2255.00
682.31	2218.40
682.65	2239.80
682.99	2255.20
683.32	2232.80
683.66	2248.40
684.00	2233.20
684.34	2226.60
684.68	2198.00
685.02	2228.80
685.36	2214.40
685.70	2209.00
686.03	2195.00
686.37	2200.20
686.71	2190.60
687.05	2183.40
687.39	2168.40
687.73	2168.40
688.07	2151.00
688.40	2167.40
688.74	2164.20
689.08	2147.00
689.42	2150.40
689.76	2135.40
690.09	2122.00
690.43	2118.60
690.77	2146.40
691.11	2097.00
691.45	2096.20
691.78	2110.20
692.12	2097.60
692.46	2107.80
692.80	2077.80
693.13	2092.60
693.47	2087.80
693.81	2068.40
694.15	2067.20
694.48	2050.40
694.82	2036.20
695.16	2062.60
695.50	2052.20
695.83	2039.20
696.17	2037.80
696.51	2020.20
696.84	2038.20
697.18	2018.40
697.52	2017.20
697.85	2010.60
698.19	2003.60
698.53	2011.80
698.87	1994.00
699.20	1972.20
699.54	1957.80
699.88	1973.80
700.21	1957.80
700.55	1942.20
700.88	1938.80
701.22	1928.00
701.56	1931.20
701.89	1919.00
702.23	1921.40
702.57	1920.40
702.90	1900.20
703.24	1905.20
703.57	1886.40
703.91	1881.20
704.25	1875.00
704.58	1883.40
704.92	1875.80
705.25	1863.00
705.59	1864.80
705.93	1848.40
706.26	1851.00
706.60	1852.80
706.93	1832.80
707.27	1817.40
707.60	1850.20
707.94	1825.20
708.27	1814.40
708.61	1824.80
708.95	1805.60
709.28	1793.20
709.62	1796.60
709.95	1807.00
710.29	1796.40
710.62	1782.00
710.96	1784.40
711.29	1765.60
711.63	1784.00
711.96	1764.80
712.30	1773.40
712.63	1760.00
712.96	1760.20
713.30	1756.20
713.63	1738.40
713.97	1749.40
714.30	1735.60
714.64	1719.00
714.97	1726.20
715.31	1729.40
715.64	1720.40
715.97	1717.60
716.31	1724.40
716.64	1705.40
716.98	1709.80
717.31	1709.80
717.64	1722.20
717.98	1697.60
718.31	1713.00
718.65	1696.00
718.98	1688.00
719.31	1696.80
719.65	1695.20
719.98	1691.20
720.32	1692.20
720.65	1693.00
720.98	1685.40
721.32	1669.00
721.65	1680.40
721.98	1670.20
722.32	1684.20
722.65	1660.80
722.98	1643.20
723.32	1654.60
723.65	1641.60
723.98	1658.40
724.31	1638.60
724.65	1647.60
724.98	1624.20
725.31	1638.00
725.65	1640.00
725.98	1636.00
726.31	1618.00
726.64	1616.60
726.98	1617.60
727.31	1621.00
727.64	1622.20
727.97	1616.20
728.31	1617.40
728.64	1609.60
728.97	1610.00
729.30	1607.60
729.64	1634.60
729.97	1607.40
730.30	1613.00
730.63	1605.00
730.96	1612.80
731.30	1600.40
731.63	1603.60
731.96	1607.40
732.29	1607.20
732.62	1605.80
732.96	1592.20
733.29	1605.60
733.62	1598.20
733.95	1594.20
734.28	1589.20
734.61	1578.00
734.94	1585.00
735.28	1590.00
735.61	1576.40
735.94	1578.80
736.27	1568.60
736.60	1556.40
736.93	1575.40
737.26	1569.60
737.59	1574.40
737.92	1581.80
738.26	1572.20
738.59	1550.60
738.92	1576.40
739.25	1565.40
739.58	1555.20
739.91	1563.40
740.24	1553.60
740.57	1560.00
740.90	1556.60
741.23	1544.80
741.56	1547.60
741.89	1556.20
742.22	1531.40
742.55	1544.80
742.88	1540.80
743.21	1524.20
743.54	1530.80
743.87	1534.20
744.20	1540.60
744.53	1519.40
744.86	1523.80
745.19	1510.60
745.52	1508.60
745.85	1523.20
746.18	1514.20
746.51	1502.40
746.84	1515.80
747.17	1494.80
747.50	1493.80
747.83	1486.20
748.16	1488.40
748.49	1494.00
748.82	1474.60
749.15	1482.00
749.48	1476.80
749.81	1474.80
750.14	1459.20
750.46	1459.60
750.79	1450.80
751.12	1446.80
751.45	1455.20
751.78	1444.20
752.11	1452.20
752.44	1446.80
752.77	1439.80
753.10	1427.60
753.42	1422.60
753.75	1418.00
754.08	1417.60
754.41	1401.00
754.74	1412.00
755.07	1398.00
755.39	1390.40
755.72	1396.80
756.05	1387.20
756.38	1383.60
756.71	1384.60
757.04	1379.60
757.36	1371.80
757.69	1372.80
758.02	1364.60
758.35	1356.80
758.67	1360.60
759.00	1355.20
759.33	1346.00
759.66	1340.20
759.99	1329.20
760.31	1333.00
760.64	1324.80
760.97	1323.40
761.30	1303.80
761.62	1319.20
761.95	1313.40
762.28	1309.60
762.60	1294.40
762.93	1294.80
763.26	1299.80
763.59	1283.20
763.91	1281.20
764.24	1270.60
764.57	1273.80
764.89	1264.20
765.22	1255.40
765.55	1252.00
765.87	1249.80
766.20	1228.60
766.53	1233.40
766.85	1244.00
767.18	1229.80
767.51	1226.80
767.83	1210.40
768.16	1212.60
768.48	1215.20
768.81	1198.40
769.14	1193.00
769.46	1196.40
769.79	1196.40
770.12	1173.20
770.44	1178.20
770.77	1170.60
771.09	1153.20
771.42	1142.20
771.74	1142.40
772.07	1147.40
772.40	1142.40
772.72	1140.00
773.05	1128.20
773.37	1123.60
773.70	1120.40
774.02	1118.60
774.35	1109.80
774.67	1091.00
775.00	1095.60
775.32	1087.60
775.65	1080.60
775.97	1076.60
776.30	1073.80
776.63	1077.20
776.95	1081.60
777.27	1058.40
777.60	1053.60
777.92	1045.80
778.25	1048.80
778.57	1049.00
778.90	1046.60
779.22	1019.80
779.55	1035.40
779.87	1015.00
780.20	1025.00
780.52	1018.00
780.85	1013.80
781.17	1001.20
781.49	1001.00
781.82	1000.80
782.14	990.40
782.47	993.80
782.79	990.20
783.11	986.20
783.44	972.20
783.76	973.00
784.09	954.20
784.41	966.60
784.73	958.20
785.06	944.00
785.38	940.80
785.70	939.60
786.03	939.40
786.35	931.80
786.67	931.20
787.00	936.00
787.32	921.20
787.64	935.40
787.97	923.60
788.29	917.60
788.61	910.80
788.94	918.80
789.26	909.80
789.58	912.80
789.91	911.80
790.23	910.00
790.55	905.20
790.87	900.20
791.20	913.20
791.52	901.20
791.84	891.40
792.16	907.20
792.49	895.80
792.81	892.80
793.13	896.00
793.45	892.60
793.78	904.40
794.10	894.60
794.42	886.80
794.74	885.20
795.06	902.80
795.39	892.60
795.71	901.40
796.03	898.60
796.35	897.60
796.67	894.60
797.00	904.40
797.32	906.00
797.64	891.80
797.96	903.20
798.28	910.20
798.60	913.20
798.93	899.00
799.25	902.40
799.57	906.80
799.89	903.80
800.21	890.80
800.53	895.00
800.85	902.20
801.17	894.00
801.50	907.60
801.82	904.80
802.14	898.40
802.46	890.20
802.78	897.40
803.10	896.20
803.42	878.20
803.74	883.80
804.06	886.20
804.38	890.20
804.70	885.20
805.02	885.60
805.34	885.00
805.66	886.20
805.98	877.60
806.30	896.20
806.62	877.80
806.94	878.60
807.26	881.20
807.58	879.20
807.90	885.00
808.22	884.80
808.54	884.00
808.86	886.00
809.18	876.40
809.50	885.60
809.82	876.00
810.14	875.40
810.46	877.80
810.78	871.80
811.10	878.80
811.42	881.60
811.74	868.80
812.06	877.40
812.38	878.80
812.70	861.20
813.02	867.40
813.34	873.40
813.66	868.00
813.97	868.20
814.29	865.00
814.61	852.80
814.93	859.40
815.25	852.20
815.57	861.80
815.89	855.00
816.21	848.00
816.52	855.40
816.84	851.60
817.16	848.60
817.48	846.80
817.80	840.40
818.12	842.00
818.43	848.20
818.75	839.60
819.07	833.20
819.39	837.80
819.71	837.60
820.03	834.40
820.34	832.80
820.66	829.20
820.98	828.00
821.30	834.20
821.61	822.80
821.93	831.60
822.25	828.20
822.57	819.60
822.88	821.40
823.20	816.00
823.52	818.40
823.84	813.20
824.15	818.20
824.47	818.40
824.79	814.40
825.11	815.80
825.42	818.80
825.74	814.20
826.06	814.00
826.37	818.60
826.69	805.40
827.01	803.40
827.32	808.40
827.64	802.20
827.96	795.40
828.27	803.20
828.59	796.20
828.91	791.40
829.22	792.40
829.54	789.00
829.86	790.00
830.17	789.40
830.49	786.20
830.81	781.80
831.12	782.60
831.44	781.20
831.75	784.20
832.07	782.40
832.39	780.40
832.70	770.80
833.02	768.80
833.33	760.60
833.65	774.40
833.96	773.40
834.28	765.20
834.60	767.00
834.91	761.80
835.23	764.80
835.54	753.40
835.86	753.80
836.17	758.20
836.49	757.00
836.80	756.80
837.12	759.20
837.43	751.20
837.75	746.40
838.06	746.00
838.38	740.00
838.69	754.40
839.01	738.60
839.32	741.60
839.64	743.80
839.95	742.40
840.27	739.60
840.58	731.20
840.90	730.80
841.21	738.80
841.53	726.00
841.84	733.20
842.15	724.80
842.47	724.60
842.78	715.20
843.10	717.20
843.41	713.80
843.72	711.00
844.04	709.20
844.35	708.60
844.67	709.40
844.98	698.80
845.29	701.80
845.61	691.80
845.92	700.40
846.23	691.60
846.55	691.00
846.86	684.00
847.18	687.00
847.49	682.60
847.80	684.20
848.12	674.60
848.43	670.40
848.74	682.60
849.05	668.60
849.37	668.20
849.68	666.20
849.99	654.40
850.31	655.20
850.62	654.80
850.93	651.40
851.24	648.00
851.56	645.00
851.87	644.60
852.18	647.20
852.50	641.80
852.81	645.20
853.12	634.80
853.43	635.00
853.74	630.20
854.06	623.80
854.37	628.80
854.68	623.60
854.99	623.60
855.31	625.60
855.62	619.80
855.93	619.00
856.24	612.20
856.55	606.40
856.87	608.20
857.18	604.20
857.49	605.80
857.80	598.00
858.11	596.00
858.42	596.60
858.73	601.40
859.05	589.20
859.36	580.40
859.67	585.40
859.98	582.80
860.29	576.20
860.60	575.80
860.91	572.20
861.22	578.40
861.54	572.80
861.85	576.60
862.16	562.60
862.47	564.20
862.78	559.40
863.09	554.80
863.40	551.00
863.71	551.40
864.02	546.80
864.33	548.20
864.64	542.00
864.95	539.20
865.26	528.60
865.57	531.60
865.88	529.20
866.19	532.60
866.50	522.00
866.81	528.40
867.12	522.40
867.43	523.20
867.74	517.20
868.05	517.20
868.36	518.20
868.67	512.40
868.98	515.40
869.29	511.00
869.60	506.00
869.91	503.60
870.22	504.20
870.53	500.60
870.84	489.80
871.15	489.40
871.46	486.40
871.77	487.60
872.08	484.80
872.39	478.20
872.69	478.80
873.00	477.00
873.31	472.20
873.62	466.00
873.93	465.60
874.24	463.40
874.55	459.60
874.86	458.20
875.16	456.20
875.47	459.80
875.78	454.40
876.09	454.80
876.40	451.60
876.71	448.60
877.01	447.00
877.32	444.60
877.63	442.20
877.94	442.00
878.25	438.80
878.56	437.80
878.86	433.80
879.17	429.80
879.48	427.80
879.79	424.00
880.09	426.80
880.40	425.60
880.71	417.40
881.02	417.20
881.32	413.60
881.63	416.80
881.94	413.00
882.25	416.00
882.55	412.40
882.86	408.00
883.17	406.20
883.48	403.60
883.78	406.40
884.09	399.60
884.40	400.80
884.70	403.00
885.01	396.40
885.32	396.00
885.62	395.20
885.93	395.80
886.24	396.00
886.54	389.40
886.85	394.00
887.16	392.60
887.46	387.80
887.77	392.00
888.08	386.40
888.38	386.00
888.69	391.40
888.99	385.60
889.30	389.60
889.61	386.40
889.91	394.20
890.22	382.60
890.52	386.20
890.83	382.20
891.14	379.20
891.44	382.00
891.75	385.20
892.05	379.40
892.36	381.40
892.66	387.20
892.97	382.40
893.27	383.60
893.58	381.20
893.89	383.40
894.19	385.60
894.50	377.00
894.80	379.20
895.11	382.40
895.41	387.00
895.72	379.00
896.02	382.00
896.33	378.20
896.63	379.60
896.93	377.00
897.24	381.40
897.54	379.80
897.85	377.00
898.15	378.00
898.46	374.20
898.76	379.60
899.07	372.40
899.37	374.40
899.67	381.00
899.98	381.00
900.28	382.20
900.59	382.80
900.89	377.00
901.19	378.60
901.50	380.00
901.80	382.20
902.11	381.40
902.41	383.60
902.71	382.20
903.02	375.80
903.32	378.20
903.62	376.60
903.93	380.40
904.23	382.20
904.53	383.00
904.84	381.00
905.14	374.00
905.44	373.40
905.75	370.40
906.05	379.20
906.35	379.20
906.66	372.60
906.96	374.60
907.26	367.20
907.56	372.00
907.87	374.60
908.17	371.80
908.47	373.20
908.77	372.40
909.08	369.20
909.38	374.80
909.68	378.60
909.98	362.40
910.29	371.60
910.59	367.40
910.89	368.40
911.19	370.40
911.50	365.40
911.80	367.00
912.10	369.60
912.40	368.40
912.70	371.60
913.00	363.60
913.31	360.60
913.61	366.40
913.91	360.60
914.21	360.00
914.51	361.00
914.81	362.80
915.12	357.40
915.42	363.80
915.72	361.80
916.02	361.20
916.32	359.20
916.62	356.60
916.92	356.20
917.22	352.80
917.52	352.20
917.83	349.80
918.13	350.60
918.43	350.20
918.73	354.40
919.03	352.40
919.33	350.80
919.63	349.60
919.93	351.40
920.23	345.00
920.53	343.60
920.83	345.20
921.13	340.20
921.43	337.80
921.73	338.80
922.03	342.00
922.33	341.00
922.63	340.80
922.93	340.40
923.23	341.60
923.53	339.80
923.83	334.80
924.13	336.00
924.43	334.00
924.73	334.80
925.03	331.80
925.33	332.40
925.63	333.20
925.93	328.00
926.23	322.40
926.53	322.60
926.83	326.40
927.13	325.00
927.42	325.00
927.72	323.20
928.02	322.40
928.32	318.80
928.62	324.20
928.92	320.20
929.22	320.40
929.52	317.40
929.82	314.80
930.11	317.80
930.41	316.60
930.71	315.00
931.01	313.80
931.31	317.00
931.61	314.80
931.90	311.60
932.20	309.40
932.50	305.60
932.80	306.80
933.10	305.40
933.39	306.80
933.69	304.60
933.99	305.80
934.29	299.20
934.59	307.00
934.88	302.80
935.18	299.80
935.48	298.00
935.78	301.80
936.07	300.80
936.37	301.40
936.67	294.60
936.97	293.00
937.26	294.00
937.56	299.00
937.86	290.40
938.15	292.20
938.45	292.80
938.75	290.60
939.05	291.00
939.34	292.60
939.64	287.20
939.94	285.00
940.23	283.00
940.53	284.60
940.83	285.00
941.12	283.60
941.42	283.40
941.71	280.20
942.01	279.20
942.31	281.60
942.60	278.40
942.90	276.00
943.20	274.00
943.49	274.60
943.79	271.40
944.08	272.60
944.38	274.60
944.68	268.60
944.97	270.00
945.27	265.00
945.56	268.00
945.86	267.20
946.15	267.60
946.45	266.20
946.74	263.60
947.04	267.20
947.34	262.60
947.63	260.20
947.93	263.80
948.22	257.40
948.52	257.80
948.81	254.80
949.11	257.40
949.40	255.80
949.70	251.60
949.99	249.00
950.29	252.40
950.58	252.60
950.87	250.80
951.17	248.60
951.46	249.40
951.76	249.40
952.05	248.00
952.35	247.80
952.64	248.40
952.94	245.80
953.23	244.00
953.52	244.80
953.82	244.40
954.11	241.60
954.41	241.20
954.70	243.80
954.99	236.00
955.29	239.80
955.58	237.60
955.87	235.00
956.17	237.20
956.46	235.80
956.76	236.00
957.05	233.20
957.34	232.20
957.64	232.40
957.93	228.80
958.22	227.20
958.52	225.80
958.81	227.00
959.10	228.60
959.39	224.60
959.69	223.80
959.98	225.20
960.27	219.80
960.57	225.80
960.86	223.40
961.15	227.20
961.44	220.20
961.74	220.20
962.03	221.40
962.32	217.40
962.61	216.80
962.91	222.80
963.20	215.80
963.49	217.60
963.78	214.60
964.07	215.20
964.37	212.80
964.66	211.00
964.95	212.20
965.24	216.80
965.53	207.60
965.83	208.20
966.12	207.80
966.41	209.00
966.70	207.00
966.99	210.40
967.28	207.00
967.57	209.40
967.87	207.20
968.16	203.20
968.45	202.00
968.74	200.80
969.03	201.60
969.32	200.00
969.61	199.60
969.90	197.00
970.19	197.60
970.49	194.40
970.78	196.80
971.07	195.40
971.36	195.60
971.65	194.40
971.94	192.00
972.23	193.20
972.52	193.00
972.81	192.80
973.10	190.60
973.39	190.40
973.68	189.00
973.97	190.60
974.26	190.80
974.55	189.60
974.84	188.60
975.13	187.40
975.42	188.00
975.71	187.20
976.00	184.60
976.29	184.00
976.58	183.00
976.87	184.00
977.16	181.80
977.45	182.60
977.74	181.20
978.03	181.80
978.32	182.20
978.60	177.20
978.89	179.80
979.18	178.40
979.47	175.60
979.76	176.00
980.05	175.60
980.34	174.60
980.63	177.60
980.92	174.80
981.20	175.20
981.49	174.00
981.78	173.60
982.07	172.60
982.36	171.60
982.65	169.80
982.94	171.40
983.22	171.00
983.51	173.20
983.80	170.20
984.09	172.00
984.38	170.00
984.66	164.60
984.95	168.60
985.24	167.40
985.53	165.20
985.82	166.20
986.10	164.60
986.39	165.00
986.68	163.20
986.97	164.20
987.25	163.80
987.54	163.40
987.83	165.00
988.12	162.60
988.40	163.80
988.69	160.40
988.98	159.40
989.26	160.20
989.55	160.00
989.84	159.20
990.12	160.60
990.41	159.80
990.70	158.20
990.98	157.60
991.27	157.80
991.56	159.20
991.84	156.20
992.13	154.60
992.42	156.00
992.70	157.00
992.99	156.20
993.28	153.80
993.56	154.40
993.85	157.20
994.13	155.00
994.42	153.20
994.71	153.20
994.99	153.20
995.28	152.20
995.56	152.80
995.85	152.40
996.14	149.60
996.42	152.00
996.71	150.40
996.99	151.60
997.28	151.00
997.56	149.00
997.85	150.20
998.13	147.80
998.42	149.60
998.70	149.80
998.99	149.40
999.27	147.80
999.56	147.20
999.84	146.00
1000.13	146.40
1000.41	144.60
1000.70	145.20
1000.98	144.60
1001.27	144.00
1001.55	144.60
1001.84	147.00
1002.12	144.00
1002.40	143.20
1002.69	142.80
1002.97	143.40
1003.26	143.00
1003.54	142.00
1003.83	143.40
1004.11	144.20
1004.39	143.80
1004.68	144.40
1004.96	140.80
1005.24	140.40
1005.53	141.60
1005.81	142.80
1006.10	141.00
1006.38	141.40
1006.66	140.00
1006.95	140.20
1007.23	138.40
1007.51	141.80
1007.80	139.20
1008.08	138.00
1008.36	137.40
1008.65	137.40
1008.93	137.60
1009.21	137.00
1009.49	136.60
1009.78	137.80
1010.06	138.40
1010.34	137.00
1010.63	136.60
1010.91	137.00
1011.19	135.80
1011.47	136.60
1011.76	135.40
1012.04	135.40
1012.32	135.20
1012.60	135.00
1012.88	134.80
1013.17	133.00
1013.45	133.00
1013.73	134.80
1014.01	132.20
1014.29	135.20
1014.58	134.20
1014.86	133.80
1015.14	134.00
1015.42	132.80
1015.70	134.00
1015.98	134.60
1016.27	131.80
1016.55	133.20
1016.83	132.00
1017.11	133.80
1017.39	133.00
1017.67	132.00
1017.95	132.60
1018.23	130.60
1018.52	130.60
1018.80	130.60
1019.08	131.00
1019.36	131.60
1019.64	129.20
1019.92	130.80
1020.20	129.00
1020.48	129.20
1020.76	130.80
1021.04	130.40
1021.32	129.80
1021.60	130.00
1021.88	130.60
1022.16	129.80
1022.44	129.80
1022.72	130.00
