	0.0	
339.41	0.00
339.79	106.20
340.17	107.60
340.55	109.20
340.94	109.80
341.32	111.20
341.70	111.60
342.08	112.00
342.46	113.00
342.84	114.20
343.22	114.80
343.60	115.40
343.98	115.20
344.36	115.40
344.74	116.00
345.12	115.40
345.50	115.40
345.88	115.60
346.26	115.00
346.64	114.40
347.02	114.40
347.40	114.40
347.78	113.80
348.15	115.20
348.53	115.40
348.91	117.00
349.29	118.20
349.67	119.80
350.05	120.20
350.43	119.20
350.81	119.00
351.19	118.80
351.57	120.60
351.95	120.60
352.33	120.80
352.71	121.60
353.09	121.80
353.47	121.00
353.84	121.00
354.22	120.00
354.60	121.00
354.98	121.00
355.36	121.60
355.74	121.80
356.12	122.80
356.50	122.40
356.88	122.40
357.25	123.00
357.63	122.60
358.01	122.40
358.39	121.80
358.77	121.60
359.15	122.00
359.53	123.40
359.90	123.20
360.28	123.80
360.66	125.20
361.04	125.00
361.42	125.60
361.80	125.60
362.17	125.80
362.55	126.00
362.93	125.40
363.31	125.60
363.69	125.20
364.06	126.40
364.44	126.60
364.82	126.20
365.20	126.40
365.58	127.60
365.95	126.60
366.33	126.00
366.71	126.00
367.09	127.80
367.46	128.60
367.84	128.20
368.22	127.00
368.60	127.60
368.97	129.00
369.35	128.60
369.73	129.80
370.11	133.40
370.48	132.20
370.86	131.00
371.24	130.80
371.62	132.00
371.99	132.80
372.37	132.80
372.75	132.60
373.12	130.80
373.50	131.40
373.88	132.60
374.25	133.40
374.63	136.00
375.01	135.80
375.38	137.20
375.76	137.00
376.14	137.40
376.51	138.80
376.89	137.40
377.27	136.00
377.64	135.40
378.02	137.40
378.40	139.20
378.77	139.20
379.15	138.60
379.53	138.80
379.90	139.20
380.28	141.40
380.66	142.20
381.03	142.40
381.41	143.40
381.78	144.80
382.16	146.40
382.54	145.80
382.91	147.80
383.29	147.80
383.66	148.00
384.04	149.00
384.42	148.40
384.79	149.40
385.17	152.00
385.54	150.20
385.92	154.80
386.29	150.20
386.67	151.20
387.05	152.20
387.42	156.00
387.80	157.20
388.17	158.20
388.55	158.60
388.92	159.80
389.30	159.80
389.67	160.40
390.05	163.00
390.42	164.80
390.80	161.20
391.17	165.00
391.55	164.40
391.92	166.00
392.30	169.60
392.67	169.60
393.05	171.00
393.42	174.00
393.80	169.40
394.17	172.40
394.55	174.20
394.92	173.20
395.30	176.00
395.67	176.40
396.05	180.40
396.42	183.00
396.80	183.00
397.17	180.60
397.55	182.00
397.92	184.20
398.29	185.60
398.67	187.80
399.04	187.80
399.42	189.60
399.79	190.40
400.17	193.60
400.54	193.40
400.91	195.40
401.29	195.40
401.66	200.00
402.04	197.60
402.41	199.20
402.78	200.00
403.16	200.40
403.53	201.20
403.90	205.00
404.28	205.20
404.65	209.20
405.03	206.40
405.40	214.80
405.77	210.60
406.15	212.20
406.52	212.80
406.89	216.00
407.27	214.20
407.64	218.20
408.01	223.80
408.39	223.80
408.76	225.00
409.13	224.80
409.51	230.00
409.88	228.20
410.25	234.40
410.62	230.00
411.00	239.40
411.37	233.40
411.74	236.80
412.12	244.00
412.49	243.00
412.86	243.60
413.23	244.00
413.61	241.40
413.98	257.40
414.35	254.40
414.73	250.40
415.10	248.80
415.47	258.80
415.84	260.40
416.22	258.00
416.59	262.00
416.96	267.40
417.33	264.80
417.70	269.20
418.08	276.60
418.45	272.40
418.82	275.80
419.19	276.60
419.57	283.20
419.94	280.20
420.31	289.20
420.68	286.20
421.05	281.40
421.42	285.40
421.80	291.40
422.17	291.60
422.54	299.60
422.91	297.60
423.28	295.40
423.65	301.60
424.03	304.20
424.40	304.00
424.77	311.80
425.14	312.40
425.51	309.40
425.88	322.80
426.25	314.80
426.63	321.00
427.00	320.00
427.37	332.60
427.74	342.20
428.11	330.80
428.48	340.40
428.85	344.80
429.22	339.20
429.59	348.40
429.97	350.60
430.34	355.20
430.71	361.60
431.08	362.00
431.45	366.00
431.82	365.40
432.19	365.40
432.56	377.60
432.93	375.80
433.30	382.40
433.67	384.20
434.04	383.40
434.41	388.80
434.78	391.60
435.15	393.60
435.52	404.40
435.89	413.60
436.26	410.60
436.63	408.00
437.00	414.40
437.37	414.20
437.74	419.00
438.11	435.20
438.48	420.00
438.85	437.20
439.22	447.60
439.59	454.20
439.96	447.40
440.33	450.60
440.70	463.00
441.07	460.20
441.44	474.40
441.81	458.00
442.18	470.80
442.55	470.20
442.92	480.40
443.29	477.40
443.66	469.40
444.03	484.60
444.40	486.20
444.77	497.80
445.14	498.40
445.51	509.40
445.88	502.80
446.24	507.40
446.61	520.00
446.98	509.00
447.35	527.40
447.72	525.00
448.09	522.60
448.46	517.00
448.83	526.80
449.20	528.20
449.56	530.00
449.93	542.40
450.30	532.20
450.67	556.20
451.04	534.40
451.41	535.80
451.78	559.20
452.14	553.00
452.51	549.60
452.88	554.80
453.25	560.00
453.62	565.20
453.99	560.40
454.35	568.60
454.72	576.60
455.09	580.80
455.46	587.20
455.83	596.00
456.19	597.60
456.56	593.00
456.93	595.40
457.30	605.40
457.66	613.20
458.03	609.40
458.40	607.60
458.77	619.40
459.14	630.40
459.50	624.60
459.87	611.40
460.24	637.40
460.61	632.20
460.97	634.80
461.34	637.60
461.71	642.20
462.07	638.40
462.44	660.40
462.81	669.80
463.18	663.80
463.54	664.80
463.91	686.60
464.28	681.00
464.64	682.80
465.01	688.00
465.38	708.80
465.75	684.60
466.11	703.20
466.48	710.60
466.85	705.80
467.21	707.00
467.58	719.00
467.95	726.20
468.31	737.40
468.68	743.60
469.04	754.20
469.41	775.00
469.78	759.80
470.14	775.20
470.51	774.40
470.88	790.60
471.24	782.00
471.61	812.40
471.98	807.00
472.34	824.80
472.71	832.20
473.07	844.60
473.44	840.40
473.81	864.80
474.17	845.60
474.54	869.40
474.90	872.40
475.27	869.40
475.63	894.00
476.00	897.80
476.37	893.80
476.73	901.80
477.10	940.20
477.46	944.60
477.83	939.80
478.19	944.60
478.56	970.60
478.92	990.40
479.29	991.60
479.65	993.80
480.02	996.40
480.38	1026.40
480.75	1029.20
481.11	1040.40
481.48	1059.40
481.84	1060.20
482.21	1061.00
482.57	1080.80
482.94	1093.20
483.30	1092.40
483.67	1111.60
484.03	1125.80
484.40	1138.00
484.76	1144.80
485.13	1153.60
485.49	1164.00
485.86	1177.20
486.22	1179.20
486.59	1198.80
486.95	1198.60
487.31	1212.80
487.68	1222.20
488.04	1230.60
488.41	1238.80
488.77	1235.80
489.14	1248.80
489.50	1254.00
489.86	1269.00
490.23	1262.80
490.59	1282.60
490.96	1299.20
491.32	1294.00
491.68	1318.80
492.05	1316.80
492.41	1328.80
492.77	1336.00
493.14	1340.20
493.50	1351.00
493.87	1354.20
494.23	1361.60
494.59	1364.40
494.96	1370.80
495.32	1378.40
495.68	1389.00
496.05	1405.80
496.41	1405.00
496.77	1405.80
497.14	1409.00
497.50	1410.60
497.86	1423.40
498.23	1426.00
498.59	1413.40
498.95	1436.40
499.31	1440.80
499.68	1445.00
500.04	1448.40
500.40	1442.40
500.77	1449.00
501.13	1459.40
501.49	1459.80
501.85	1476.40
502.22	1465.40
502.58	1478.80
502.94	1498.80
503.30	1482.40
503.67	1481.60
504.03	1491.60
504.39	1496.00
504.75	1515.20
505.12	1504.20
505.48	1523.60
505.84	1502.00
506.20	1512.80
506.56	1521.60
506.93	1516.40
507.29	1537.00
507.65	1530.40
508.01	1542.40
508.37	1548.80
508.74	1526.80
509.10	1551.40
509.46	1552.40
509.82	1552.20
510.18	1561.20
510.54	1571.60
510.91	1567.80
511.27	1574.40
511.63	1582.40
511.99	1584.60
512.35	1584.00
512.71	1589.60
513.07	1597.20
513.43	1591.20
513.80	1593.00
514.16	1613.00
514.52	1614.80
514.88	1619.60
515.24	1634.00
515.60	1645.80
515.96	1635.20
516.32	1652.80
516.68	1644.60
517.04	1658.00
517.41	1653.80
517.77	1675.60
518.13	1674.80
518.49	1688.80
518.85	1684.60
519.21	1698.60
519.57	1709.80
519.93	1707.40
520.29	1712.60
520.65	1716.40
521.01	1721.40
521.37	1727.80
521.73	1718.60
522.09	1742.60
522.45	1756.20
522.81	1745.80
523.17	1748.40
523.53	1758.40
523.89	1752.00
524.25	1765.00
524.61	1767.80
524.97	1768.80
525.33	1779.40
525.69	1779.80
526.05	1793.80
526.41	1803.00
526.77	1809.20
527.13	1803.40
527.49	1821.20
527.85	1798.80
528.21	1827.40
528.57	1823.20
528.93	1837.60
529.29	1825.20
529.65	1837.40
530.00	1840.20
530.36	1843.20
530.72	1860.80
531.08	1854.40
531.44	1865.20
531.80	1873.60
532.16	1885.60
532.52	1881.00
532.88	1891.20
533.24	1878.80
533.59	1902.80
533.95	1886.00
534.31	1900.00
534.67	1896.20
535.03	1911.40
535.39	1900.00
535.75	1918.60
536.11	1908.40
536.46	1920.20
536.82	1908.40
537.18	1916.80
537.54	1924.60
537.90	1938.80
538.26	1924.80
538.61	1936.00
538.97	1957.00
539.33	1935.00
539.69	1950.60
540.05	1943.80
540.40	1932.60
540.76	1966.60
541.12	1961.40
541.48	1991.00
541.84	1963.00
542.19	1963.60
542.55	1977.20
542.91	1966.40
543.27	1980.40
543.62	1988.00
543.98	1976.20
544.34	1980.00
544.70	2002.60
545.05	2009.80
545.41	2008.40
545.77	2000.60
546.12	2015.20
546.48	1999.80
546.84	1998.20
547.20	2009.40
547.55	2015.40
547.91	2035.20
548.27	2001.20
548.62	2012.60
548.98	2028.00
549.34	2019.00
549.69	2031.60
550.05	2033.60
550.41	2035.00
550.77	2030.00
551.12	2032.80
551.48	2025.40
551.83	2053.00
552.19	2047.60
552.55	2049.40
552.90	2046.60
553.26	2067.40
553.62	2074.80
553.97	2077.00
554.33	2074.40
554.69	2074.40
555.04	2071.00
555.40	2083.60
555.75	2080.80
556.11	2106.40
556.47	2092.80
556.82	2104.40
557.18	2108.20
557.53	2094.80
557.89	2126.60
558.24	2119.00
558.60	2112.60
558.96	2141.00
559.31	2120.40
559.67	2129.60
560.02	2135.40
560.38	2114.40
560.73	2152.40
561.09	2162.80
561.44	2166.60
561.80	2149.60
562.16	2162.20
562.51	2173.60
562.87	2192.80
563.22	2187.60
563.58	2178.60
563.93	2195.40
564.29	2189.20
564.64	2218.00
565.00	2206.20
565.35	2204.60
565.71	2200.80
566.06	2222.60
566.41	2235.00
566.77	2209.40
567.12	2239.60
567.48	2235.80
567.83	2246.40
568.19	2244.00
568.54	2272.20
568.90	2250.80
569.25	2267.00
569.60	2279.80
569.96	2287.40
570.31	2261.40
570.67	2290.00
571.02	2285.40
571.38	2296.20
571.73	2286.80
572.08	2315.40
572.44	2280.20
572.79	2303.60
573.15	2306.80
573.50	2292.00
573.85	2319.20
574.21	2296.80
574.56	2289.60
574.91	2320.40
575.27	2319.60
575.62	2304.00
575.97	2320.00
576.33	2320.20
576.68	2317.60
577.03	2325.60
577.39	2305.40
577.74	2326.00
578.09	2326.80
578.45	2317.40
578.80	2322.80
579.15	2306.00
579.51	2326.40
579.86	2324.00
580.21	2320.80
580.57	2330.00
580.92	2344.20
581.27	2316.80
581.62	2322.20
581.98	2308.20
582.33	2312.40
582.68	2312.00
583.03	2300.60
583.39	2321.60
583.74	2310.40
584.09	2302.00
584.44	2306.40
584.80	2295.80
585.15	2292.20
585.50	2300.20
585.85	2305.80
586.21	2281.60
586.56	2310.60
586.91	2295.40
587.26	2305.80
587.61	2316.20
587.97	2288.60
588.32	2310.00
588.67	2289.80
589.02	2302.20
589.37	2287.00
589.73	2303.80
590.08	2302.20
590.43	2294.40
590.78	2315.40
591.13	2306.80
591.48	2313.40
591.83	2296.20
592.19	2303.40
592.54	2304.80
592.89	2303.20
593.24	2318.80
593.59	2306.00
593.94	2307.60
594.29	2307.80
594.64	2301.80
595.00	2307.80
595.35	2308.80
595.70	2290.20
596.05	2287.20
596.40	2300.80
596.75	2303.60
597.10	2316.00
597.45	2293.20
597.80	2314.80
598.15	2311.60
598.50	2312.00
598.85	2310.40
599.20	2314.80
599.55	2326.00
599.90	2305.80
600.26	2314.00
600.61	2324.40
600.96	2320.80
601.31	2324.40
601.66	2323.80
602.01	2319.60
602.36	2329.20
602.71	2331.80
603.06	2333.00
603.41	2324.40
603.76	2331.40
604.11	2348.60
604.46	2319.60
604.81	2355.60
605.16	2360.00
605.50	2358.00
605.85	2346.20
606.20	2352.80
606.55	2354.60
606.90	2351.40
607.25	2347.00
607.60	2351.00
607.95	2344.80
608.30	2361.80
608.65	2378.40
609.00	2376.40
609.35	2354.60
609.70	2365.20
610.05	2372.20
610.40	2392.40
610.74	2380.40
611.09	2378.00
611.44	2384.20
611.79	2389.00
612.14	2402.20
612.49	2408.60
612.84	2386.40
613.19	2413.60
613.53	2391.40
613.88	2418.00
614.23	2403.20
614.58	2393.00
614.93	2413.00
615.28	2414.80
615.62	2407.20
615.97	2408.40
616.32	2427.40
616.67	2412.00
617.02	2401.20
617.37	2424.80
617.71	2437.20
618.06	2423.40
618.41	2408.60
618.76	2429.60
619.11	2417.20
619.45	2426.20
619.80	2434.60
620.15	2414.60
620.50	2420.40
620.84	2434.20
621.19	2429.00
621.54	2421.40
621.89	2420.00
622.23	2404.60
622.58	2418.40
622.93	2410.80
623.28	2436.20
623.62	2413.20
623.97	2420.60
624.32	2419.60
624.66	2441.80
625.01	2434.20
625.36	2417.60
625.71	2398.00
626.05	2424.40
626.40	2410.80
626.75	2416.20
627.09	2420.00
627.44	2403.60
627.79	2407.60
628.13	2373.00
628.48	2416.00
628.83	2395.60
629.17	2369.60
629.52	2402.60
629.87	2393.80
630.21	2394.00
630.56	2400.60
630.90	2401.20
631.25	2386.00
631.60	2390.40
631.94	2376.40
632.29	2375.60
632.63	2390.20
632.98	2354.00
633.33	2365.00
633.67	2348.80
634.02	2356.40
634.36	2349.80
634.71	2329.60
635.06	2353.20
635.40	2345.00
635.75	2372.40
636.09	2325.20
636.44	2340.80
636.78	2324.00
637.13	2324.20
637.47	2314.40
637.82	2309.00
638.16	2292.60
638.51	2326.60
638.86	2288.60
639.20	2326.60
639.55	2301.80
639.89	2293.80
640.24	2284.20
640.58	2291.80
640.93	2278.20
641.27	2266.60
641.62	2277.80
641.96	2257.60
642.30	2235.60
642.65	2249.80
642.99	2253.80
643.34	2238.60
643.68	2234.20
644.03	2237.20
644.37	2231.60
644.72	2228.80
645.06	2228.00
645.40	2231.00
645.75	2228.60
646.09	2213.00
646.44	2235.80
646.78	2204.40
647.13	2216.80
647.47	2197.40
647.81	2213.00
648.16	2197.40
648.50	2214.60
648.85	2204.80
649.19	2192.00
649.53	2188.20
649.88	2187.60
650.22	2201.80
650.56	2172.80
650.91	2180.40
651.25	2167.20
651.59	2164.80
651.94	2176.60
652.28	2177.20
652.62	2185.40
652.97	2172.00
653.31	2161.20
653.65	2151.20
654.00	2158.20
654.34	2161.20
654.68	2166.00
655.03	2141.40
655.37	2153.40
655.71	2172.20
656.05	2150.00
656.40	2141.00
656.74	2138.20
657.08	2132.20
657.43	2154.40
657.77	2121.80
658.11	2144.20
658.45	2138.40
658.80	2141.60
659.14	2132.40
659.48	2120.20
659.82	2130.00
660.16	2149.20
660.51	2126.00
660.85	2136.20
661.19	2141.20
661.53	2138.00
661.87	2143.60
662.22	2143.80
662.56	2127.40
662.90	2151.00
663.24	2124.20
663.58	2125.80
663.93	2114.20
664.27	2107.40
664.61	2131.60
664.95	2148.00
665.29	2118.00
665.63	2109.00
665.98	2117.00
666.32	2124.20
666.66	2111.00
667.00	2104.80
667.34	2132.60
667.68	2119.60
668.02	2096.60
668.36	2118.00
668.70	2116.20
669.05	2092.60
669.39	2092.60
669.73	2097.20
670.07	2097.40
670.41	2094.80
670.75	2099.40
671.09	2106.20
671.43	2099.20
671.77	2113.80
672.11	2124.20
672.45	2115.80
672.79	2104.00
673.13	2109.40
673.47	2089.80
673.81	2109.80
674.16	2080.60
674.50	2091.40
674.84	2083.40
675.18	2076.60
675.52	2093.20
675.86	2073.80
676.20	2087.60
676.54	2076.00
676.88	2068.20
677.22	2082.60
677.56	2054.60
677.90	2064.20
678.23	2072.00
678.57	2053.60
678.91	2063.60
679.25	2070.20
679.59	2062.20
679.93	2046.60
680.27	2058.80
680.61	2052.60
680.95	2038.40
681.29	2033.60
681.63	2023.20
681.97	2038.00
682.31	2000.00
682.65	2013.60
682.99	2027.60
683.32	2005.00
683.66	2015.60
684.00	2003.00
684.34	2002.40
684.68	1977.20
685.02	1995.40
685.36	1979.80
685.70	1964.60
686.03	1978.80
686.37	1977.00
686.71	1966.20
687.05	1957.20
687.39	1947.40
687.73	1948.80
688.07	1945.00
688.40	1945.20
688.74	1954.00
689.08	1927.20
689.42	1935.80
689.76	1924.20
690.09	1919.00
690.43	1899.60
690.77	1917.40
691.11	1885.00
691.45	1890.60
691.78	1895.60
692.12	1860.00
692.46	1873.60
692.80	1865.80
693.13	1874.20
693.47	1864.60
693.81	1862.60
694.15	1846.40
694.48	1844.60
694.82	1836.60
695.16	1844.00
695.50	1828.80
695.83	1809.60
696.17	1815.60
696.51	1810.60
696.84	1799.40
697.18	1802.40
697.52	1803.40
697.85	1785.60
698.19	1798.20
698.53	1780.40
698.87	1763.40
699.20	1770.40
699.54	1756.40
699.88	1762.40
700.21	1772.40
700.55	1750.00
700.88	1735.20
701.22	1732.40
701.56	1741.80
701.89	1728.40
702.23	1721.00
702.57	1734.00
702.90	1706.20
703.24	1714.40
703.57	1697.40
703.91	1687.80
704.25	1674.80
704.58	1686.00
704.92	1688.60
705.25	1670.20
705.59	1670.20
705.93	1671.20
706.26	1655.20
706.60	1656.40
706.93	1636.20
707.27	1638.60
707.60	1655.20
707.94	1630.00
708.27	1640.40
708.61	1637.20
708.95	1630.40
709.28	1617.20
709.62	1616.00
709.95	1620.80
710.29	1612.20
710.62	1594.40
710.96	1599.80
711.29	1586.60
711.63	1599.60
711.96	1579.20
712.30	1587.40
712.63	1575.00
712.96	1570.00
713.30	1575.60
713.63	1571.00
713.97	1561.00
714.30	1561.60
714.64	1551.60
714.97	1544.20
715.31	1542.40
715.64	1546.00
715.97	1546.60
716.31	1539.40
716.64	1525.40
716.98	1533.60
717.31	1538.00
717.64	1539.80
717.98	1527.00
718.31	1533.20
718.65	1525.20
718.98	1517.60
719.31	1521.80
719.65	1523.60
719.98	1499.60
720.32	1511.60
720.65	1515.00
720.98	1498.80
721.32	1500.80
721.65	1482.20
721.98	1489.20
722.32	1505.60
722.65	1492.40
722.98	1487.20
723.32	1481.80
723.65	1479.60
723.98	1480.00
724.31	1460.40
724.65	1473.80
724.98	1462.60
725.31	1465.00
725.65	1463.40
725.98	1465.00
726.31	1454.80
726.64	1446.60
726.98	1447.40
727.31	1452.20
727.64	1453.40
727.97	1444.20
728.31	1432.80
728.64	1442.80
728.97	1431.20
729.30	1439.20
729.64	1440.40
729.97	1427.00
730.30	1433.40
730.63	1440.00
730.96	1442.80
731.30	1436.60
731.63	1439.00
731.96	1424.20
732.29	1430.20
732.62	1437.20
732.96	1417.80
733.29	1431.20
733.62	1427.80
733.95	1425.00
734.28	1423.20
734.61	1418.00
734.94	1416.40
735.28	1427.60
735.61	1425.00
735.94	1413.40
736.27	1414.80
736.60	1401.40
736.93	1407.60
737.26	1400.20
737.59	1407.40
737.92	1410.20
738.26	1399.00
738.59	1383.60
738.92	1396.20
739.25	1396.00
739.58	1391.80
739.91	1386.20
740.24	1392.40
740.57	1388.00
740.90	1388.40
741.23	1371.80
741.56	1367.80
741.89	1365.60
742.22	1356.80
742.55	1379.00
742.88	1366.60
743.21	1353.80
743.54	1363.80
743.87	1365.20
744.20	1354.00
744.53	1347.60
744.86	1354.80
745.19	1331.40
745.52	1341.80
745.85	1347.60
746.18	1340.00
746.51	1333.40
746.84	1334.20
747.17	1323.80
747.50	1318.80
747.83	1333.00
748.16	1324.00
748.49	1323.40
748.82	1308.20
749.15	1310.80
749.48	1329.80
749.81	1312.40
750.14	1303.60
750.46	1301.80
750.79	1295.00
751.12	1295.40
751.45	1297.60
751.78	1277.60
752.11	1290.60
752.44	1284.00
752.77	1278.00
753.10	1275.20
753.42	1267.80
753.75	1275.80
754.08	1268.60
754.41	1260.40
754.74	1261.20
755.07	1260.40
755.39	1234.20
755.72	1250.20
756.05	1233.60
756.38	1234.80
756.71	1234.60
757.04	1227.60
757.36	1229.40
757.69	1223.60
758.02	1209.60
758.35	1212.80
758.67	1210.00
759.00	1204.00
759.33	1205.40
759.66	1198.80
759.99	1192.40
760.31	1185.00
760.64	1186.40
760.97	1191.60
761.30	1175.80
761.62	1171.80
761.95	1166.80
762.28	1171.20
762.60	1149.40
762.93	1155.80
763.26	1150.40
763.59	1137.60
763.91	1147.80
764.24	1133.40
764.57	1142.00
764.89	1129.60
765.22	1116.80
765.55	1122.80
765.87	1116.20
766.20	1104.80
766.53	1111.00
766.85	1112.80
767.18	1097.80
767.51	1106.20
767.83	1090.40
768.16	1087.40
768.48	1093.80
768.81	1067.20
769.14	1077.80
769.46	1068.80
769.79	1077.80
770.12	1063.40
770.44	1048.80
770.77	1056.40
771.09	1036.20
771.42	1033.80
771.74	1026.40
772.07	1028.80
772.40	1021.40
772.72	1020.20
773.05	1010.00
773.37	1018.40
773.70	1008.80
774.02	1004.00
774.35	994.00
774.67	982.80
775.00	987.80
775.32	973.80
775.65	969.80
775.97	975.00
776.30	968.20
776.63	963.80
776.95	967.40
777.27	950.80
777.60	933.40
777.92	939.60
778.25	958.20
778.57	932.20
778.90	934.20
779.22	930.40
779.55	927.80
779.87	922.40
780.20	924.00
780.52	918.00
780.85	910.40
781.17	901.20
781.49	901.60
781.82	898.80
782.14	892.40
782.47	896.80
782.79	881.00
783.11	887.40
783.44	872.40
783.76	877.80
784.09	858.20
784.41	863.80
784.73	858.80
785.06	850.40
785.38	854.40
785.70	853.00
786.03	848.80
786.35	842.40
786.67	832.40
787.00	836.20
787.32	827.00
787.64	837.40
787.97	817.40
788.29	824.60
788.61	817.00
788.94	828.20
789.26	821.80
789.58	815.80
789.91	813.20
790.23	819.80
790.55	818.60
790.87	808.00
791.20	813.20
791.52	812.00
791.84	811.40
792.16	813.80
792.49	803.00
792.81	810.20
793.13	805.00
793.45	803.00
793.78	812.20
794.10	803.80
794.42	801.80
794.74	802.60
795.06	803.00
795.39	801.80
795.71	804.20
796.03	806.60
796.35	807.00
796.67	805.40
797.00	809.20
797.32	803.60
797.64	810.00
797.96	812.00
798.28	814.20
798.60	816.80
798.93	814.00
799.25	807.00
799.57	818.80
799.89	814.00
800.21	803.80
800.53	806.60
800.85	809.40
801.17	806.00
801.50	817.60
801.82	805.00
802.14	803.00
802.46	797.00
802.78	804.40
803.10	810.60
803.42	803.00
803.74	795.20
804.06	803.40
804.38	799.60
804.70	797.40
805.02	796.00
805.34	793.60
805.66	793.40
805.98	796.00
806.30	808.40
806.62	795.00
806.94	796.00
807.26	792.60
807.58	787.60
807.90	795.00
808.22	789.20
808.54	791.60
808.86	784.60
809.18	782.40
809.50	793.80
809.82	785.40
810.14	779.20
810.46	781.80
810.78	778.60
811.10	783.80
811.42	779.20
811.74	773.20
812.06	783.00
812.38	775.20
812.70	769.00
813.02	769.00
813.34	777.00
813.66	759.00
813.97	772.20
814.29	764.80
814.61	760.80
814.93	768.20
815.25	763.80
815.57	763.00
815.89	764.40
816.21	741.80
816.52	756.80
816.84	757.80
817.16	752.80
817.48	754.60
817.80	751.00
818.12	755.60
818.43	750.00
818.75	752.00
819.07	753.20
819.39	745.40
819.71	744.40
820.03	739.20
820.34	745.00
820.66	741.20
820.98	735.80
821.30	741.60
821.61	733.20
821.93	739.20
822.25	745.20
822.57	743.40
822.88	737.00
823.20	730.40
823.52	723.80
823.84	724.40
824.15	727.80
824.47	722.80
824.79	727.80
825.11	729.40
825.42	730.40
825.74	724.80
826.06	723.20
826.37	721.60
826.69	716.40
827.01	723.80
827.32	719.00
827.64	716.60
827.96	705.20
828.27	716.00
828.59	710.00
828.91	713.80
829.22	712.00
829.54	712.20
829.86	706.80
830.17	710.40
830.49	710.40
830.81	703.60
831.12	704.00
831.44	701.80
831.75	701.40
832.07	698.40
832.39	693.80
832.70	690.60
833.02	690.20
833.33	687.20
833.65	696.40
833.96	695.00
834.28	694.40
834.60	690.40
834.91	689.80
835.23	687.80
835.54	679.20
835.86	679.80
836.17	684.60
836.49	672.80
836.80	679.80
837.12	674.60
837.43	675.40
837.75	671.20
838.06	669.40
838.38	667.40
838.69	666.60
839.01	663.00
839.32	656.20
839.64	659.20
839.95	661.60
840.27	662.80
840.58	653.80
840.90	658.40
841.21	660.60
841.53	654.60
841.84	651.20
842.15	643.40
842.47	645.60
842.78	639.60
843.10	646.40
843.41	638.60
843.72	639.80
844.04	635.60
844.35	630.20
844.67	633.80
844.98	633.40
845.29	628.40
845.61	619.60
845.92	623.40
846.23	625.20
846.55	623.40
846.86	616.20
847.18	612.00
847.49	613.00
847.80	619.20
848.12	608.20
848.43	604.60
848.74	606.80
849.05	599.00
849.37	602.20
849.68	598.20
849.99	594.80
850.31	593.60
850.62	585.80
850.93	586.80
851.24	582.00
851.56	582.80
851.87	575.60
852.18	575.80
852.50	579.00
852.81	576.20
853.12	575.00
853.43	567.60
853.74	567.80
854.06	566.00
854.37	570.80
854.68	564.20
854.99	562.40
855.31	561.80
855.62	554.40
855.93	556.40
856.24	554.00
856.55	545.80
856.87	542.40
857.18	541.80
857.49	544.80
857.80	540.40
858.11	533.40
858.42	532.40
858.73	535.40
859.05	527.00
859.36	528.40
859.67	523.00
859.98	518.60
860.29	524.80
860.60	522.60
860.91	519.80
861.22	514.20
861.54	513.40
861.85	515.20
862.16	509.20
862.47	501.60
862.78	506.40
863.09	500.60
863.40	501.20
863.71	500.20
864.02	496.40
864.33	496.20
864.64	487.00
864.95	483.20
865.26	479.40
865.57	479.40
865.88	480.00
866.19	478.60
866.50	471.80
866.81	471.40
867.12	469.80
867.43	474.20
867.74	464.40
868.05	462.40
868.36	468.00
868.67	463.60
868.98	462.40
869.29	458.00
869.60	458.00
869.91	459.40
870.22	455.00
870.53	451.20
870.84	448.60
871.15	446.80
871.46	443.80
871.77	435.00
872.08	439.20
872.39	434.20
872.69	431.80
873.00	430.20
873.31	430.80
873.62	425.40
873.93	427.20
874.24	420.80
874.55	421.20
874.86	421.80
875.16	417.80
875.47	418.60
875.78	411.60
876.09	412.00
876.40	407.60
876.71	408.60
877.01	398.20
877.32	398.00
877.63	401.00
877.94	403.60
878.25	398.00
878.56	394.20
878.86	393.20
879.17	390.00
879.48	388.20
879.79	385.60
880.09	387.00
880.40	380.20
880.71	383.20
881.02	378.40
881.32	370.20
881.63	377.60
881.94	377.20
882.25	372.80
882.55	373.40
882.86	369.80
883.17	372.00
883.48	363.20
883.78	362.80
884.09	365.00
884.40	357.20
884.70	362.40
885.01	361.00
885.32	364.60
885.62	363.60
885.93	356.20
886.24	357.00
886.54	359.20
886.85	354.60
887.16	357.00
887.46	351.00
887.77	353.20
888.08	350.20
888.38	354.20
888.69	353.80
888.99	352.40
889.30	349.00
889.61	350.00
889.91	354.00
890.22	350.40
890.52	356.20
890.83	354.00
891.14	349.20
891.44	353.40
891.75	354.00
892.05	351.60
892.36	346.40
892.66	352.20
892.97	346.00
893.27	349.80
893.58	342.20
893.89	352.00
894.19	346.80
894.50	343.20
894.80	348.00
895.11	351.00
895.41	351.40
895.72	348.60
896.02	348.00
896.33	347.00
896.63	346.60
896.93	345.60
897.24	348.80
897.54	348.80
897.85	343.00
898.15	346.20
898.46	346.00
898.76	348.20
899.07	347.80
899.37	347.60
899.67	349.00
899.98	348.20
900.28	345.00
900.59	351.60
900.89	347.60
901.19	347.20
901.50	350.00
901.80	351.20
902.11	347.00
902.41	345.40
902.71	347.60
903.02	345.20
903.32	343.40
903.62	343.20
903.93	345.00
904.23	347.40
904.53	346.40
904.84	346.40
905.14	339.80
905.44	342.60
905.75	338.20
906.05	349.20
906.35	343.80
906.66	342.20
906.96	341.20
907.26	341.60
907.56	338.60
907.87	343.80
908.17	338.00
908.47	341.00
908.77	346.00
909.08	337.40
909.38	341.20
909.68	344.40
909.98	337.60
910.29	340.80
910.59	339.20
910.89	340.80
911.19	340.00
911.50	339.60
911.80	333.60
912.10	335.60
912.40	341.00
912.70	338.20
913.00	335.80
913.31	332.40
913.61	333.00
913.91	332.80
914.21	331.40
914.51	332.40
914.81	328.20
915.12	329.60
915.42	335.00
915.72	330.40
916.02	326.60
916.32	323.80
916.62	324.60
916.92	326.60
917.22	328.20
917.52	320.40
917.83	318.80
918.13	317.20
918.43	323.20
918.73	319.40
919.03	323.40
919.33	320.60
919.63	318.60
919.93	315.00
920.23	319.80
920.53	318.80
920.83	315.00
921.13	313.60
921.43	314.60
921.73	305.00
922.03	313.80
922.33	309.00
922.63	308.40
922.93	311.80
923.23	307.80
923.53	306.20
923.83	304.80
924.13	303.20
924.43	308.40
924.73	304.20
925.03	308.60
925.33	300.00
925.63	303.00
925.93	302.80
926.23	298.00
926.53	300.20
926.83	298.80
927.13	296.40
927.42	296.80
927.72	292.40
928.02	294.60
928.32	298.80
928.62	294.00
928.92	295.60
929.22	296.60
929.52	292.00
929.82	294.20
930.11	292.00
930.41	284.40
930.71	289.80
931.01	285.20
931.31	289.60
931.61	285.20
931.90	280.20
932.20	283.20
932.50	281.40
932.80	281.80
933.10	282.00
933.39	279.60
933.69	280.40
933.99	279.80
934.29	277.00
934.59	277.20
934.88	276.80
935.18	274.80
935.48	275.40
935.78	275.40
936.07	271.00
936.37	271.60
936.67	274.80
936.97	268.20
937.26	270.40
937.56	267.20
937.86	268.00
938.15	266.00
938.45	263.20
938.75	264.20
939.05	266.60
939.34	267.60
939.64	263.20
939.94	260.40
940.23	263.80
940.53	259.60
940.83	263.20
941.12	262.40
941.42	256.20
941.71	262.00
942.01	261.20
942.31	258.20
942.60	256.20
942.90	255.00
943.20	253.40
943.49	254.80
943.79	254.60
944.08	255.60
944.38	252.20
944.68	250.80
944.97	250.40
945.27	249.60
945.56	246.20
945.86	248.80
946.15	245.20
946.45	247.40
946.74	241.60
947.04	246.00
947.34	241.00
947.63	241.20
947.93	242.80
948.22	241.80
948.52	239.00
948.81	239.80
949.11	238.00
949.40	237.00
949.70	233.60
949.99	234.20
950.29	233.80
950.58	233.40
950.87	232.20
951.17	230.20
951.46	229.60
951.76	232.80
952.05	232.20
952.35	231.40
952.64	228.20
952.94	232.80
953.23	228.60
953.52	226.80
953.82	229.00
954.11	225.60
954.41	225.80
954.70	225.00
954.99	223.60
955.29	221.20
955.58	222.20
955.87	219.60
956.17	217.20
956.46	220.20
956.76	219.20
957.05	216.80
957.34	218.00
957.64	216.80
957.93	215.60
958.22	212.60
958.52	214.00
958.81	212.80
959.10	213.80
959.39	212.80
959.69	211.00
959.98	208.00
960.27	209.60
960.57	209.40
960.86	208.00
961.15	209.40
961.44	206.80
961.74	211.00
962.03	206.80
962.32	205.20
962.61	203.80
962.91	202.40
963.20	205.20
963.49	203.80
963.78	202.00
964.07	199.60
964.37	203.40
964.66	199.80
964.95	197.40
965.24	198.60
965.53	197.00
965.83	196.60
966.12	199.40
966.41	196.60
966.70	197.60
966.99	193.20
967.28	192.80
967.57	193.20
967.87	192.20
968.16	196.60
968.45	188.00
968.74	192.40
969.03	192.20
969.32	189.20
969.61	187.80
969.90	189.20
970.19	188.40
970.49	185.60
970.78	186.00
971.07	186.40
971.36	182.40
971.65	184.00
971.94	184.20
972.23	179.00
972.52	179.80
972.81	181.20
973.10	180.40
973.39	181.20
973.68	177.60
973.97	178.00
974.26	178.80
974.55	178.60
974.84	177.80
975.13	175.80
975.42	174.00
975.71	175.80
976.00	176.40
976.29	173.80
976.58	174.80
976.87	172.40
977.16	173.20
977.45	173.00
977.74	172.20
978.03	171.40
978.32	170.40
978.60	170.80
978.89	169.00
979.18	170.40
979.47	168.20
979.76	170.80
980.05	168.80
980.34	168.00
980.63	167.60
980.92	164.20
981.20	166.40
981.49	166.60
981.78	164.60
982.07	161.20
982.36	161.00
982.65	161.80
982.94	160.80
983.22	163.60
983.51	162.60
983.80	161.40
984.09	161.20
984.38	158.60
984.66	159.80
984.95	160.80
985.24	161.20
985.53	160.60
985.82	158.80
986.10	160.00
986.39	157.80
986.68	156.80
986.97	157.00
987.25	158.80
987.54	159.00
987.83	157.20
988.12	155.60
988.40	154.20
988.69	154.60
988.98	154.40
989.26	153.00
989.55	153.60
989.84	150.80
990.12	155.60
990.41	153.20
990.70	152.80
990.98	152.40
991.27	150.60
991.56	153.20
991.84	154.20
992.13	150.40
992.42	151.00
992.70	149.80
992.99	148.00
993.28	149.40
993.56	147.40
993.85	147.60
994.13	148.60
994.42	149.20
994.71	147.60
994.99	146.80
995.28	145.00
995.56	146.80
995.85	146.40
996.14	146.00
996.42	145.80
996.71	145.20
996.99	145.80
997.28	148.40
997.56	146.00
997.85	145.20
998.13	144.60
998.42	145.40
998.70	143.00
998.99	142.80
999.27	141.20
999.56	142.60
999.84	143.40
1000.13	145.00
1000.41	143.20
1000.70	142.20
1000.98	141.20
1001.27	141.40
1001.55	143.00
1001.84	143.60
1002.12	141.60
1002.40	140.80
1002.69	141.00
1002.97	141.40
1003.26	142.20
1003.54	140.60
1003.83	141.00
1004.11	140.80
1004.39	140.40
1004.68	139.20
1004.96	139.60
1005.24	138.40
1005.53	136.80
1005.81	137.00
1006.10	137.40
1006.38	137.00
1006.66	136.60
1006.95	138.60
1007.23	138.20
1007.51	137.20
1007.80	136.20
1008.08	135.80
1008.36	134.80
1008.65	135.60
1008.93	136.00
1009.21	136.40
1009.49	136.00
1009.78	136.00
1010.06	134.60
1010.34	133.40
1010.63	133.40
1010.91	134.20
1011.19	135.20
1011.47	133.60
1011.76	133.40
1012.04	133.00
1012.32	133.40
1012.60	135.00
1012.88	132.80
1013.17	133.20
1013.45	132.80
1013.73	133.20
1014.01	131.40
1014.29	131.40
1014.58	132.20
1014.86	131.40
1015.14	130.80
1015.42	131.40
1015.70	132.00
1015.98	132.00
1016.27	132.00
1016.55	130.40
1016.83	130.80
1017.11	130.40
1017.39	129.60
1017.67	129.00
1017.95	128.80
1018.23	130.00
1018.52	130.80
1018.80	131.00
1019.08	130.00
1019.36	130.00
1019.64	129.00
1019.92	128.20
1020.20	128.20
1020.48	128.60
1020.76	128.20
1021.04	128.40
1021.32	128.80
1021.60	128.60
1021.88	128.20
1022.16	128.00
1022.44	127.40
1022.72	128.60
