	0.0	
339.41	0.00
339.79	116.40
340.17	116.60
340.55	118.00
340.94	119.20
341.32	119.80
341.70	121.00
342.08	122.20
342.46	122.40
342.84	123.20
343.22	125.20
343.60	125.40
343.98	125.20
344.36	124.40
344.74	125.40
345.12	123.80
345.50	124.40
345.88	123.60
346.26	124.80
346.64	125.00
347.02	124.60
347.40	124.40
347.78	123.20
348.15	124.80
348.53	124.40
348.91	126.00
349.29	128.20
349.67	127.60
350.05	128.00
350.43	128.20
350.81	128.20
351.19	127.40
351.57	127.40
351.95	127.40
352.33	127.80
352.71	127.80
353.09	129.00
353.47	128.00
353.84	129.20
354.22	128.20
354.60	128.20
354.98	127.20
355.36	129.60
355.74	129.80
356.12	130.40
356.50	130.80
356.88	129.40
357.25	127.80
357.63	128.40
358.01	128.80
358.39	129.80
358.77	130.80
359.15	130.00
359.53	130.60
359.90	131.20
360.28	129.20
360.66	129.40
361.04	131.60
361.42	132.80
361.80	131.60
362.17	132.20
362.55	133.40
362.93	133.60
363.31	134.20
363.69	133.60
364.06	132.40
364.44	133.60
364.82	133.40
365.20	133.40
365.58	134.00
365.95	133.40
366.33	133.80
366.71	133.00
367.09	133.20
367.46	133.40
367.84	133.60
368.22	134.00
368.60	134.80
368.97	135.80
369.35	134.80
369.73	136.60
370.11	137.20
370.48	136.60
370.86	138.60
371.24	136.80
371.62	136.40
371.99	137.00
372.37	138.20
372.75	138.20
373.12	138.80
373.50	138.20
373.88	139.00
374.25	139.20
374.63	141.80
375.01	141.80
375.38	140.80
375.76	140.40
376.14	140.00
376.51	142.60
376.89	140.80
377.27	139.20
377.64	140.00
378.02	141.00
378.40	144.00
378.77	145.00
379.15	144.80
379.53	144.20
379.90	145.20
380.28	144.60
380.66	144.80
381.03	146.20
381.41	147.40
381.78	146.00
382.16	146.80
382.54	148.40
382.91	148.80
383.29	147.40
383.66	148.40
384.04	150.80
384.42	151.00
384.79	149.80
385.17	149.60
385.54	151.20
385.92	152.80
386.29	150.80
386.67	153.00
387.05	153.80
387.42	153.40
387.80	156.40
388.17	154.40
388.55	155.20
388.92	156.40
389.30	156.40
389.67	158.60
390.05	159.40
390.42	159.60
390.80	160.00
391.17	161.60
391.55	161.80
391.92	162.80
392.30	164.80
392.67	164.80
393.05	165.60
393.42	167.40
393.80	167.00
394.17	168.00
394.55	167.20
394.92	167.60
395.30	171.20
395.67	171.40
396.05	173.40
396.42	172.40
396.80	174.00
397.17	174.20
397.55	172.60
397.92	176.60
398.29	178.00
398.67	183.00
399.04	180.20
399.42	181.00
399.79	181.00
400.17	180.80
400.54	182.80
400.91	182.60
401.29	185.80
401.66	182.60
402.04	186.80
402.41	185.80
402.78	189.80
403.16	186.60
403.53	191.20
403.90	195.40
404.28	190.80
404.65	194.80
405.03	196.60
405.40	195.00
405.77	197.80
406.15	196.40
406.52	197.80
406.89	199.80
407.27	198.40
407.64	198.40
408.01	202.40
408.39	205.80
408.76	207.40
409.13	206.20
409.51	211.40
409.88	212.40
410.25	211.20
410.62	211.80
411.00	215.00
411.37	215.40
411.74	215.40
412.12	221.20
412.49	216.40
412.86	218.20
413.23	215.80
413.61	222.80
413.98	229.60
414.35	226.60
414.73	225.60
415.10	221.60
415.47	231.60
415.84	227.20
416.22	227.60
416.59	234.00
416.96	234.40
417.33	233.40
417.70	237.60
418.08	242.00
418.45	240.00
418.82	239.00
419.19	244.80
419.57	247.40
419.94	246.60
420.31	250.60
420.68	246.20
421.05	246.40
421.42	249.60
421.80	253.60
422.17	255.80
422.54	262.60
422.91	257.00
423.28	258.20
423.65	258.60
424.03	264.20
424.40	262.00
424.77	263.20
425.14	271.00
425.51	268.20
425.88	275.40
426.25	271.00
426.63	272.00
427.00	274.20
427.37	282.60
427.74	290.20
428.11	282.80
428.48	290.20
428.85	287.20
429.22	289.60
429.59	297.20
429.97	295.40
430.34	293.40
430.71	300.60
431.08	299.80
431.45	308.60
431.82	307.80
432.19	309.40
432.56	312.80
432.93	312.60
433.30	316.20
433.67	318.60
434.04	315.80
434.41	325.60
434.78	326.40
435.15	324.80
435.52	333.80
435.89	337.00
436.26	333.00
436.63	333.80
437.00	342.00
437.37	342.60
437.74	346.00
438.11	354.40
438.48	347.60
438.85	359.00
439.22	364.20
439.59	368.80
439.96	360.00
440.33	370.80
440.70	378.80
441.07	373.60
441.44	384.00
441.81	377.40
442.18	380.40
442.55	383.00
442.92	395.40
443.29	392.80
443.66	384.00
444.03	389.80
444.40	397.00
444.77	404.40
445.14	399.60
445.51	414.40
445.88	408.00
446.24	408.40
446.61	418.00
446.98	405.80
447.35	425.20
447.72	426.20
448.09	423.60
448.46	415.20
448.83	422.80
449.20	422.20
449.56	424.60
449.93	433.60
450.30	420.20
450.67	445.00
451.04	430.20
451.41	430.60
451.78	441.80
452.14	439.00
452.51	445.40
452.88	442.60
453.25	442.60
453.62	455.00
453.99	451.20
454.35	451.80
454.72	457.60
455.09	461.80
455.46	465.80
455.83	470.00
456.19	470.60
456.56	473.20
456.93	474.00
457.30	480.80
457.66	480.80
458.03	488.00
458.40	488.40
458.77	490.40
459.14	494.60
459.50	493.40
459.87	484.60
460.24	500.80
460.61	501.20
460.97	509.40
461.34	505.80
461.71	506.60
462.07	505.20
462.44	519.80
462.81	535.60
463.18	522.80
463.54	519.60
463.91	540.80
464.28	535.40
464.64	536.00
465.01	537.80
465.38	550.20
465.75	539.20
466.11	551.80
466.48	551.20
466.85	544.80
467.21	552.40
467.58	563.60
467.95	569.20
468.31	573.00
468.68	581.80
469.04	588.60
469.41	599.40
469.78	596.80
470.14	600.40
470.51	609.60
470.88	610.60
471.24	612.40
471.61	621.80
471.98	617.00
472.34	637.80
472.71	640.80
473.07	643.20
473.44	649.20
473.81	658.40
474.17	655.40
474.54	672.00
474.90	672.60
475.27	673.80
475.63	687.80
476.00	690.00
476.37	693.40
476.73	697.80
477.10	719.60
477.46	730.00
477.83	721.80
478.19	726.80
478.56	747.40
478.92	756.20
479.29	761.60
479.65	761.60
480.02	761.00
480.38	785.40
480.75	790.80
481.11	781.40
481.48	807.40
481.84	807.00
482.21	807.80
482.57	824.00
482.94	834.60
483.30	836.20
483.67	838.60
484.03	857.20
484.40	865.00
484.76	859.00
485.13	874.80
485.49	885.80
485.86	892.20
486.22	894.00
486.59	901.40
486.95	900.40
487.31	918.60
487.68	917.00
488.04	925.00
488.41	942.20
488.77	935.60
489.14	942.00
489.50	954.80
489.86	959.60
490.23	962.20
490.59	961.40
490.96	979.60
491.32	981.00
491.68	992.80
492.05	991.80
492.41	999.40
492.77	1010.40
493.14	1014.00
493.50	1010.80
493.87	1022.80
494.23	1025.20
494.59	1023.20
494.96	1030.60
495.32	1034.00
495.68	1043.80
496.05	1047.00
496.41	1038.80
496.77	1064.00
497.14	1053.40
497.50	1062.20
497.86	1069.00
498.23	1058.20
498.59	1057.40
498.95	1070.40
499.31	1077.60
499.68	1082.60
500.04	1088.80
500.40	1090.80
500.77	1089.00
501.13	1100.80
501.49	1101.00
501.85	1108.80
502.22	1103.80
502.58	1103.20
502.94	1110.20
503.30	1105.60
503.67	1110.00
504.03	1124.80
504.39	1116.80
504.75	1141.40
505.12	1132.00
505.48	1131.60
505.84	1136.40
506.20	1128.60
506.56	1140.00
506.93	1139.80
507.29	1161.00
507.65	1145.80
508.01	1161.80
508.37	1164.20
508.74	1149.20
509.10	1173.80
509.46	1159.60
509.82	1168.60
510.18	1170.20
510.54	1175.20
510.91	1177.00
511.27	1175.20
511.63	1197.00
511.99	1186.40
512.35	1187.40
512.71	1192.60
513.07	1193.60
513.43	1206.00
513.80	1200.80
514.16	1219.20
514.52	1217.00
514.88	1215.20
515.24	1222.80
515.60	1228.00
515.96	1230.00
516.32	1229.80
516.68	1240.20
517.04	1237.80
517.41	1230.20
517.77	1242.00
518.13	1251.80
518.49	1255.00
518.85	1257.40
519.21	1257.60
519.57	1259.40
519.93	1279.60
520.29	1276.60
520.65	1276.80
521.01	1282.00
521.37	1291.00
521.73	1267.40
522.09	1299.20
522.45	1306.40
522.81	1311.80
523.17	1303.20
523.53	1299.80
523.89	1300.40
524.25	1307.60
524.61	1321.20
524.97	1319.60
525.33	1323.20
525.69	1324.20
526.05	1334.20
526.41	1344.60
526.77	1335.40
527.13	1341.80
527.49	1357.60
527.85	1347.20
528.21	1370.20
528.57	1374.60
528.93	1368.20
529.29	1377.00
529.65	1369.20
530.00	1377.80
530.36	1380.00
530.72	1392.20
531.08	1387.60
531.44	1379.40
531.80	1397.80
532.16	1412.40
532.52	1404.80
532.88	1417.20
533.24	1399.20
533.59	1422.00
533.95	1408.60
534.31	1422.00
534.67	1421.40
535.03	1424.80
535.39	1422.40
535.75	1432.40
536.11	1427.80
536.46	1434.40
536.82	1432.20
537.18	1436.00
537.54	1442.20
537.90	1443.00
538.26	1438.60
538.61	1442.40
538.97	1458.00
539.33	1451.20
539.69	1460.60
540.05	1456.60
540.40	1451.00
540.76	1458.60
541.12	1457.60
541.48	1469.20
541.84	1460.60
542.19	1462.20
542.55	1472.00
542.91	1462.80
543.27	1475.60
543.62	1471.40
543.98	1477.60
544.34	1471.20
544.70	1494.60
545.05	1496.20
545.41	1495.60
545.77	1491.80
546.12	1490.80
546.48	1492.80
546.84	1494.00
547.20	1496.60
547.55	1500.80
547.91	1523.20
548.27	1502.20
548.62	1507.00
548.98	1517.00
549.34	1513.80
549.69	1524.60
550.05	1522.40
550.41	1515.60
550.77	1509.40
551.12	1508.80
551.48	1513.00
551.83	1532.00
552.19	1519.00
552.55	1532.00
552.90	1525.40
553.26	1527.20
553.62	1541.00
553.97	1537.40
554.33	1537.00
554.69	1542.40
555.04	1529.40
555.40	1544.60
555.75	1553.00
556.11	1569.20
556.47	1560.60
556.82	1567.20
557.18	1568.20
557.53	1552.00
557.89	1567.00
558.24	1574.60
558.60	1572.20
558.96	1592.00
559.31	1584.80
559.67	1590.60
560.02	1594.00
560.38	1574.60
560.73	1614.20
561.09	1610.80
561.44	1615.20
561.80	1608.20
562.16	1617.60
562.51	1623.20
562.87	1632.40
563.22	1622.20
563.58	1627.40
563.93	1628.80
564.29	1629.40
564.64	1652.80
565.00	1638.20
565.35	1637.00
565.71	1627.00
566.06	1660.80
566.41	1666.60
566.77	1650.60
567.12	1658.00
567.48	1662.20
567.83	1663.60
568.19	1676.20
568.54	1676.00
568.90	1671.20
569.25	1669.60
569.60	1680.40
569.96	1690.60
570.31	1680.80
570.67	1696.20
571.02	1692.20
571.38	1699.00
571.73	1694.40
572.08	1711.60
572.44	1704.60
572.79	1706.20
573.15	1696.60
573.50	1690.20
573.85	1726.00
574.21	1718.20
574.56	1710.80
574.91	1719.80
575.27	1718.20
575.62	1713.40
575.97	1707.40
576.33	1723.00
576.68	1721.80
577.03	1723.80
577.39	1725.40
577.74	1729.00
578.09	1732.80
578.45	1736.20
578.80	1720.20
579.15	1719.20
579.51	1719.80
579.86	1725.80
580.21	1731.40
580.57	1721.20
580.92	1734.00
581.27	1726.80
581.62	1738.00
581.98	1727.80
582.33	1720.00
582.68	1727.80
583.03	1723.60
583.39	1729.40
583.74	1734.20
584.09	1718.00
584.44	1730.00
584.80	1727.60
585.15	1705.80
585.50	1719.20
585.85	1723.80
586.21	1707.20
586.56	1737.00
586.91	1734.40
587.26	1725.80
587.61	1728.60
587.97	1702.00
588.32	1724.20
588.67	1704.40
589.02	1722.00
589.37	1704.40
589.73	1718.60
590.08	1725.80
590.43	1719.60
590.78	1718.20
591.13	1709.40
591.48	1725.80
591.83	1711.60
592.19	1705.40
592.54	1717.40
592.89	1718.00
593.24	1722.00
593.59	1727.40
593.94	1706.80
594.29	1721.00
594.64	1729.80
595.00	1734.80
595.35	1724.80
595.70	1715.80
596.05	1707.00
596.40	1720.20
596.75	1726.20
597.10	1740.60
597.45	1723.20
597.80	1728.40
598.15	1739.20
598.50	1732.20
598.85	1732.40
599.20	1730.80
599.55	1726.80
599.90	1714.40
600.26	1733.80
600.61	1728.80
600.96	1736.60
601.31	1727.20
601.66	1735.00
602.01	1719.20
602.36	1727.80
602.71	1721.80
603.06	1739.20
603.41	1742.80
603.76	1730.80
604.11	1742.40
604.46	1735.00
604.81	1734.20
605.16	1745.80
605.50	1757.00
605.85	1757.60
606.20	1748.80
606.55	1753.00
606.90	1746.20
607.25	1764.60
607.60	1748.20
607.95	1757.80
608.30	1764.80
608.65	1775.40
609.00	1762.20
609.35	1767.00
609.70	1764.80
610.05	1760.00
610.40	1781.40
610.74	1774.80
611.09	1775.80
611.44	1770.20
611.79	1775.40
612.14	1790.00
612.49	1785.40
612.84	1778.40
613.19	1797.00
613.53	1781.00
613.88	1803.20
614.23	1794.80
614.58	1784.00
614.93	1781.80
615.28	1784.00
615.62	1791.60
615.97	1780.00
616.32	1795.80
616.67	1789.00
617.02	1795.60
617.37	1804.60
617.71	1804.00
618.06	1814.40
618.41	1806.80
618.76	1818.00
619.11	1806.80
619.45	1831.80
619.80	1821.20
620.15	1817.80
620.50	1819.20
620.84	1821.40
621.19	1820.60
621.54	1821.60
621.89	1822.80
622.23	1813.60
622.58	1810.20
622.93	1809.20
623.28	1812.80
623.62	1802.40
623.97	1816.80
624.32	1821.80
624.66	1818.20
625.01	1820.20
625.36	1806.60
625.71	1807.40
626.05	1818.20
626.40	1815.20
626.75	1817.40
627.09	1818.20
627.44	1795.20
627.79	1817.80
628.13	1778.80
628.48	1805.40
628.83	1797.80
629.17	1782.00
629.52	1798.60
629.87	1793.60
630.21	1792.80
630.56	1813.00
630.90	1792.40
631.25	1791.40
631.60	1793.80
631.94	1786.40
632.29	1788.20
632.63	1788.60
632.98	1789.20
633.33	1785.80
633.67	1773.20
634.02	1791.60
634.36	1787.40
634.71	1765.60
635.06	1778.20
635.40	1753.60
635.75	1781.40
636.09	1744.20
636.44	1757.80
636.78	1749.80
637.13	1748.60
637.47	1731.40
637.82	1734.80
638.16	1726.60
638.51	1736.80
638.86	1735.40
639.20	1748.60
639.55	1719.40
639.89	1718.80
640.24	1710.60
640.58	1726.20
640.93	1709.00
641.27	1697.00
641.62	1706.60
641.96	1690.00
642.30	1684.60
642.65	1695.20
642.99	1689.00
643.34	1696.00
643.68	1694.20
644.03	1686.00
644.37	1679.60
644.72	1682.20
645.06	1675.00
645.40	1682.40
645.75	1671.00
646.09	1658.80
646.44	1673.80
646.78	1667.60
647.13	1657.40
647.47	1652.20
647.81	1656.60
648.16	1640.20
648.50	1651.00
648.85	1655.40
649.19	1648.60
649.53	1629.20
649.88	1647.40
650.22	1653.20
650.56	1638.00
650.91	1631.20
651.25	1635.20
651.59	1626.40
651.94	1627.40
652.28	1621.40
652.62	1633.80
652.97	1631.00
653.31	1621.00
653.65	1629.80
654.00	1616.80
654.34	1624.40
654.68	1612.40
655.03	1603.60
655.37	1611.80
655.71	1625.40
656.05	1608.60
656.40	1588.00
656.74	1602.40
657.08	1607.00
657.43	1606.80
657.77	1586.80
658.11	1599.60
658.45	1606.80
658.80	1591.00
659.14	1597.60
659.48	1584.60
659.82	1584.60
660.16	1598.60
660.51	1595.80
660.85	1593.20
661.19	1597.40
661.53	1599.20
661.87	1599.40
662.22	1597.40
662.56	1589.60
662.90	1603.20
663.24	1574.80
663.58	1600.80
663.93	1597.00
664.27	1581.80
664.61	1596.20
664.95	1593.00
665.29	1584.60
665.63	1590.40
665.98	1582.60
666.32	1597.80
666.66	1583.20
667.00	1585.60
667.34	1604.80
667.68	1579.00
668.02	1567.60
668.36	1580.00
668.70	1583.80
669.05	1574.80
669.39	1583.20
669.73	1574.40
670.07	1583.00
670.41	1577.20
670.75	1572.40
671.09	1573.80
671.43	1568.20
671.77	1581.00
672.11	1578.20
672.45	1577.80
672.79	1560.40
673.13	1573.80
673.47	1568.60
673.81	1586.00
674.16	1567.80
674.50	1569.40
674.84	1557.40
675.18	1564.80
675.52	1567.00
675.86	1560.00
676.20	1560.20
676.54	1561.40
676.88	1546.80
677.22	1556.60
677.56	1549.00
677.90	1557.20
678.23	1545.00
678.57	1553.00
678.91	1561.20
679.25	1559.00
679.59	1552.60
679.93	1536.00
680.27	1551.80
680.61	1537.20
680.95	1527.20
681.29	1544.40
681.63	1520.60
681.97	1529.80
682.31	1515.00
682.65	1513.20
682.99	1528.80
683.32	1505.00
683.66	1512.60
684.00	1512.20
684.34	1504.60
684.68	1486.80
685.02	1509.60
685.36	1488.20
685.70	1491.00
686.03	1490.00
686.37	1490.40
686.71	1480.40
687.05	1478.80
687.39	1470.80
687.73	1463.40
688.07	1462.00
688.40	1465.80
688.74	1467.60
689.08	1449.00
689.42	1458.20
689.76	1459.60
690.09	1447.20
690.43	1433.40
690.77	1458.20
691.11	1432.60
691.45	1419.40
691.78	1436.60
692.12	1420.40
692.46	1429.60
692.80	1416.60
693.13	1416.00
693.47	1400.80
693.81	1406.40
694.15	1401.80
694.48	1405.00
694.82	1387.20
695.16	1396.40
695.50	1390.20
695.83	1388.40
696.17	1385.40
696.51	1381.60
696.84	1378.80
697.18	1367.20
697.52	1360.20
697.85	1350.80
698.19	1359.20
698.53	1355.40
698.87	1349.20
699.20	1342.20
699.54	1334.40
699.88	1335.00
700.21	1326.80
700.55	1317.80
700.88	1316.60
701.22	1307.60
701.56	1309.20
701.89	1310.20
702.23	1302.00
702.57	1310.80
702.90	1279.20
703.24	1289.00
703.57	1277.80
703.91	1269.80
704.25	1277.00
704.58	1273.60
704.92	1274.20
705.25	1260.80
705.59	1265.80
705.93	1258.20
706.26	1265.20
706.60	1264.40
706.93	1253.00
707.27	1243.00
707.60	1249.80
707.94	1233.80
708.27	1230.00
708.61	1241.20
708.95	1235.20
709.28	1225.80
709.62	1212.80
709.95	1228.40
710.29	1218.40
710.62	1219.40
710.96	1215.80
711.29	1205.80
711.63	1214.00
711.96	1208.20
712.30	1206.60
712.63	1190.20
712.96	1188.80
713.30	1196.40
713.63	1180.80
713.97	1187.00
714.30	1180.00
714.64	1158.20
714.97	1172.60
715.31	1176.00
715.64	1171.40
715.97	1167.80
716.31	1169.60
716.64	1151.60
716.98	1169.20
717.31	1154.40
717.64	1158.40
717.98	1156.60
718.31	1153.40
718.65	1150.00
718.98	1137.80
719.31	1144.40
719.65	1145.20
719.98	1139.00
720.32	1139.60
720.65	1143.20
720.98	1123.80
721.32	1129.80
721.65	1136.20
721.98	1134.60
722.32	1135.60
722.65	1133.80
722.98	1120.20
723.32	1123.60
723.65	1113.00
723.98	1118.60
724.31	1106.40
724.65	1117.80
724.98	1112.00
725.31	1114.00
725.65	1128.20
725.98	1105.80
726.31	1105.80
726.64	1101.80
726.98	1119.00
727.31	1102.20
727.64	1120.60
727.97	1107.40
728.31	1106.20
728.64	1104.40
728.97	1095.80
729.30	1099.20
729.64	1114.60
729.97	1082.20
730.30	1109.00
730.63	1096.00
730.96	1093.40
731.30	1090.40
731.63	1083.20
731.96	1080.40
732.29	1088.00
732.62	1094.20
732.96	1079.20
733.29	1091.40
733.62	1089.00
733.95	1077.60
734.28	1075.20
734.61	1068.20
734.94	1067.20
735.28	1074.80
735.61	1068.20
735.94	1069.00
736.27	1065.40
736.60	1058.40
736.93	1070.40
737.26	1071.00
737.59	1066.80
737.92	1071.00
738.26	1063.20
738.59	1050.00
738.92	1060.00
739.25	1062.60
739.58	1055.40
739.91	1053.80
740.24	1053.20
740.57	1045.60
740.90	1064.40
741.23	1047.20
741.56	1044.60
741.89	1054.40
742.22	1042.40
742.55	1045.40
742.88	1057.80
743.21	1044.00
743.54	1041.60
743.87	1048.20
744.20	1044.00
744.53	1038.40
744.86	1039.80
745.19	1026.80
745.52	1032.40
745.85	1031.20
746.18	1035.20
746.51	1033.00
746.84	1035.80
747.17	1019.20
747.50	1018.80
747.83	1015.20
748.16	1015.00
748.49	1009.20
748.82	1012.40
749.15	1008.20
749.48	1011.00
749.81	1009.20
750.14	1003.40
750.46	1003.40
750.79	994.80
751.12	994.40
751.45	990.20
751.78	988.60
752.11	986.20
752.44	994.40
752.77	984.60
753.10	980.80
753.42	979.80
753.75	975.80
754.08	977.80
754.41	968.40
754.74	975.80
755.07	970.80
755.39	954.60
755.72	961.40
756.05	954.60
756.38	961.40
756.71	977.20
757.04	952.60
757.36	948.80
757.69	946.00
758.02	952.40
758.35	936.40
758.67	943.00
759.00	933.20
759.33	927.20
759.66	925.40
759.99	919.80
760.31	919.60
760.64	907.20
760.97	918.40
761.30	904.60
761.62	911.00
761.95	906.00
762.28	898.80
762.60	893.00
762.93	892.00
763.26	886.60
763.59	885.00
763.91	887.00
764.24	878.40
764.57	879.00
764.89	870.80
765.22	867.40
765.55	872.00
765.87	868.20
766.20	856.00
766.53	855.20
766.85	856.00
767.18	846.80
767.51	849.40
767.83	840.00
768.16	837.20
768.48	826.80
768.81	833.00
769.14	826.20
769.46	822.20
769.79	827.40
770.12	816.00
770.44	809.20
770.77	812.00
771.09	794.80
771.42	802.60
771.74	791.00
772.07	800.00
772.40	795.40
772.72	792.80
773.05	788.20
773.37	782.80
773.70	779.20
774.02	783.60
774.35	779.00
774.67	771.00
775.00	769.80
775.32	767.40
775.65	753.80
775.97	760.20
776.30	751.40
776.63	746.00
776.95	752.00
777.27	737.60
777.60	732.40
777.92	741.40
778.25	735.00
778.57	726.40
778.90	724.40
779.22	725.80
779.55	723.40
779.87	719.60
780.20	716.40
780.52	712.20
780.85	714.00
781.17	700.00
781.49	703.00
781.82	703.00
782.14	692.80
782.47	697.40
782.79	690.60
783.11	678.80
783.44	679.20
783.76	681.00
784.09	668.60
784.41	676.60
784.73	669.60
785.06	666.80
785.38	661.80
785.70	666.80
786.03	660.60
786.35	656.80
786.67	653.40
787.00	654.80
787.32	648.60
787.64	651.40
787.97	649.00
788.29	645.40
788.61	636.20
788.94	650.20
789.26	648.40
789.58	643.80
789.91	645.60
790.23	649.00
790.55	647.00
790.87	636.60
791.20	640.20
791.52	638.60
791.84	643.20
792.16	641.00
792.49	632.40
792.81	629.00
793.13	634.60
793.45	633.80
793.78	636.00
794.10	632.80
794.42	636.20
794.74	630.00
795.06	635.20
795.39	634.20
795.71	631.20
796.03	633.00
796.35	629.20
796.67	633.60
797.00	631.60
797.32	633.20
797.64	632.20
797.96	635.80
798.28	642.60
798.60	638.00
798.93	637.60
799.25	634.80
799.57	636.60
799.89	632.60
800.21	636.60
800.53	635.20
800.85	636.20
801.17	631.80
801.50	638.60
801.82	634.40
802.14	637.40
802.46	632.40
802.78	637.80
803.10	636.20
803.42	629.60
803.74	639.00
804.06	627.80
804.38	628.60
804.70	625.40
805.02	636.40
805.34	629.00
805.66	629.80
805.98	633.40
806.30	631.20
806.62	631.20
806.94	630.20
807.26	624.80
807.58	625.20
807.90	633.00
808.22	629.60
808.54	634.40
808.86	630.60
809.18	623.60
809.50	636.40
809.82	628.20
810.14	629.00
810.46	631.00
810.78	614.40
811.10	631.60
811.42	622.80
811.74	622.60
812.06	624.40
812.38	620.60
812.70	611.40
813.02	618.60
813.34	612.00
813.66	610.00
813.97	625.00
814.29	616.00
814.61	611.60
814.93	611.00
815.25	615.00
815.57	612.60
815.89	611.60
816.21	606.80
816.52	601.40
816.84	605.60
817.16	607.20
817.48	602.60
817.80	599.00
818.12	601.60
818.43	598.00
818.75	601.00
819.07	598.20
819.39	597.00
819.71	602.00
820.03	597.40
820.34	596.40
820.66	598.40
820.98	592.20
821.30	592.80
821.61	592.60
821.93	589.20
822.25	581.60
822.57	587.20
822.88	588.80
823.20	584.40
823.52	584.40
823.84	585.00
824.15	575.00
824.47	584.80
824.79	582.80
825.11	576.20
825.42	580.80
825.74	580.60
826.06	576.00
826.37	571.60
826.69	576.00
827.01	577.20
827.32	571.80
827.64	572.80
827.96	567.00
828.27	569.40
828.59	566.20
828.91	571.60
829.22	571.80
829.54	568.40
829.86	567.60
830.17	562.40
830.49	569.00
830.81	571.20
831.12	563.80
831.44	561.60
831.75	558.60
832.07	557.40
832.39	557.00
832.70	557.60
833.02	551.80
833.33	551.40
833.65	556.20
833.96	560.00
834.28	553.20
834.60	551.40
834.91	553.40
835.23	549.60
835.54	548.80
835.86	553.60
836.17	556.80
836.49	549.80
836.80	548.00
837.12	541.40
837.43	547.80
837.75	542.40
838.06	538.80
838.38	535.60
838.69	532.40
839.01	537.80
839.32	533.60
839.64	533.00
839.95	538.00
840.27	536.80
840.58	534.80
840.90	533.40
841.21	531.80
841.53	528.00
841.84	521.40
842.15	518.00
842.47	521.60
842.78	515.20
843.10	520.40
843.41	518.80
843.72	515.60
844.04	516.20
844.35	508.60
844.67	509.20
844.98	510.80
845.29	509.60
845.61	505.20
845.92	506.80
846.23	501.20
846.55	505.80
846.86	504.60
847.18	503.20
847.49	503.60
847.80	494.20
848.12	495.40
848.43	488.40
848.74	494.80
849.05	485.40
849.37	489.20
849.68	488.20
849.99	479.60
850.31	484.20
850.62	482.60
850.93	477.40
851.24	476.80
851.56	479.40
851.87	471.00
852.18	474.40
852.50	474.00
852.81	474.80
853.12	468.60
853.43	467.80
853.74	470.00
854.06	467.00
854.37	462.60
854.68	461.60
854.99	463.40
855.31	462.00
855.62	457.80
855.93	456.60
856.24	452.40
856.55	451.80
856.87	449.40
857.18	447.80
857.49	448.40
857.80	445.20
858.11	441.40
858.42	442.40
858.73	443.20
859.05	438.00
859.36	436.40
859.67	431.60
859.98	429.60
860.29	433.00
860.60	427.60
860.91	421.20
861.22	427.00
861.54	424.40
861.85	425.00
862.16	418.80
862.47	416.80
862.78	420.60
863.09	411.60
863.40	412.00
863.71	410.60
864.02	409.40
864.33	408.00
864.64	400.20
864.95	400.40
865.26	398.80
865.57	400.60
865.88	394.00
866.19	391.40
866.50	387.00
866.81	395.60
867.12	394.40
867.43	390.20
867.74	387.80
868.05	386.80
868.36	383.20
868.67	386.40
868.98	381.20
869.29	378.80
869.60	382.80
869.91	376.20
870.22	376.60
870.53	375.80
870.84	373.80
871.15	374.00
871.46	373.80
871.77	367.20
872.08	364.20
872.39	362.60
872.69	361.60
873.00	361.20
873.31	360.60
873.62	356.80
873.93	354.40
874.24	356.00
874.55	354.60
874.86	352.60
875.16	349.80
875.47	351.80
875.78	344.80
876.09	346.60
876.40	345.80
876.71	340.40
877.01	341.60
877.32	339.80
877.63	340.60
877.94	336.20
878.25	335.80
878.56	330.40
878.86	332.20
879.17	330.60
879.48	329.20
879.79	328.80
880.09	327.00
880.40	330.20
880.71	324.00
881.02	324.80
881.32	323.40
881.63	323.00
881.94	321.20
882.25	320.20
882.55	318.20
882.86	315.80
883.17	312.60
883.48	314.20
883.78	313.80
884.09	313.00
884.40	316.00
884.70	311.40
885.01	307.80
885.32	312.20
885.62	306.60
885.93	304.40
886.24	307.40
886.54	305.00
886.85	307.00
887.16	305.60
887.46	302.00
887.77	308.60
888.08	302.20
888.38	303.80
888.69	305.60
888.99	302.00
889.30	304.20
889.61	302.20
889.91	302.00
890.22	299.80
890.52	301.80
890.83	299.60
891.14	296.40
891.44	302.40
891.75	300.00
892.05	296.20
892.36	296.20
892.66	296.60
892.97	296.40
893.27	298.60
893.58	296.20
893.89	299.60
894.19	297.00
894.50	296.20
894.80	297.20
895.11	296.60
895.41	300.00
895.72	297.80
896.02	299.20
896.33	298.00
896.63	298.40
896.93	298.60
897.24	297.40
897.54	300.80
897.85	294.60
898.15	295.40
898.46	296.80
898.76	297.40
899.07	298.00
899.37	299.80
899.67	298.20
899.98	299.80
900.28	299.20
900.59	300.80
900.89	298.20
901.19	297.00
901.50	300.20
901.80	298.20
902.11	296.80
902.41	299.00
902.71	299.20
903.02	297.60
903.32	298.80
903.62	297.40
903.93	295.20
904.23	297.40
904.53	297.40
904.84	297.20
905.14	296.40
905.44	291.20
905.75	294.60
906.05	294.20
906.35	298.40
906.66	296.20
906.96	294.20
907.26	293.00
907.56	295.20
907.87	296.00
908.17	294.20
908.47	292.40
908.77	291.40
909.08	290.20
909.38	292.20
909.68	297.60
909.98	289.60
910.29	293.20
910.59	290.00
910.89	293.40
911.19	291.40
911.50	291.80
911.80	289.00
912.10	289.60
912.40	290.40
912.70	287.40
913.00	291.00
913.31	290.20
913.61	289.40
913.91	286.80
914.21	284.20
914.51	287.60
914.81	287.00
915.12	286.60
915.42	287.80
915.72	285.80
916.02	285.00
916.32	284.20
916.62	281.40
916.92	282.60
917.22	284.20
917.52	282.20
917.83	279.00
918.13	282.40
918.43	278.40
918.73	280.60
919.03	276.20
919.33	280.60
919.63	278.40
919.93	275.80
920.23	274.60
920.53	276.20
920.83	272.00
921.13	275.20
921.43	272.00
921.73	270.20
922.03	271.40
922.33	274.00
922.63	272.40
922.93	274.20
923.23	272.60
923.53	271.40
923.83	270.60
924.13	269.60
924.43	270.60
924.73	267.60
925.03	263.20
925.33	266.80
925.63	269.60
925.93	265.20
926.23	263.60
926.53	262.60
926.83	258.20
927.13	263.20
927.42	261.00
927.72	261.00
928.02	261.60
928.32	259.20
928.62	262.60
928.92	258.00
929.22	257.40
929.52	257.40
929.82	258.80
930.11	260.60
930.41	257.60
930.71	256.40
931.01	255.20
931.31	256.60
931.61	260.00
931.90	255.20
932.20	255.00
932.50	255.20
932.80	251.60
933.10	248.80
933.39	252.60
933.69	250.60
933.99	247.20
934.29	249.20
934.59	247.40
934.88	249.60
935.18	241.40
935.48	243.80
935.78	244.20
936.07	243.20
936.37	246.80
936.67	242.80
936.97	244.80
937.26	241.20
937.56	241.60
937.86	241.60
938.15	241.00
938.45	240.20
938.75	238.40
939.05	238.40
939.34	238.20
939.64	239.40
939.94	234.60
940.23	235.60
940.53	237.60
940.83	231.00
941.12	236.00
941.42	233.00
941.71	231.20
942.01	235.40
942.31	228.40
942.60	232.00
942.90	231.00
943.20	234.00
943.49	228.20
943.79	226.20
944.08	228.00
944.38	228.20
944.68	227.20
944.97	228.40
945.27	223.80
945.56	222.40
945.86	223.20
946.15	222.40
946.45	224.00
946.74	223.80
947.04	222.40
947.34	222.60
947.63	221.00
947.93	222.40
948.22	223.20
948.52	219.20
948.81	217.00
949.11	219.20
949.40	219.40
949.70	213.20
949.99	218.00
950.29	215.00
950.58	216.40
950.87	213.20
951.17	211.60
951.46	212.80
951.76	215.20
952.05	211.60
952.35	210.40
952.64	210.20
952.94	208.20
953.23	211.40
953.52	208.20
953.82	209.00
954.11	207.80
954.41	207.00
954.70	209.20
954.99	205.60
955.29	206.60
955.58	207.00
955.87	203.00
956.17	202.60
956.46	204.00
956.76	200.40
957.05	206.40
957.34	202.60
957.64	203.20
957.93	200.80
958.22	201.00
958.52	201.00
958.81	199.00
959.10	199.20
959.39	197.80
959.69	196.20
959.98	199.40
960.27	195.00
960.57	197.00
960.86	197.00
961.15	198.80
961.44	196.00
961.74	194.60
962.03	193.40
962.32	191.80
962.61	192.20
962.91	192.60
963.20	189.60
963.49	192.20
963.78	188.80
964.07	189.20
964.37	189.00
964.66	193.20
964.95	187.80
965.24	188.40
965.53	187.20
965.83	184.20
966.12	184.60
966.41	186.00
966.70	185.00
966.99	186.00
967.28	185.60
967.57	182.60
967.87	184.80
968.16	180.40
968.45	183.80
968.74	179.60
969.03	180.20
969.32	179.40
969.61	181.40
969.90	177.00
970.19	181.40
970.49	177.60
970.78	176.00
971.07	176.60
971.36	177.20
971.65	175.60
971.94	177.00
972.23	178.40
972.52	176.60
972.81	174.40
973.10	173.40
973.39	172.00
973.68	173.20
973.97	172.40
974.26	172.00
974.55	172.80
974.84	172.60
975.13	171.00
975.42	173.20
975.71	169.60
976.00	172.00
976.29	170.00
976.58	169.80
976.87	166.40
977.16	168.20
977.45	167.80
977.74	167.00
978.03	166.00
978.32	167.60
978.60	164.40
978.89	164.40
979.18	164.20
979.47	165.20
979.76	165.00
980.05	161.60
980.34	162.00
980.63	163.40
980.92	163.00
981.20	163.00
981.49	164.20
981.78	162.60
982.07	162.60
982.36	161.00
982.65	159.40
982.94	161.60
983.22	160.80
983.51	163.60
983.80	160.00
984.09	160.60
984.38	160.00
984.66	158.80
984.95	156.40
985.24	158.40
985.53	157.00
985.82	158.60
986.10	156.20
986.39	158.40
986.68	156.40
986.97	154.40
987.25	156.40
987.54	155.60
987.83	155.80
988.12	153.20
988.40	155.60
988.69	153.80
988.98	155.00
989.26	155.20
989.55	153.20
989.84	153.40
990.12	153.40
990.41	153.00
990.70	153.40
990.98	152.20
991.27	154.00
991.56	151.40
991.84	151.00
992.13	152.40
992.42	151.80
992.70	150.60
992.99	153.00
993.28	151.80
993.56	150.80
993.85	149.20
994.13	149.40
994.42	150.00
994.71	147.00
994.99	147.40
995.28	149.20
995.56	149.60
995.85	149.00
996.14	145.80
996.42	147.20
996.71	147.20
996.99	146.80
997.28	148.40
997.56	147.60
997.85	145.80
998.13	147.20
998.42	146.80
998.70	145.80
998.99	145.80
999.27	145.20
999.56	145.80
999.84	144.80
1000.13	145.20
1000.41	148.80
1000.70	144.80
1000.98	144.80
1001.27	143.40
1001.55	143.40
1001.84	144.60
1002.12	145.40
1002.40	144.00
1002.69	144.20
1002.97	145.00
1003.26	144.40
1003.54	143.80
1003.83	144.80
1004.11	144.60
1004.39	143.80
1004.68	142.40
1004.96	140.40
1005.24	144.00
1005.53	142.20
1005.81	141.00
1006.10	141.00
1006.38	140.60
1006.66	141.20
1006.95	142.40
1007.23	140.80
1007.51	140.60
1007.80	140.00
1008.08	138.40
1008.36	141.40
1008.65	141.20
1008.93	140.60
1009.21	141.60
1009.49	141.20
1009.78	139.40
1010.06	138.80
1010.34	138.20
1010.63	139.00
1010.91	139.40
1011.19	138.20
1011.47	140.20
1011.76	139.00
1012.04	138.40
1012.32	138.80
1012.60	139.40
1012.88	138.00
1013.17	140.00
1013.45	138.80
1013.73	136.00
1014.01	139.20
1014.29	139.40
1014.58	136.80
1014.86	136.80
1015.14	139.20
1015.42	137.60
1015.70	137.80
1015.98	136.40
1016.27	137.80
1016.55	136.60
1016.83	136.20
1017.11	135.80
1017.39	137.20
1017.67	137.40
1017.95	137.80
1018.23	134.80
1018.52	136.00
1018.80	135.00
1019.08	134.80
1019.36	134.20
1019.64	134.60
1019.92	133.80
1020.20	132.80
1020.48	134.80
1020.76	135.80
1021.04	135.00
1021.32	133.60
1021.60	135.20
1021.88	135.00
1022.16	133.00
1022.44	133.80
1022.72	134.60
