	0.0	
339.41	0.00
339.79	114.20
340.17	115.60
340.55	116.00
340.94	117.20
341.32	118.00
341.70	118.80
342.08	120.20
342.46	121.20
342.84	123.00
343.22	122.20
343.60	122.40
343.98	122.60
344.36	123.60
344.74	123.40
345.12	122.00
345.50	122.00
345.88	123.00
346.26	123.00
346.64	122.60
347.02	122.80
347.40	122.40
347.78	122.40
348.15	123.00
348.53	123.60
348.91	126.00
349.29	127.80
349.67	128.80
350.05	128.00
350.43	127.40
350.81	127.60
351.19	126.80
351.57	126.20
351.95	125.40
352.33	128.40
352.71	128.80
353.09	128.00
353.47	129.80
353.84	129.80
354.22	127.80
354.60	128.20
354.98	128.80
355.36	130.60
355.74	131.00
356.12	129.80
356.50	129.60
356.88	131.40
357.25	130.20
357.63	131.20
358.01	130.80
358.39	132.80
358.77	131.80
359.15	132.00
359.53	131.40
359.90	131.80
360.28	132.60
360.66	131.40
361.04	130.80
361.42	134.40
361.80	132.60
362.17	132.60
362.55	131.60
362.93	133.40
363.31	133.40
363.69	132.60
364.06	133.20
364.44	132.60
364.82	135.00
365.20	135.40
365.58	135.60
365.95	135.60
366.33	135.40
366.71	134.40
367.09	134.20
367.46	135.80
367.84	136.00
368.22	135.80
368.60	136.20
368.97	137.60
369.35	137.60
369.73	138.00
370.11	137.40
370.48	136.80
370.86	136.40
371.24	137.80
371.62	139.00
371.99	139.60
372.37	139.40
372.75	139.80
373.12	142.40
373.50	141.80
373.88	140.40
374.25	142.00
374.63	142.40
375.01	142.40
375.38	142.60
375.76	143.20
376.14	143.20
376.51	143.40
376.89	144.60
377.27	145.20
377.64	145.40
378.02	144.60
378.40	146.20
378.77	147.60
379.15	148.00
379.53	149.20
379.90	149.60
380.28	149.60
380.66	149.60
381.03	149.40
381.41	151.80
381.78	151.60
382.16	152.80
382.54	153.40
382.91	153.00
383.29	155.00
383.66	153.80
384.04	157.20
384.42	158.20
384.79	159.00
385.17	158.00
385.54	157.20
385.92	159.60
386.29	158.40
386.67	160.00
387.05	163.40
387.42	161.40
387.80	163.00
388.17	163.00
388.55	168.00
388.92	165.60
389.30	167.40
389.67	168.60
390.05	169.00
390.42	169.40
390.80	170.20
391.17	169.40
391.55	170.80
391.92	173.60
392.30	173.80
392.67	174.00
393.05	177.80
393.42	176.20
393.80	175.20
394.17	180.20
394.55	180.20
394.92	180.40
395.30	184.20
395.67	182.40
396.05	184.40
396.42	190.20
396.80	188.00
397.17	188.80
397.55	187.60
397.92	195.60
398.29	193.60
398.67	194.00
399.04	197.00
399.42	192.40
399.79	199.40
400.17	198.80
400.54	197.20
400.91	200.60
401.29	202.20
401.66	200.40
402.04	204.60
402.41	204.60
402.78	207.40
403.16	205.60
403.53	208.40
403.90	209.40
404.28	210.20
404.65	215.20
405.03	214.60
405.40	216.00
405.77	215.80
406.15	218.00
406.52	220.00
406.89	221.00
407.27	218.80
407.64	224.20
408.01	224.80
408.39	228.60
408.76	225.00
409.13	225.00
409.51	233.60
409.88	231.20
410.25	232.20
410.62	234.80
411.00	237.60
411.37	237.00
411.74	237.60
412.12	242.60
412.49	242.80
412.86	245.80
413.23	245.60
413.61	245.80
413.98	252.40
414.35	253.20
414.73	255.00
415.10	248.60
415.47	256.20
415.84	258.60
416.22	253.40
416.59	261.40
416.96	266.80
417.33	263.00
417.70	268.40
418.08	275.00
418.45	273.60
418.82	270.40
419.19	277.60
419.57	282.80
419.94	279.80
420.31	286.60
420.68	280.20
421.05	281.80
421.42	287.00
421.80	286.60
422.17	291.40
422.54	298.00
422.91	298.80
423.28	291.20
423.65	299.00
424.03	300.00
424.40	300.60
424.77	305.40
425.14	302.00
425.51	306.00
425.88	309.20
426.25	314.60
426.63	318.60
427.00	313.00
427.37	326.40
427.74	332.20
428.11	321.60
428.48	334.40
428.85	334.80
429.22	332.00
429.59	340.60
429.97	338.40
430.34	342.60
430.71	341.60
431.08	352.60
431.45	351.60
431.82	356.60
432.19	358.80
432.56	361.40
432.93	358.40
433.30	364.80
433.67	375.20
434.04	372.80
434.41	377.60
434.78	378.80
435.15	377.60
435.52	394.40
435.89	394.60
436.26	399.20
436.63	397.00
437.00	400.60
437.37	399.40
437.74	396.00
438.11	413.80
438.48	407.60
438.85	420.60
439.22	427.40
439.59	437.80
439.96	427.20
440.33	432.40
440.70	444.80
441.07	431.40
441.44	453.60
441.81	434.40
442.18	446.60
442.55	447.00
442.92	455.40
443.29	450.80
443.66	447.80
444.03	460.20
444.40	458.60
444.77	471.00
445.14	474.00
445.51	482.20
445.88	474.80
446.24	476.00
446.61	481.60
446.98	479.80
447.35	490.60
447.72	502.20
448.09	498.60
448.46	485.60
448.83	500.60
449.20	496.20
449.56	495.60
449.93	505.40
450.30	498.80
450.67	517.80
451.04	502.00
451.41	507.00
451.78	525.20
452.14	522.00
452.51	521.40
452.88	518.80
453.25	521.60
453.62	534.60
453.99	531.40
454.35	530.00
454.72	537.00
455.09	541.60
455.46	550.80
455.83	558.40
456.19	563.20
456.56	554.80
456.93	554.00
457.30	568.60
457.66	568.60
458.03	570.00
458.40	573.20
458.77	573.40
459.14	585.80
459.50	586.40
459.87	568.00
460.24	594.00
460.61	587.40
460.97	599.20
461.34	588.00
461.71	602.00
462.07	598.80
462.44	610.00
462.81	626.40
463.18	621.20
463.54	616.00
463.91	643.20
464.28	637.20
464.64	632.40
465.01	635.80
465.38	654.00
465.75	639.60
466.11	657.40
466.48	650.80
466.85	655.60
467.21	652.80
467.58	664.00
467.95	677.00
468.31	675.20
468.68	687.40
469.04	698.00
469.41	711.00
469.78	705.40
470.14	707.00
470.51	709.60
470.88	727.40
471.24	721.40
471.61	752.00
471.98	748.20
472.34	757.60
472.71	758.00
473.07	772.20
473.44	776.60
473.81	780.20
474.17	781.40
474.54	808.80
474.90	807.80
475.27	803.60
475.63	818.80
476.00	821.00
476.37	825.80
476.73	844.40
477.10	861.40
477.46	866.40
477.83	861.80
478.19	880.80
478.56	894.20
478.92	900.60
479.29	911.60
479.65	906.80
480.02	906.60
480.38	926.80
480.75	948.40
481.11	951.00
481.48	971.40
481.84	964.20
482.21	977.20
482.57	985.00
482.94	1000.20
483.30	999.20
483.67	1024.60
484.03	1024.20
484.40	1037.40
484.76	1037.20
485.13	1050.20
485.49	1056.40
485.86	1069.20
486.22	1072.80
486.59	1084.40
486.95	1090.80
487.31	1099.80
487.68	1110.00
488.04	1116.00
488.41	1123.80
488.77	1129.20
489.14	1147.20
489.50	1143.20
489.86	1165.60
490.23	1167.40
490.59	1178.40
490.96	1184.00
491.32	1185.60
491.68	1199.00
492.05	1196.80
492.41	1213.00
492.77	1216.80
493.14	1212.40
493.50	1220.40
493.87	1235.20
494.23	1245.20
494.59	1241.60
494.96	1252.00
495.32	1245.20
495.68	1268.00
496.05	1265.00
496.41	1266.00
496.77	1282.40
497.14	1279.00
497.50	1279.40
497.86	1291.00
498.23	1276.20
498.59	1292.60
498.95	1305.00
499.31	1306.80
499.68	1313.60
500.04	1313.20
500.40	1303.80
500.77	1304.40
501.13	1313.60
501.49	1329.40
501.85	1320.00
502.22	1321.80
502.58	1332.00
502.94	1343.40
503.30	1334.80
503.67	1347.00
504.03	1354.80
504.39	1346.60
504.75	1367.40
505.12	1360.00
505.48	1367.60
505.84	1367.60
506.20	1379.00
506.56	1370.40
506.93	1372.40
507.29	1395.60
507.65	1379.40
508.01	1392.60
508.37	1412.00
508.74	1387.20
509.10	1403.60
509.46	1408.60
509.82	1400.80
510.18	1413.00
510.54	1423.00
510.91	1415.60
511.27	1422.80
511.63	1428.20
511.99	1429.40
512.35	1431.60
512.71	1434.60
513.07	1449.40
513.43	1439.00
513.80	1445.00
514.16	1454.60
514.52	1456.60
514.88	1461.60
515.24	1463.00
515.60	1482.80
515.96	1472.00
516.32	1477.80
516.68	1490.80
517.04	1504.20
517.41	1488.80
517.77	1498.60
518.13	1503.00
518.49	1508.80
518.85	1520.00
519.21	1522.60
519.57	1538.40
519.93	1532.60
520.29	1536.80
520.65	1546.20
521.01	1545.80
521.37	1560.60
521.73	1542.20
522.09	1567.00
522.45	1567.60
522.81	1569.20
523.17	1581.00
523.53	1573.40
523.89	1580.60
524.25	1593.40
524.61	1597.20
524.97	1590.20
525.33	1593.40
525.69	1599.00
526.05	1621.40
526.41	1623.60
526.77	1634.60
527.13	1621.00
527.49	1644.40
527.85	1622.40
528.21	1651.00
528.57	1649.40
528.93	1650.00
529.29	1654.20
529.65	1661.40
530.00	1656.20
530.36	1665.20
530.72	1675.80
531.08	1666.60
531.44	1678.00
531.80	1688.40
532.16	1696.60
532.52	1684.40
532.88	1692.60
533.24	1682.60
533.59	1707.00
533.95	1684.40
534.31	1700.60
534.67	1702.80
535.03	1722.00
535.39	1706.20
535.75	1724.40
536.11	1705.40
536.46	1713.80
536.82	1725.20
537.18	1735.00
537.54	1738.00
537.90	1744.40
538.26	1724.20
538.61	1724.00
538.97	1747.60
539.33	1752.00
539.69	1747.40
540.05	1757.60
540.40	1743.80
540.76	1761.20
541.12	1760.60
541.48	1778.00
541.84	1758.20
542.19	1763.00
542.55	1772.00
542.91	1765.20
543.27	1778.20
543.62	1789.80
543.98	1778.20
544.34	1766.20
544.70	1793.60
545.05	1797.80
545.41	1806.40
545.77	1803.80
546.12	1802.80
546.48	1807.20
546.84	1796.40
547.20	1801.00
547.55	1819.80
547.91	1821.20
548.27	1804.20
548.62	1799.60
548.98	1814.60
549.34	1806.40
549.69	1825.40
550.05	1822.40
550.41	1823.60
550.77	1824.00
551.12	1835.40
551.48	1819.40
551.83	1840.80
552.19	1831.20
552.55	1847.40
552.90	1845.20
553.26	1844.20
553.62	1852.40
553.97	1852.20
554.33	1855.20
554.69	1861.00
555.04	1863.40
555.40	1852.20
555.75	1872.80
556.11	1885.20
556.47	1883.00
556.82	1883.20
557.18	1897.40
557.53	1872.20
557.89	1886.20
558.24	1889.00
558.60	1889.20
558.96	1906.80
559.31	1903.40
559.67	1906.40
560.02	1926.40
560.38	1916.40
560.73	1922.20
561.09	1932.00
561.44	1946.20
561.80	1928.00
562.16	1927.60
562.51	1948.00
562.87	1953.80
563.22	1942.40
563.58	1953.00
563.93	1969.20
564.29	1954.80
564.64	1981.20
565.00	1963.20
565.35	1984.20
565.71	1970.20
566.06	1989.20
566.41	1991.60
566.77	1966.40
567.12	1990.80
567.48	1981.60
567.83	1999.00
568.19	2012.80
568.54	2008.00
568.90	2017.00
569.25	2016.20
569.60	2025.60
569.96	2041.80
570.31	2017.20
570.67	2039.40
571.02	2030.60
571.38	2040.40
571.73	2040.60
572.08	2070.80
572.44	2048.20
572.79	2038.20
573.15	2048.80
573.50	2038.80
573.85	2074.40
574.21	2058.80
574.56	2054.80
574.91	2078.60
575.27	2055.80
575.62	2052.80
575.97	2068.60
576.33	2063.00
576.68	2068.80
577.03	2066.80
577.39	2056.40
577.74	2065.00
578.09	2065.60
578.45	2052.40
578.80	2077.40
579.15	2046.60
579.51	2070.00
579.86	2062.20
580.21	2072.80
580.57	2075.20
580.92	2074.20
581.27	2070.20
581.62	2074.20
581.98	2059.60
582.33	2067.20
582.68	2061.00
583.03	2056.40
583.39	2056.60
583.74	2077.60
584.09	2062.60
584.44	2075.40
584.80	2064.00
585.15	2044.60
585.50	2062.20
585.85	2074.60
586.21	2056.80
586.56	2068.20
586.91	2061.40
587.26	2061.60
587.61	2069.00
587.97	2041.80
588.32	2070.00
588.67	2046.20
589.02	2066.80
589.37	2043.40
589.73	2049.40
590.08	2062.80
590.43	2046.80
590.78	2058.60
591.13	2054.60
591.48	2062.60
591.83	2044.40
592.19	2037.60
592.54	2045.20
592.89	2041.00
593.24	2061.20
593.59	2052.40
593.94	2054.00
594.29	2058.20
594.64	2049.40
595.00	2055.60
595.35	2061.20
595.70	2047.20
596.05	2038.60
596.40	2048.40
596.75	2051.20
597.10	2056.00
597.45	2043.40
597.80	2067.00
598.15	2075.40
598.50	2070.60
598.85	2063.40
599.20	2064.20
599.55	2062.80
599.90	2060.00
600.26	2070.60
600.61	2073.00
600.96	2066.80
601.31	2074.00
601.66	2073.60
602.01	2071.60
602.36	2075.60
602.71	2084.40
603.06	2076.40
603.41	2088.60
603.76	2085.40
604.11	2099.00
604.46	2070.00
604.81	2098.20
605.16	2089.40
605.50	2089.00
605.85	2090.80
606.20	2108.20
606.55	2101.80
606.90	2093.20
607.25	2097.20
607.60	2097.60
607.95	2095.80
608.30	2113.40
608.65	2109.00
609.00	2110.00
609.35	2103.00
609.70	2117.80
610.05	2119.60
610.40	2126.40
610.74	2127.20
611.09	2119.00
611.44	2118.60
611.79	2128.40
612.14	2145.40
612.49	2136.60
612.84	2127.20
613.19	2127.60
613.53	2121.80
613.88	2144.60
614.23	2145.40
614.58	2141.80
614.93	2147.00
615.28	2138.60
615.62	2150.80
615.97	2140.20
616.32	2152.60
616.67	2156.40
617.02	2133.40
617.37	2163.60
617.71	2160.20
618.06	2185.20
618.41	2167.60
618.76	2167.60
619.11	2163.60
619.45	2177.60
619.80	2170.20
620.15	2157.40
620.50	2155.80
620.84	2171.20
621.19	2162.80
621.54	2165.20
621.89	2174.00
622.23	2145.80
622.58	2153.40
622.93	2158.00
623.28	2174.00
623.62	2153.20
623.97	2168.40
624.32	2164.20
624.66	2158.80
625.01	2168.00
625.36	2161.40
625.71	2176.00
626.05	2172.60
626.40	2161.60
626.75	2156.40
627.09	2167.40
627.44	2159.80
627.79	2148.60
628.13	2121.20
628.48	2160.40
628.83	2143.20
629.17	2109.00
629.52	2133.40
629.87	2138.20
630.21	2136.40
630.56	2143.20
630.90	2131.80
631.25	2127.80
631.60	2130.00
631.94	2134.20
632.29	2119.20
632.63	2139.80
632.98	2115.60
633.33	2102.80
633.67	2111.20
634.02	2117.00
634.36	2100.60
634.71	2090.60
635.06	2113.00
635.40	2073.40
635.75	2112.60
636.09	2081.00
636.44	2089.40
636.78	2061.60
637.13	2073.60
637.47	2060.60
637.82	2062.40
638.16	2036.00
638.51	2070.00
638.86	2049.80
639.20	2052.00
639.55	2045.20
639.89	2026.80
640.24	2025.40
640.58	2041.00
640.93	2026.60
641.27	2022.00
641.62	2038.00
641.96	2017.00
642.30	2012.80
642.65	2011.20
642.99	2001.60
643.34	1998.60
643.68	2007.40
644.03	2005.20
644.37	2008.00
644.72	1991.20
645.06	1986.00
645.40	1990.80
645.75	1994.20
646.09	1979.20
646.44	1994.20
646.78	1983.00
647.13	1977.80
647.47	1956.40
647.81	1959.60
648.16	1950.80
648.50	1963.60
648.85	1958.20
649.19	1947.80
649.53	1953.00
649.88	1948.00
650.22	1974.40
650.56	1951.00
650.91	1943.80
651.25	1941.80
651.59	1940.20
651.94	1949.00
652.28	1940.20
652.62	1932.00
652.97	1935.60
653.31	1931.00
653.65	1938.60
654.00	1932.00
654.34	1940.60
654.68	1929.00
655.03	1910.40
655.37	1911.80
655.71	1932.20
656.05	1918.20
656.40	1917.80
656.74	1908.20
657.08	1910.00
657.43	1923.60
657.77	1904.60
658.11	1919.00
658.45	1919.40
658.80	1901.80
659.14	1908.20
659.48	1902.60
659.82	1907.40
660.16	1902.00
660.51	1905.80
660.85	1909.20
661.19	1893.20
661.53	1918.40
661.87	1891.60
662.22	1898.60
662.56	1886.00
662.90	1931.60
663.24	1884.00
663.58	1882.60
663.93	1885.40
664.27	1886.20
664.61	1897.60
664.95	1893.00
665.29	1895.60
665.63	1894.00
665.98	1890.80
666.32	1905.40
666.66	1899.00
667.00	1886.80
667.34	1893.80
667.68	1899.00
668.02	1880.20
668.36	1905.40
668.70	1908.60
669.05	1878.60
669.39	1899.00
669.73	1888.20
670.07	1886.60
670.41	1884.00
670.75	1886.00
671.09	1878.40
671.43	1879.20
671.77	1884.60
672.11	1878.40
672.45	1874.20
672.79	1854.80
673.13	1864.40
673.47	1859.20
673.81	1870.80
674.16	1854.20
674.50	1855.80
674.84	1863.80
675.18	1853.60
675.52	1865.60
675.86	1851.60
676.20	1853.20
676.54	1850.00
676.88	1837.20
677.22	1850.00
677.56	1829.20
677.90	1833.40
678.23	1841.00
678.57	1834.40
678.91	1835.20
679.25	1832.60
679.59	1823.20
679.93	1815.40
680.27	1825.20
680.61	1822.60
680.95	1817.20
681.29	1824.40
681.63	1806.80
681.97	1821.60
682.31	1792.00
682.65	1809.40
682.99	1824.60
683.32	1795.80
683.66	1808.20
684.00	1788.80
684.34	1790.80
684.68	1760.80
685.02	1788.80
685.36	1772.40
685.70	1786.80
686.03	1772.60
686.37	1766.80
686.71	1756.80
687.05	1755.80
687.39	1754.00
687.73	1742.40
688.07	1733.00
688.40	1724.60
688.74	1745.60
689.08	1720.80
689.42	1726.80
689.76	1715.20
690.09	1710.00
690.43	1686.20
690.77	1712.20
691.11	1681.60
691.45	1685.20
691.78	1687.80
692.12	1676.80
692.46	1694.40
692.80	1682.20
693.13	1689.00
693.47	1663.60
693.81	1672.80
694.15	1658.20
694.48	1656.40
694.82	1639.00
695.16	1651.20
695.50	1651.60
695.83	1630.00
696.17	1627.80
696.51	1617.00
696.84	1621.60
697.18	1616.20
697.52	1604.40
697.85	1601.00
698.19	1601.20
698.53	1604.40
698.87	1591.20
699.20	1586.60
699.54	1567.80
699.88	1578.00
700.21	1572.60
700.55	1555.20
700.88	1558.00
701.22	1551.40
701.56	1554.00
701.89	1541.20
702.23	1539.20
702.57	1534.60
702.90	1524.00
703.24	1529.00
703.57	1532.80
703.91	1515.20
704.25	1507.40
704.58	1511.40
704.92	1507.00
705.25	1493.80
705.59	1487.00
705.93	1481.60
706.26	1488.60
706.60	1481.80
706.93	1468.00
707.27	1460.40
707.60	1472.00
707.94	1458.00
708.27	1464.20
708.61	1481.20
708.95	1454.80
709.28	1442.00
709.62	1447.80
709.95	1458.00
710.29	1452.60
710.62	1432.40
710.96	1433.40
711.29	1422.00
711.63	1433.40
711.96	1416.20
712.30	1427.80
712.63	1419.60
712.96	1408.40
713.30	1407.40
713.63	1403.80
713.97	1403.20
714.30	1391.60
714.64	1385.60
714.97	1390.20
715.31	1392.60
715.64	1391.00
715.97	1380.60
716.31	1375.60
716.64	1355.40
716.98	1376.20
717.31	1369.80
717.64	1369.80
717.98	1366.60
718.31	1361.60
718.65	1364.00
718.98	1350.00
719.31	1364.60
719.65	1354.60
719.98	1339.80
720.32	1354.00
720.65	1360.80
720.98	1345.00
721.32	1348.00
721.65	1350.00
721.98	1349.80
722.32	1347.60
722.65	1343.60
722.98	1343.00
723.32	1334.80
723.65	1329.80
723.98	1321.60
724.31	1301.00
724.65	1331.00
724.98	1318.00
725.31	1319.20
725.65	1322.00
725.98	1327.00
726.31	1311.60
726.64	1306.20
726.98	1310.20
727.31	1306.80
727.64	1312.20
727.97	1303.60
728.31	1307.80
728.64	1303.80
728.97	1306.60
729.30	1300.40
729.64	1309.00
729.97	1289.40
730.30	1290.80
730.63	1301.60
730.96	1292.00
731.30	1281.00
731.63	1286.40
731.96	1280.20
732.29	1280.00
732.62	1287.00
732.96	1267.60
733.29	1285.80
733.62	1279.00
733.95	1273.80
734.28	1278.40
734.61	1271.60
734.94	1263.20
735.28	1267.00
735.61	1267.80
735.94	1264.40
736.27	1260.60
736.60	1258.80
736.93	1257.80
737.26	1261.00
737.59	1265.00
737.92	1263.80
738.26	1257.80
738.59	1249.00
738.92	1253.80
739.25	1248.80
739.58	1243.60
739.91	1249.80
740.24	1239.60
740.57	1243.20
740.90	1247.20
741.23	1233.40
741.56	1236.00
741.89	1235.60
742.22	1225.20
742.55	1235.80
742.88	1239.80
743.21	1224.40
743.54	1225.20
743.87	1228.80
744.20	1235.20
744.53	1221.20
744.86	1223.80
745.19	1201.00
745.52	1210.60
745.85	1219.00
746.18	1212.40
746.51	1204.20
746.84	1218.80
747.17	1202.00
747.50	1193.60
747.83	1197.40
748.16	1191.00
748.49	1184.60
748.82	1182.40
749.15	1191.20
749.48	1184.60
749.81	1185.80
750.14	1169.60
750.46	1186.40
750.79	1173.40
751.12	1170.40
751.45	1171.60
751.78	1159.40
752.11	1160.00
752.44	1158.00
752.77	1166.40
753.10	1151.80
753.42	1162.80
753.75	1155.40
754.08	1152.20
754.41	1140.40
754.74	1138.80
755.07	1140.80
755.39	1121.80
755.72	1128.00
756.05	1121.80
756.38	1113.20
756.71	1120.80
757.04	1104.80
757.36	1107.00
757.69	1102.00
758.02	1107.20
758.35	1090.40
758.67	1096.40
759.00	1090.80
759.33	1087.40
759.66	1082.60
759.99	1073.20
760.31	1070.60
760.64	1080.00
760.97	1069.60
761.30	1072.80
761.62	1060.00
761.95	1058.20
762.28	1052.00
762.60	1039.60
762.93	1039.40
763.26	1041.20
763.59	1027.60
763.91	1029.80
764.24	1023.00
764.57	1032.80
764.89	1019.20
765.22	1014.80
765.55	1014.00
765.87	1012.00
766.20	993.20
766.53	997.40
766.85	999.40
767.18	986.00
767.51	987.60
767.83	981.40
768.16	977.20
768.48	972.80
768.81	968.40
769.14	971.80
769.46	958.40
769.79	959.00
770.12	952.20
770.44	950.60
770.77	954.60
771.09	943.00
771.42	938.40
771.74	932.40
772.07	938.20
772.40	917.20
772.72	929.40
773.05	926.60
773.37	916.00
773.70	907.00
774.02	899.80
774.35	911.80
774.67	889.40
775.00	902.20
775.32	889.00
775.65	888.60
775.97	881.40
776.30	882.00
776.63	868.40
776.95	880.80
777.27	867.80
777.60	852.80
777.92	865.00
778.25	858.80
778.57	854.60
778.90	859.00
779.22	841.20
779.55	847.60
779.87	834.20
780.20	834.40
780.52	829.80
780.85	829.00
781.17	817.00
781.49	809.20
781.82	815.60
782.14	802.40
782.47	805.40
782.79	805.80
783.11	801.60
783.44	791.80
783.76	799.80
784.09	781.40
784.41	790.00
784.73	772.00
785.06	774.40
785.38	767.80
785.70	769.80
786.03	769.20
786.35	758.80
786.67	752.20
787.00	758.00
787.32	749.20
787.64	754.80
787.97	753.40
788.29	746.00
788.61	742.40
788.94	753.00
789.26	749.00
789.58	745.20
789.91	741.00
790.23	751.20
790.55	741.60
790.87	739.00
791.20	743.40
791.52	739.00
791.84	735.00
792.16	729.00
792.49	732.60
792.81	734.40
793.13	735.60
793.45	739.60
793.78	739.40
794.10	729.20
794.42	730.60
794.74	732.80
795.06	734.80
795.39	737.20
795.71	736.40
796.03	736.20
796.35	738.40
796.67	732.00
797.00	740.20
797.32	739.40
797.64	745.00
797.96	738.60
798.28	738.20
798.60	740.00
798.93	741.60
799.25	741.00
799.57	741.40
799.89	733.20
800.21	733.80
800.53	735.20
800.85	741.40
801.17	736.20
801.50	737.60
801.82	733.40
802.14	738.60
802.46	731.80
802.78	737.80
803.10	750.00
803.42	733.40
803.74	731.80
804.06	727.20
804.38	730.80
804.70	723.80
805.02	724.20
805.34	731.80
805.66	729.60
805.98	729.40
806.30	729.80
806.62	732.60
806.94	725.60
807.26	721.60
807.58	727.00
807.90	732.00
808.22	729.00
808.54	726.60
808.86	731.20
809.18	725.00
809.50	731.00
809.82	721.20
810.14	718.60
810.46	725.60
810.78	716.60
811.10	729.60
811.42	715.40
811.74	713.00
812.06	722.20
812.38	712.60
812.70	713.80
813.02	710.00
813.34	717.40
813.66	702.80
813.97	711.40
814.29	700.80
814.61	704.80
814.93	718.40
815.25	710.80
815.57	711.60
815.89	705.20
816.21	695.60
816.52	702.20
816.84	703.40
817.16	701.20
817.48	702.60
817.80	700.60
818.12	707.20
818.43	698.00
818.75	691.80
819.07	687.60
819.39	690.00
819.71	691.60
820.03	689.80
820.34	692.00
820.66	679.00
820.98	680.00
821.30	685.80
821.61	678.80
821.93	679.40
822.25	686.60
822.57	676.40
822.88	674.40
823.20	667.60
823.52	671.60
823.84	672.80
824.15	673.20
824.47	672.40
824.79	677.60
825.11	675.20
825.42	667.00
825.74	668.00
826.06	668.20
826.37	662.20
826.69	662.80
827.01	665.00
827.32	657.60
827.64	659.40
827.96	655.40
828.27	665.20
828.59	658.00
828.91	655.60
829.22	656.80
829.54	646.60
829.86	644.80
830.17	652.60
830.49	645.60
830.81	649.60
831.12	648.60
831.44	646.60
831.75	647.40
832.07	643.80
832.39	643.40
832.70	633.80
833.02	635.00
833.33	634.00
833.65	635.60
833.96	638.60
834.28	635.80
834.60	633.60
834.91	627.40
835.23	634.60
835.54	625.80
835.86	629.40
836.17	626.60
836.49	629.80
836.80	631.40
837.12	627.60
837.43	630.20
837.75	626.20
838.06	622.40
838.38	615.60
838.69	622.00
839.01	610.40
839.32	611.20
839.64	611.20
839.95	612.60
840.27	611.80
840.58	613.80
840.90	597.40
841.21	607.20
841.53	604.80
841.84	605.00
842.15	604.00
842.47	600.40
842.78	594.40
843.10	592.20
843.41	605.20
843.72	596.00
844.04	587.40
844.35	582.80
844.67	587.60
844.98	585.80
845.29	583.60
845.61	582.60
845.92	584.20
846.23	580.20
846.55	579.20
846.86	577.80
847.18	574.40
847.49	570.80
847.80	572.20
848.12	565.20
848.43	560.80
848.74	567.60
849.05	559.20
849.37	559.00
849.68	559.20
849.99	551.20
850.31	550.60
850.62	549.40
850.93	548.80
851.24	548.00
851.56	545.80
851.87	546.20
852.18	544.60
852.50	547.40
852.81	543.60
853.12	542.80
853.43	538.00
853.74	533.20
854.06	533.80
854.37	533.40
854.68	523.60
854.99	523.20
855.31	524.00
855.62	522.80
855.93	512.20
856.24	518.00
856.55	509.60
856.87	506.80
857.18	508.80
857.49	506.00
857.80	498.80
858.11	496.80
858.42	497.20
858.73	500.80
859.05	494.60
859.36	497.60
859.67	487.60
859.98	488.80
860.29	485.60
860.60	489.40
860.91	484.80
861.22	483.60
861.54	477.60
861.85	479.40
862.16	474.20
862.47	472.40
862.78	476.00
863.09	470.60
863.40	466.60
863.71	469.20
864.02	464.20
864.33	467.00
864.64	462.60
864.95	459.40
865.26	453.00
865.57	453.80
865.88	447.40
866.19	446.80
866.50	445.80
866.81	444.80
867.12	437.00
867.43	444.00
867.74	446.80
868.05	443.60
868.36	430.40
868.67	433.20
868.98	428.80
869.29	430.00
869.60	429.40
869.91	426.20
870.22	431.20
870.53	432.40
870.84	421.80
871.15	418.00
871.46	417.60
871.77	418.00
872.08	418.60
872.39	416.60
872.69	406.20
873.00	410.60
873.31	404.80
873.62	402.40
873.93	400.00
874.24	396.60
874.55	400.80
874.86	396.60
875.16	394.20
875.47	392.60
875.78	392.60
876.09	387.20
876.40	387.40
876.71	382.80
877.01	384.80
877.32	377.60
877.63	380.00
877.94	380.00
878.25	375.60
878.56	377.40
878.86	375.80
879.17	371.20
879.48	369.60
879.79	364.60
880.09	362.80
880.40	366.00
880.71	364.60
881.02	362.40
881.32	362.20
881.63	357.00
881.94	360.20
882.25	358.80
882.55	357.20
882.86	357.60
883.17	357.20
883.48	351.00
883.78	355.00
884.09	352.60
884.40	349.80
884.70	347.40
885.01	346.20
885.32	349.40
885.62	350.20
885.93	345.00
886.24	351.00
886.54	344.20
886.85	342.20
887.16	346.20
887.46	341.20
887.77	342.60
888.08	341.00
888.38	348.60
888.69	344.80
888.99	336.80
889.30	338.00
889.61	332.40
889.91	341.20
890.22	339.00
890.52	340.40
890.83	338.60
891.14	335.20
891.44	337.00
891.75	341.80
892.05	334.00
892.36	341.20
892.66	333.80
892.97	336.20
893.27	334.80
893.58	333.40
893.89	340.20
894.19	334.20
894.50	330.40
894.80	337.00
895.11	333.20
895.41	338.20
895.72	333.60
896.02	333.80
896.33	330.60
896.63	335.60
896.93	332.80
897.24	330.60
897.54	333.20
897.85	333.80
898.15	335.60
898.46	328.80
898.76	335.80
899.07	338.20
899.37	335.00
899.67	334.00
899.98	336.60
900.28	334.20
900.59	337.80
900.89	328.40
901.19	332.40
901.50	335.40
901.80	333.00
902.11	333.60
902.41	338.80
902.71	335.60
903.02	334.20
903.32	331.20
903.62	328.00
903.93	333.00
904.23	335.20
904.53	337.00
904.84	335.40
905.14	328.40
905.44	332.20
905.75	328.80
906.05	334.80
906.35	332.00
906.66	330.00
906.96	329.80
907.26	331.20
907.56	329.20
907.87	330.20
908.17	327.20
908.47	329.40
908.77	331.00
909.08	331.80
909.38	326.20
909.68	327.20
909.98	321.00
910.29	328.00
910.59	329.60
910.89	325.80
911.19	329.60
911.50	323.00
911.80	322.60
912.10	324.20
912.40	327.20
912.70	324.60
913.00	322.80
913.31	323.20
913.61	320.20
913.91	322.20
914.21	319.60
914.51	318.40
914.81	322.00
915.12	321.00
915.42	322.20
915.72	320.20
916.02	317.80
916.32	315.20
916.62	322.00
916.92	316.80
917.22	312.80
917.52	311.80
917.83	308.00
918.13	313.20
918.43	310.00
918.73	312.80
919.03	310.40
919.33	309.80
919.63	307.80
919.93	308.80
920.23	305.00
920.53	309.80
920.83	312.40
921.13	304.60
921.43	303.40
921.73	301.40
922.03	305.40
922.33	304.00
922.63	304.40
922.93	299.60
923.23	300.40
923.53	297.80
923.83	300.80
924.13	298.40
924.43	297.40
924.73	295.60
925.03	293.60
925.33	297.80
925.63	295.20
925.93	293.80
926.23	289.60
926.53	295.80
926.83	293.60
927.13	292.40
927.42	291.80
927.72	287.40
928.02	289.00
928.32	288.60
928.62	287.20
928.92	285.80
929.22	288.40
929.52	285.20
929.82	284.20
930.11	287.20
930.41	282.60
930.71	284.20
931.01	284.00
931.31	282.40
931.61	280.40
931.90	282.20
932.20	276.80
932.50	276.60
932.80	276.60
933.10	277.40
933.39	275.80
933.69	274.00
933.99	278.20
934.29	278.20
934.59	273.40
934.88	275.00
935.18	270.60
935.48	271.40
935.78	271.20
936.07	268.00
936.37	264.40
936.67	270.80
936.97	264.60
937.26	266.80
937.56	267.40
937.86	264.60
938.15	262.40
938.45	265.00
938.75	261.40
939.05	262.00
939.34	261.60
939.64	262.80
939.94	258.60
940.23	261.20
940.53	256.00
940.83	259.80
941.12	253.20
941.42	254.20
941.71	255.40
942.01	254.80
942.31	254.20
942.60	252.40
942.90	252.40
943.20	250.00
943.49	249.60
943.79	250.60
944.08	244.00
944.38	249.20
944.68	248.00
944.97	246.20
945.27	244.40
945.56	244.40
945.86	243.20
946.15	246.00
946.45	241.40
946.74	242.40
947.04	242.40
947.34	241.40
947.63	239.00
947.93	239.60
948.22	238.80
948.52	240.00
948.81	237.80
949.11	237.40
949.40	236.80
949.70	232.40
949.99	238.00
950.29	236.60
950.58	235.00
950.87	232.00
951.17	231.40
951.46	231.00
951.76	231.60
952.05	231.60
952.35	227.20
952.64	226.60
952.94	223.40
953.23	226.20
953.52	227.60
953.82	230.40
954.11	225.00
954.41	226.80
954.70	224.60
954.99	224.80
955.29	222.20
955.58	220.60
955.87	224.80
956.17	220.00
956.46	216.40
956.76	219.00
957.05	215.60
957.34	218.80
957.64	216.20
957.93	214.60
958.22	216.20
958.52	214.00
958.81	210.20
959.10	210.20
959.39	213.60
959.69	213.00
959.98	210.00
960.27	211.00
960.57	212.80
960.86	207.80
961.15	206.60
961.44	208.00
961.74	205.40
962.03	207.80
962.32	208.20
962.61	205.20
962.91	205.80
963.20	202.00
963.49	204.00
963.78	201.80
964.07	203.00
964.37	202.20
964.66	201.20
964.95	199.80
965.24	203.20
965.53	199.20
965.83	196.60
966.12	196.40
966.41	196.80
966.70	195.60
966.99	192.80
967.28	194.20
967.57	195.60
967.87	194.80
968.16	193.00
968.45	192.00
968.74	191.40
969.03	191.40
969.32	189.40
969.61	187.80
969.90	188.00
970.19	188.20
970.49	188.00
970.78	187.40
971.07	185.00
971.36	184.80
971.65	185.20
971.94	185.20
972.23	187.20
972.52	185.00
972.81	184.20
973.10	183.40
973.39	183.60
973.68	180.60
973.97	178.80
974.26	180.00
974.55	178.40
974.84	178.40
975.13	182.20
975.42	179.60
975.71	177.60
976.00	178.20
976.29	178.00
976.58	176.20
976.87	176.40
977.16	174.60
977.45	172.80
977.74	175.40
978.03	173.80
978.32	173.80
978.60	172.80
978.89	170.20
979.18	169.60
979.47	172.40
979.76	172.80
980.05	171.80
980.34	171.00
980.63	169.80
980.92	169.60
981.20	169.20
981.49	169.00
981.78	168.60
982.07	169.00
982.36	169.40
982.65	168.20
982.94	166.40
983.22	165.00
983.51	165.00
983.80	165.00
984.09	165.40
984.38	165.00
984.66	162.80
984.95	162.00
985.24	164.80
985.53	163.20
985.82	166.60
986.10	164.80
986.39	160.60
986.68	159.80
986.97	160.60
987.25	159.20
987.54	160.00
987.83	159.60
988.12	162.00
988.40	160.00
988.69	159.00
988.98	156.80
989.26	160.00
989.55	157.40
989.84	155.60
990.12	155.80
990.41	156.60
990.70	155.80
990.98	155.00
991.27	153.60
991.56	155.20
991.84	156.40
992.13	156.00
992.42	154.00
992.70	153.40
992.99	153.00
993.28	153.20
993.56	156.80
993.85	154.20
994.13	153.40
994.42	152.60
994.71	153.60
994.99	153.00
995.28	151.00
995.56	149.40
995.85	151.20
996.14	149.60
996.42	151.00
996.71	151.80
996.99	149.20
997.28	148.60
997.56	148.80
997.85	149.00
998.13	148.40
998.42	149.80
998.70	150.80
998.99	148.40
999.27	149.60
999.56	147.80
999.84	148.00
1000.13	148.40
1000.41	147.40
1000.70	147.20
1000.98	145.40
1001.27	143.60
1001.55	145.40
1001.84	145.60
1002.12	145.40
1002.40	146.60
1002.69	147.60
1002.97	146.60
1003.26	145.00
1003.54	144.80
1003.83	143.60
1004.11	142.20
1004.39	145.40
1004.68	142.80
1004.96	145.20
1005.24	144.80
1005.53	143.80
1005.81	143.80
1006.10	141.80
1006.38	142.60
1006.66	143.40
1006.95	142.80
1007.23	141.20
1007.51	142.80
1007.80	141.40
1008.08	140.20
1008.36	140.40
1008.65	140.80
1008.93	140.20
1009.21	140.00
1009.49	139.20
1009.78	140.80
1010.06	138.80
1010.34	140.00
1010.63	139.80
1010.91	142.00
1011.19	141.20
1011.47	139.60
1011.76	139.40
1012.04	138.40
1012.32	139.00
1012.60	138.00
1012.88	139.80
1013.17	138.80
1013.45	138.40
1013.73	138.00
1014.01	138.80
1014.29	137.80
1014.58	135.80
1014.86	138.00
1015.14	138.40
1015.42	137.40
1015.70	136.60
1015.98	137.20
1016.27	135.60
1016.55	136.40
1016.83	136.20
1017.11	136.20
1017.39	136.00
1017.67	134.80
1017.95	136.80
1018.23	136.20
1018.52	135.00
1018.80	135.00
1019.08	135.20
1019.36	134.20
1019.64	133.40
1019.92	135.20
1020.20	133.20
1020.48	135.00
1020.76	134.60
1021.04	135.40
1021.32	133.80
1021.60	132.00
1021.88	132.00
1022.16	134.60
1022.44	134.60
1022.72	133.20
