	0.0	
339.41	0.00
339.79	106.40
340.17	107.60
340.55	108.00
340.94	109.00
341.32	111.00
341.70	111.40
342.08	112.40
342.46	113.60
342.84	115.00
343.22	115.00
343.60	114.60
343.98	115.60
344.36	116.00
344.74	115.00
345.12	114.40
345.50	115.20
345.88	115.00
346.26	114.80
346.64	113.80
347.02	114.20
347.40	113.80
347.78	113.40
348.15	113.00
348.53	114.80
348.91	118.40
349.29	120.00
349.67	120.20
350.05	120.40
350.43	121.20
350.81	121.60
351.19	121.40
351.57	121.40
351.95	120.20
352.33	121.20
352.71	121.60
353.09	121.60
353.47	122.40
353.84	122.80
354.22	122.00
354.60	122.20
354.98	123.60
355.36	123.80
355.74	123.20
356.12	123.80
356.50	125.20
356.88	124.60
357.25	125.20
357.63	125.40
358.01	124.00
358.39	123.60
358.77	124.60
359.15	123.20
359.53	124.60
359.90	127.20
360.28	125.80
360.66	125.80
361.04	126.60
361.42	126.00
361.80	127.20
362.17	127.60
362.55	127.00
362.93	128.00
363.31	127.80
363.69	126.80
364.06	127.80
364.44	129.20
364.82	129.20
365.20	129.80
365.58	130.80
365.95	129.60
366.33	130.40
366.71	130.20
367.09	130.20
367.46	131.20
367.84	132.40
368.22	132.40
368.60	131.60
368.97	133.00
369.35	133.80
369.73	134.00
370.11	134.60
370.48	134.40
370.86	135.40
371.24	137.40
371.62	135.40
371.99	135.40
372.37	136.60
372.75	137.20
373.12	137.40
373.50	136.80
373.88	137.80
374.25	138.40
374.63	139.20
375.01	139.40
375.38	141.40
375.76	141.00
376.14	141.40
376.51	143.40
376.89	144.20
377.27	142.80
377.64	143.80
378.02	145.40
378.40	145.40
378.77	148.00
379.15	148.20
379.53	147.20
379.90	147.80
380.28	151.20
380.66	151.00
381.03	153.60
381.41	152.40
381.78	152.60
382.16	153.20
382.54	155.00
382.91	155.00
383.29	156.60
383.66	159.60
384.04	158.40
384.42	160.20
384.79	159.60
385.17	159.00
385.54	161.80
385.92	165.20
386.29	163.20
386.67	166.40
387.05	166.80
387.42	164.60
387.80	167.00
388.17	169.80
388.55	170.20
388.92	167.60
389.30	174.60
389.67	174.20
390.05	173.80
390.42	177.60
390.80	179.40
391.17	179.20
391.55	180.20
391.92	179.00
392.30	181.40
392.67	181.40
393.05	185.60
393.42	187.20
393.80	185.20
394.17	191.00
394.55	189.80
394.92	189.80
395.30	193.40
395.67	193.00
396.05	193.80
396.42	199.60
396.80	199.80
397.17	199.00
397.55	201.00
397.92	204.60
398.29	210.20
398.67	209.80
399.04	206.80
399.42	213.20
399.79	212.40
400.17	217.40
400.54	213.20
400.91	216.60
401.29	217.00
401.66	219.20
402.04	221.40
402.41	221.00
402.78	221.60
403.16	226.00
403.53	228.20
403.90	230.60
404.28	225.00
404.65	233.20
405.03	238.00
405.40	242.60
405.77	240.00
406.15	243.60
406.52	244.00
406.89	244.40
407.27	242.20
407.64	247.20
408.01	251.20
408.39	255.40
408.76	254.40
409.13	255.80
409.51	261.00
409.88	261.40
410.25	263.80
410.62	262.20
411.00	270.00
411.37	273.00
411.74	266.20
412.12	277.00
412.49	273.80
412.86	280.60
413.23	280.20
413.61	281.00
413.98	293.40
414.35	286.20
414.73	293.00
415.10	287.00
415.47	299.80
415.84	294.40
416.22	296.00
416.59	295.40
416.96	308.60
417.33	309.00
417.70	308.40
418.08	319.40
418.45	313.60
418.82	318.80
419.19	325.60
419.57	326.20
419.94	321.00
420.31	339.20
420.68	331.00
421.05	328.40
421.42	334.40
421.80	336.80
422.17	342.00
422.54	355.60
422.91	345.40
423.28	343.80
423.65	356.00
424.03	357.00
424.40	360.20
424.77	363.00
425.14	364.40
425.51	364.80
425.88	374.00
426.25	370.80
426.63	381.40
427.00	375.80
427.37	391.40
427.74	406.80
428.11	388.60
428.48	400.80
428.85	402.80
429.22	406.20
429.59	410.40
429.97	412.60
430.34	414.60
430.71	419.60
431.08	424.00
431.45	438.20
431.82	430.00
432.19	433.20
432.56	444.00
432.93	441.00
433.30	450.00
433.67	450.40
434.04	452.40
434.41	464.00
434.78	462.40
435.15	466.00
435.52	484.00
435.89	485.00
436.26	486.00
436.63	479.40
437.00	497.20
437.37	499.60
437.74	490.60
438.11	514.80
438.48	498.60
438.85	518.60
439.22	527.60
439.59	537.60
439.96	522.20
440.33	539.40
440.70	555.40
441.07	550.60
441.44	560.00
441.81	550.00
442.18	549.20
442.55	561.00
442.92	573.20
443.29	566.20
443.66	559.80
444.03	572.80
444.40	580.60
444.77	595.40
445.14	588.60
445.51	604.40
445.88	600.00
446.24	602.80
446.61	612.20
446.98	598.40
447.35	627.80
447.72	627.00
448.09	626.20
448.46	611.60
448.83	630.80
449.20	630.20
449.56	630.20
449.93	644.60
450.30	640.20
450.67	655.80
451.04	637.40
451.41	639.80
451.78	666.20
452.14	660.60
452.51	661.60
452.88	661.80
453.25	667.80
453.62	682.40
453.99	674.00
454.35	672.40
454.72	691.40
455.09	696.80
455.46	701.00
455.83	714.20
456.19	711.00
456.56	713.40
456.93	715.40
457.30	731.20
457.66	730.80
458.03	734.60
458.40	725.20
458.77	735.20
459.14	751.60
459.50	753.80
459.87	726.80
460.24	761.00
460.61	761.40
460.97	769.80
461.34	764.00
461.71	769.40
462.07	766.20
462.44	791.80
462.81	813.40
463.18	802.80
463.54	803.00
463.91	835.60
464.28	809.80
464.64	815.80
465.01	815.00
465.38	853.00
465.75	828.20
466.11	846.80
466.48	856.20
466.85	843.60
467.21	850.00
467.58	866.20
467.95	883.60
468.31	884.60
468.68	899.20
469.04	912.00
469.41	928.00
469.78	922.80
470.14	934.80
470.51	940.40
470.88	955.20
471.24	959.00
471.61	992.00
471.98	969.80
472.34	1007.40
472.71	1016.60
473.07	1020.60
473.44	1021.60
473.81	1042.00
474.17	1034.60
474.54	1061.40
474.90	1070.40
475.27	1053.20
475.63	1088.80
476.00	1086.40
476.37	1102.80
476.73	1114.20
477.10	1155.60
477.46	1153.00
477.83	1143.60
478.19	1168.20
478.56	1187.60
478.92	1205.60
479.29	1208.20
479.65	1218.80
480.02	1222.80
480.38	1244.60
480.75	1257.40
481.11	1271.60
481.48	1295.80
481.84	1301.60
482.21	1305.40
482.57	1317.20
482.94	1340.60
483.30	1336.60
483.67	1358.80
484.03	1365.20
484.40	1386.20
484.76	1396.40
485.13	1409.00
485.49	1417.00
485.86	1446.60
486.22	1450.20
486.59	1464.60
486.95	1463.20
487.31	1487.20
487.68	1498.60
488.04	1511.60
488.41	1523.80
488.77	1519.00
489.14	1542.60
489.50	1543.40
489.86	1568.80
490.23	1566.60
490.59	1568.80
490.96	1593.00
491.32	1596.80
491.68	1627.00
492.05	1616.60
492.41	1640.40
492.77	1641.80
493.14	1640.60
493.50	1654.00
493.87	1654.00
494.23	1681.60
494.59	1681.80
494.96	1700.20
495.32	1683.80
495.68	1716.60
496.05	1724.20
496.41	1726.20
496.77	1744.40
497.14	1740.60
497.50	1752.40
497.86	1759.80
498.23	1757.00
498.59	1752.60
498.95	1767.20
499.31	1781.20
499.68	1777.20
500.04	1789.20
500.40	1782.00
500.77	1799.00
501.13	1804.80
501.49	1797.20
501.85	1814.80
502.22	1805.40
502.58	1810.80
502.94	1833.40
503.30	1832.40
503.67	1829.00
504.03	1862.20
504.39	1840.00
504.75	1871.40
505.12	1866.20
505.48	1871.80
505.84	1872.80
506.20	1878.60
506.56	1872.80
506.93	1877.60
507.29	1901.80
507.65	1881.60
508.01	1910.40
508.37	1922.80
508.74	1910.40
509.10	1908.60
509.46	1928.60
509.82	1922.00
510.18	1931.40
510.54	1932.80
510.91	1948.00
511.27	1943.00
511.63	1960.80
511.99	1958.80
512.35	1952.60
512.71	1980.60
513.07	1969.80
513.43	1973.00
513.80	1970.00
514.16	1990.80
514.52	1980.20
514.88	2009.20
515.24	2009.00
515.60	2008.60
515.96	2016.20
516.32	2029.00
516.68	2042.20
517.04	2051.80
517.41	2037.80
517.77	2052.20
518.13	2050.20
518.49	2079.00
518.85	2070.20
519.21	2089.40
519.57	2085.00
519.93	2105.20
520.29	2101.60
520.65	2113.20
521.01	2112.60
521.37	2136.00
521.73	2120.00
522.09	2152.60
522.45	2168.00
522.81	2149.20
523.17	2169.40
523.53	2186.40
523.89	2166.00
524.25	2187.60
524.61	2182.60
524.97	2180.80
525.33	2200.20
525.69	2206.00
526.05	2214.00
526.41	2235.80
526.77	2228.80
527.13	2223.80
527.49	2263.40
527.85	2229.40
528.21	2264.60
528.57	2267.80
528.93	2273.40
529.29	2267.20
529.65	2266.60
530.00	2278.60
530.36	2268.20
530.72	2300.60
531.08	2289.00
531.44	2296.40
531.80	2308.00
532.16	2339.00
532.52	2329.00
532.88	2327.00
533.24	2324.40
533.59	2345.00
533.95	2324.20
534.31	2347.00
534.67	2333.80
535.03	2373.60
535.39	2346.80
535.75	2353.40
536.11	2343.60
536.46	2358.00
536.82	2359.20
537.18	2365.40
537.54	2369.40
537.90	2375.20
538.26	2362.40
538.61	2366.20
538.97	2402.20
539.33	2385.80
539.69	2399.00
540.05	2403.40
540.40	2396.20
540.76	2403.40
541.12	2408.20
541.48	2434.60
541.84	2414.60
542.19	2407.60
542.55	2419.60
542.91	2407.00
543.27	2432.20
543.62	2439.40
543.98	2417.00
544.34	2411.40
544.70	2441.60
545.05	2444.60
545.41	2462.60
545.77	2467.00
546.12	2466.00
546.48	2451.20
546.84	2455.00
547.20	2451.20
547.55	2467.00
547.91	2503.20
548.27	2480.00
548.62	2464.00
548.98	2481.80
549.34	2474.00
549.69	2500.00
550.05	2506.20
550.41	2505.40
550.77	2478.20
551.12	2483.80
551.48	2497.80
551.83	2517.80
552.19	2517.00
552.55	2516.80
552.90	2537.40
553.26	2534.40
553.62	2545.80
553.97	2540.80
554.33	2541.40
554.69	2547.40
555.04	2534.20
555.40	2552.40
555.75	2554.00
556.11	2583.00
556.47	2571.40
556.82	2586.80
557.18	2603.60
557.53	2576.20
557.89	2604.40
558.24	2605.00
558.60	2579.80
558.96	2617.60
559.31	2615.60
559.67	2628.80
560.02	2634.40
560.38	2612.20
560.73	2638.80
561.09	2635.00
561.44	2661.20
561.80	2644.00
562.16	2643.40
562.51	2671.20
562.87	2677.80
563.22	2667.00
563.58	2684.40
563.93	2684.20
564.29	2680.20
564.64	2712.60
565.00	2703.80
565.35	2711.40
565.71	2704.00
566.06	2737.00
566.41	2748.00
566.77	2712.20
567.12	2750.20
567.48	2738.60
567.83	2750.20
568.19	2745.40
568.54	2766.80
568.90	2751.40
569.25	2764.20
569.60	2770.60
569.96	2789.40
570.31	2764.40
570.67	2794.80
571.02	2805.60
571.38	2811.60
571.73	2793.40
572.08	2828.00
572.44	2814.20
572.79	2805.60
573.15	2828.20
573.50	2804.20
573.85	2841.20
574.21	2832.80
574.56	2819.60
574.91	2845.80
575.27	2842.20
575.62	2823.60
575.97	2834.20
576.33	2827.80
576.68	2846.60
577.03	2847.20
577.39	2832.40
577.74	2845.40
578.09	2830.80
578.45	2842.20
578.80	2832.80
579.15	2834.00
579.51	2843.00
579.86	2837.60
580.21	2843.20
580.57	2851.40
580.92	2823.60
581.27	2841.00
581.62	2847.00
581.98	2829.60
582.33	2850.40
582.68	2825.40
583.03	2835.00
583.39	2833.80
583.74	2853.60
584.09	2836.80
584.44	2849.20
584.80	2839.40
585.15	2814.60
585.50	2848.40
585.85	2850.40
586.21	2824.80
586.56	2845.00
586.91	2840.20
587.26	2833.40
587.61	2851.80
587.97	2811.60
588.32	2836.20
588.67	2831.20
589.02	2842.60
589.37	2810.40
589.73	2845.00
590.08	2838.60
590.43	2828.20
590.78	2819.40
591.13	2817.60
591.48	2831.40
591.83	2792.80
592.19	2824.40
592.54	2836.60
592.89	2820.20
593.24	2840.20
593.59	2826.00
593.94	2835.60
594.29	2849.00
594.64	2840.60
595.00	2843.60
595.35	2843.20
595.70	2825.40
596.05	2824.80
596.40	2818.40
596.75	2835.00
597.10	2847.60
597.45	2831.00
597.80	2848.60
598.15	2843.00
598.50	2843.00
598.85	2841.00
599.20	2845.80
599.55	2847.80
599.90	2844.40
600.26	2857.20
600.61	2866.40
600.96	2855.60
601.31	2858.20
601.66	2870.40
602.01	2863.20
602.36	2865.80
602.71	2867.20
603.06	2872.80
603.41	2866.00
603.76	2879.60
604.11	2897.20
604.46	2863.60
604.81	2890.60
605.16	2868.80
605.50	2888.60
605.85	2907.40
606.20	2928.20
606.55	2922.40
606.90	2897.00
607.25	2907.20
607.60	2917.20
607.95	2916.20
608.30	2925.60
608.65	2915.60
609.00	2933.20
609.35	2906.00
609.70	2923.60
610.05	2913.00
610.40	2945.40
610.74	2926.00
611.09	2936.60
611.44	2936.60
611.79	2940.20
612.14	2974.00
612.49	2970.40
612.84	2946.60
613.19	2967.60
613.53	2952.40
613.88	2989.80
614.23	2963.60
614.58	2970.00
614.93	2958.80
615.28	2968.80
615.62	2968.20
615.97	2976.20
616.32	2994.40
616.67	2987.20
617.02	2984.20
617.37	2987.80
617.71	3005.00
618.06	3017.60
618.41	3004.00
618.76	3004.60
619.11	2993.40
619.45	3012.00
619.80	3017.60
620.15	2974.00
620.50	2985.40
620.84	3014.40
621.19	3007.20
621.54	3001.20
621.89	3009.40
622.23	2987.20
622.58	2994.80
622.93	3006.60
623.28	3013.80
623.62	2970.40
623.97	3005.80
624.32	3028.80
624.66	3002.00
625.01	3006.20
625.36	3008.20
625.71	3001.40
626.05	3009.80
626.40	2999.80
626.75	3003.00
627.09	2999.00
627.44	3003.40
627.79	3004.00
628.13	2963.00
628.48	2996.20
628.83	2972.00
629.17	2955.40
629.52	2988.00
629.87	2979.00
630.21	2985.20
630.56	2985.60
630.90	2985.80
631.25	2976.60
631.60	2957.80
631.94	2948.80
632.29	2959.40
632.63	2969.40
632.98	2930.20
633.33	2931.40
633.67	2926.80
634.02	2936.00
634.36	2916.00
634.71	2903.40
635.06	2949.60
635.40	2901.80
635.75	2927.60
636.09	2866.80
636.44	2902.00
636.78	2888.40
637.13	2876.20
637.47	2850.00
637.82	2902.60
638.16	2850.60
638.51	2891.40
638.86	2846.40
639.20	2873.80
639.55	2845.80
639.89	2847.60
640.24	2826.40
640.58	2849.80
640.93	2810.20
641.27	2809.40
641.62	2819.60
641.96	2803.20
642.30	2778.60
642.65	2791.60
642.99	2799.60
643.34	2786.00
643.68	2794.80
644.03	2767.40
644.37	2770.80
644.72	2785.80
645.06	2753.80
645.40	2769.00
645.75	2761.80
646.09	2744.60
646.44	2761.40
646.78	2740.40
647.13	2737.80
647.47	2727.00
647.81	2713.80
648.16	2701.60
648.50	2722.40
648.85	2733.20
649.19	2714.00
649.53	2699.40
649.88	2705.20
650.22	2731.00
650.56	2707.20
650.91	2708.60
651.25	2681.60
651.59	2678.20
651.94	2699.80
652.28	2714.00
652.62	2691.20
652.97	2684.60
653.31	2675.60
653.65	2673.60
654.00	2673.60
654.34	2674.80
654.68	2672.00
655.03	2658.00
655.37	2683.40
655.71	2683.80
656.05	2662.40
656.40	2644.60
656.74	2649.60
657.08	2652.40
657.43	2664.00
657.77	2623.80
658.11	2655.60
658.45	2669.20
658.80	2638.40
659.14	2654.40
659.48	2627.60
659.82	2660.40
660.16	2656.40
660.51	2640.80
660.85	2646.80
661.19	2660.60
661.53	2662.80
661.87	2654.60
662.22	2657.20
662.56	2637.80
662.90	2678.20
663.24	2642.20
663.58	2638.40
663.93	2649.20
664.27	2628.80
664.61	2639.80
664.95	2659.40
665.29	2628.20
665.63	2629.20
665.98	2620.80
666.32	2630.20
666.66	2613.20
667.00	2610.40
667.34	2631.80
667.68	2629.40
668.02	2592.60
668.36	2620.00
668.70	2631.40
669.05	2593.20
669.39	2605.00
669.73	2611.80
670.07	2610.20
670.41	2589.60
670.75	2599.40
671.09	2604.00
671.43	2604.20
671.77	2607.80
672.11	2597.40
672.45	2595.00
672.79	2582.60
673.13	2603.40
673.47	2567.20
673.81	2596.00
674.16	2566.60
674.50	2565.20
674.84	2565.60
675.18	2573.40
675.52	2572.60
675.86	2565.00
676.20	2592.40
676.54	2566.60
676.88	2572.80
677.22	2568.00
677.56	2555.60
677.90	2560.80
678.23	2557.40
678.57	2560.40
678.91	2553.60
679.25	2556.60
679.59	2546.20
679.93	2533.00
680.27	2551.40
680.61	2538.40
680.95	2520.00
681.29	2526.20
681.63	2498.60
681.97	2508.00
682.31	2495.00
682.65	2492.80
682.99	2529.00
683.32	2469.40
683.66	2493.80
684.00	2486.60
684.34	2476.80
684.68	2443.00
685.02	2478.80
685.36	2444.20
685.70	2462.60
686.03	2449.40
686.37	2449.80
686.71	2445.60
687.05	2416.60
687.39	2428.00
687.73	2415.60
688.07	2391.80
688.40	2397.00
688.74	2412.00
689.08	2387.40
689.42	2400.20
689.76	2378.40
690.09	2376.60
690.43	2353.00
690.77	2386.60
691.11	2338.80
691.45	2326.60
691.78	2356.40
692.12	2326.20
692.46	2344.40
692.80	2335.40
693.13	2347.40
693.47	2327.60
693.81	2327.40
694.15	2307.80
694.48	2307.20
694.82	2281.20
695.16	2289.00
695.50	2294.80
695.83	2260.60
696.17	2264.80
696.51	2246.80
696.84	2246.00
697.18	2240.40
697.52	2259.00
697.85	2234.80
698.19	2232.00
698.53	2232.40
698.87	2202.00
699.20	2197.60
699.54	2183.80
699.88	2191.00
700.21	2183.00
700.55	2163.20
700.88	2168.80
701.22	2159.00
701.56	2158.00
701.89	2142.00
702.23	2138.40
702.57	2145.20
702.90	2111.40
703.24	2119.80
703.57	2104.60
703.91	2102.00
704.25	2101.40
704.58	2105.00
704.92	2098.40
705.25	2072.00
705.59	2072.60
705.93	2082.80
706.26	2068.40
706.60	2061.00
706.93	2051.20
707.27	2045.20
707.60	2059.80
707.94	2024.40
708.27	2039.00
708.61	2030.40
708.95	2022.20
709.28	2006.80
709.62	2008.80
709.95	2027.60
710.29	2009.40
710.62	1988.40
710.96	1987.80
711.29	1983.80
711.63	1989.20
711.96	1972.80
712.30	1980.60
712.63	1969.60
712.96	1959.00
713.30	1970.20
713.63	1957.80
713.97	1978.00
714.30	1961.20
714.64	1932.80
714.97	1940.80
715.31	1943.40
715.64	1928.20
715.97	1926.40
716.31	1919.80
716.64	1887.60
716.98	1930.80
717.31	1926.00
717.64	1899.60
717.98	1903.60
718.31	1904.40
718.65	1904.60
718.98	1885.60
719.31	1904.40
719.65	1889.00
719.98	1858.00
720.32	1866.20
720.65	1874.00
720.98	1862.20
721.32	1864.40
721.65	1860.20
721.98	1871.80
722.32	1869.80
722.65	1853.80
722.98	1849.80
723.32	1837.00
723.65	1847.20
723.98	1845.60
724.31	1820.40
724.65	1847.00
724.98	1848.20
725.31	1829.00
725.65	1848.40
725.98	1840.20
726.31	1830.40
726.64	1826.20
726.98	1828.00
727.31	1815.60
727.64	1822.80
727.97	1811.60
728.31	1820.20
728.64	1817.80
728.97	1810.20
729.30	1810.80
729.64	1828.80
729.97	1803.20
730.30	1797.80
730.63	1800.40
730.96	1796.40
731.30	1785.60
731.63	1792.80
731.96	1792.00
732.29	1793.40
732.62	1792.40
732.96	1780.40
733.29	1787.00
733.62	1774.00
733.95	1767.80
734.28	1776.40
734.61	1761.20
734.94	1779.20
735.28	1764.40
735.61	1767.80
735.94	1759.80
736.27	1757.20
736.60	1742.40
736.93	1756.20
737.26	1732.60
737.59	1732.40
737.92	1741.40
738.26	1756.00
738.59	1728.00
738.92	1746.60
739.25	1732.80
739.58	1727.40
739.91	1739.60
740.24	1737.20
740.57	1730.80
740.90	1728.00
741.23	1729.20
741.56	1724.60
741.89	1721.60
742.22	1715.00
742.55	1720.80
742.88	1710.00
743.21	1706.80
743.54	1711.00
743.87	1709.20
744.20	1716.20
744.53	1696.60
744.86	1693.20
745.19	1684.20
745.52	1683.80
745.85	1689.40
746.18	1680.60
746.51	1666.40
746.84	1682.40
747.17	1663.20
747.50	1658.00
747.83	1665.00
748.16	1661.80
748.49	1662.20
748.82	1644.40
749.15	1639.40
749.48	1653.00
749.81	1642.40
750.14	1625.40
750.46	1643.40
750.79	1624.60
751.12	1614.80
751.45	1631.40
751.78	1618.00
752.11	1623.00
752.44	1598.00
752.77	1597.00
753.10	1586.00
753.42	1580.00
753.75	1579.60
754.08	1588.80
754.41	1565.80
754.74	1570.40
755.07	1568.80
755.39	1550.40
755.72	1553.60
756.05	1551.60
756.38	1553.40
756.71	1547.60
757.04	1523.20
757.36	1526.00
757.69	1521.60
758.02	1526.80
758.35	1523.40
758.67	1521.20
759.00	1520.60
759.33	1503.60
759.66	1496.60
759.99	1490.40
760.31	1493.20
760.64	1479.20
760.97	1484.80
761.30	1463.00
761.62	1476.20
761.95	1466.40
762.28	1459.20
762.60	1441.20
762.93	1444.40
763.26	1441.00
763.59	1429.00
763.91	1422.40
764.24	1411.20
764.57	1416.00
764.89	1408.00
765.22	1390.80
765.55	1403.40
765.87	1401.20
766.20	1374.00
766.53	1379.20
766.85	1381.20
767.18	1370.60
767.51	1366.80
767.83	1355.60
768.16	1353.40
768.48	1344.80
768.81	1338.80
769.14	1337.40
769.46	1337.00
769.79	1335.00
770.12	1320.20
770.44	1310.20
770.77	1320.20
771.09	1295.20
771.42	1285.80
771.74	1278.80
772.07	1280.60
772.40	1267.80
772.72	1272.00
773.05	1259.60
773.37	1263.00
773.70	1244.40
774.02	1244.80
774.35	1247.40
774.67	1230.20
775.00	1235.00
775.32	1226.60
775.65	1209.20
775.97	1214.00
776.30	1202.60
776.63	1198.60
776.95	1203.20
777.27	1187.40
777.60	1170.60
777.92	1169.60
778.25	1169.00
778.57	1157.00
778.90	1165.60
779.22	1154.20
779.55	1149.40
779.87	1146.60
780.20	1140.80
780.52	1132.00
780.85	1132.00
781.17	1118.60
781.49	1113.20
781.82	1118.60
782.14	1096.00
782.47	1108.80
782.79	1095.20
783.11	1100.60
783.44	1076.00
783.76	1096.60
784.09	1055.80
784.41	1072.40
784.73	1056.80
785.06	1046.00
785.38	1047.60
785.70	1049.00
786.03	1044.40
786.35	1030.20
786.67	1024.80
787.00	1034.20
787.32	1017.60
787.64	1029.20
787.97	1019.80
788.29	1017.20
788.61	1008.40
788.94	1027.80
789.26	1020.40
789.58	1015.20
789.91	1019.80
790.23	1020.20
790.55	1014.60
790.87	1000.60
791.20	1013.20
791.52	1002.20
791.84	1003.20
792.16	1004.00
792.49	993.40
792.81	1000.00
793.13	996.20
793.45	997.20
793.78	1015.60
794.10	993.60
794.42	1006.00
794.74	994.60
795.06	1001.20
795.39	999.40
795.71	1001.00
796.03	1006.00
796.35	1004.40
796.67	1005.60
797.00	1005.00
797.32	1003.80
797.64	1009.00
797.96	1006.60
798.28	1004.40
798.60	1015.60
798.93	1015.60
799.25	1001.60
799.57	1020.80
799.89	1009.80
800.21	1006.00
800.53	1003.20
800.85	1009.40
801.17	999.00
801.50	1012.40
801.82	1008.60
802.14	999.20
802.46	1007.60
802.78	1009.60
803.10	1009.40
803.42	996.20
803.74	1006.60
804.06	998.60
804.38	1013.00
804.70	993.00
805.02	997.20
805.34	1005.60
805.66	996.60
805.98	1002.80
806.30	1010.20
806.62	1006.00
806.94	1004.40
807.26	996.40
807.58	991.00
807.90	1004.00
808.22	996.20
808.54	989.40
808.86	996.40
809.18	987.80
809.50	992.80
809.82	985.40
810.14	981.60
810.46	993.40
810.78	971.80
811.10	992.00
811.42	985.60
811.74	972.20
812.06	985.40
812.38	976.00
812.70	963.80
813.02	967.40
813.34	968.60
813.66	965.60
813.97	965.20
814.29	969.80
814.61	950.40
814.93	969.00
815.25	967.80
815.57	959.40
815.89	967.20
816.21	951.40
816.52	955.20
816.84	961.40
817.16	961.60
817.48	948.40
817.80	945.80
818.12	960.60
818.43	947.60
818.75	950.20
819.07	945.00
819.39	942.00
819.71	941.20
820.03	938.40
820.34	934.80
820.66	942.00
820.98	930.40
821.30	935.40
821.61	922.60
821.93	940.00
822.25	928.60
822.57	935.80
822.88	922.80
823.20	921.00
823.52	926.60
823.84	918.60
824.15	914.20
824.47	912.60
824.79	923.00
825.11	923.00
825.42	925.80
825.74	912.60
826.06	919.80
826.37	916.20
826.69	907.60
827.01	912.60
827.32	912.00
827.64	898.00
827.96	897.60
828.27	898.20
828.59	901.60
828.91	898.20
829.22	903.80
829.54	887.60
829.86	888.60
830.17	895.20
830.49	891.60
830.81	883.20
831.12	894.80
831.44	889.60
831.75	889.60
832.07	890.80
832.39	879.40
832.70	874.80
833.02	876.40
833.33	874.60
833.65	878.80
833.96	879.00
834.28	868.20
834.60	868.20
834.91	856.40
835.23	867.80
835.54	851.20
835.86	852.80
836.17	863.20
836.49	853.40
836.80	852.20
837.12	848.20
837.43	851.60
837.75	840.00
838.06	842.60
838.38	843.20
838.69	842.20
839.01	837.80
839.32	829.60
839.64	831.60
839.95	828.80
840.27	830.00
840.58	824.20
840.90	812.60
841.21	823.00
841.53	825.80
841.84	820.20
842.15	808.20
842.47	815.00
842.78	798.20
843.10	809.20
843.41	806.60
843.72	806.60
844.04	803.00
844.35	797.40
844.67	795.80
844.98	784.60
845.29	790.00
845.61	787.00
845.92	786.00
846.23	777.20
846.55	772.80
846.86	778.80
847.18	764.00
847.49	766.80
847.80	771.20
848.12	760.60
848.43	752.40
848.74	759.00
849.05	750.60
849.37	748.40
849.68	752.20
849.99	739.40
850.31	736.80
850.62	747.00
850.93	730.80
851.24	725.00
851.56	724.80
851.87	718.20
852.18	724.60
852.50	719.20
852.81	718.00
853.12	716.00
853.43	711.00
853.74	715.00
854.06	704.20
854.37	706.80
854.68	701.40
854.99	706.40
855.31	696.60
855.62	691.60
855.93	685.80
856.24	688.00
856.55	674.80
856.87	672.20
857.18	673.60
857.49	675.00
857.80	664.60
858.11	656.60
858.42	656.00
858.73	669.20
859.05	650.00
859.36	650.00
859.67	643.60
859.98	644.40
860.29	639.80
860.60	642.40
860.91	642.00
861.22	634.20
861.54	630.60
861.85	631.20
862.16	623.40
862.47	615.20
862.78	616.40
863.09	607.00
863.40	606.00
863.71	614.00
864.02	607.00
864.33	603.20
864.64	594.80
864.95	603.20
865.26	582.00
865.57	591.20
865.88	582.00
866.19	584.20
866.50	575.20
866.81	580.00
867.12	578.40
867.43	574.80
867.74	568.60
868.05	569.40
868.36	570.60
868.67	563.60
868.98	559.00
869.29	549.00
869.60	560.40
869.91	557.40
870.22	555.20
870.53	554.60
870.84	544.20
871.15	536.40
871.46	542.60
871.77	537.20
872.08	533.20
872.39	526.40
872.69	530.20
873.00	526.60
873.31	519.20
873.62	515.80
873.93	507.00
874.24	507.40
874.55	509.80
874.86	506.60
875.16	499.60
875.47	498.60
875.78	497.60
876.09	495.40
876.40	495.80
876.71	491.40
877.01	482.80
877.32	484.40
877.63	477.60
877.94	479.60
878.25	478.80
878.56	469.00
878.86	477.80
879.17	467.80
879.48	466.20
879.79	467.40
880.09	459.80
880.40	455.40
880.71	462.20
881.02	455.20
881.32	449.00
881.63	453.00
881.94	451.20
882.25	445.40
882.55	446.40
882.86	441.40
883.17	442.80
883.48	439.00
883.78	438.00
884.09	434.40
884.40	434.40
884.70	429.80
885.01	437.20
885.32	435.80
885.62	434.80
885.93	432.80
886.24	431.00
886.54	426.60
886.85	425.20
887.16	425.20
887.46	420.00
887.77	429.00
888.08	424.00
888.38	424.40
888.69	420.20
888.99	417.60
889.30	421.60
889.61	415.80
889.91	422.60
890.22	423.60
890.52	422.60
890.83	419.40
891.14	414.20
891.44	413.20
891.75	414.60
892.05	410.40
892.36	415.60
892.66	412.60
892.97	420.00
893.27	412.40
893.58	405.60
893.89	414.80
894.19	409.00
894.50	414.40
894.80	413.60
895.11	407.80
895.41	420.60
895.72	410.00
896.02	406.40
896.33	414.40
896.63	414.40
896.93	406.40
897.24	410.00
897.54	412.00
897.85	411.80
898.15	409.80
898.46	417.00
898.76	413.80
899.07	414.20
899.37	417.40
899.67	415.40
899.98	414.40
900.28	412.60
900.59	411.20
900.89	408.00
901.19	409.60
901.50	411.20
901.80	412.40
902.11	410.80
902.41	415.00
902.71	407.20
903.02	410.80
903.32	412.00
903.62	410.80
903.93	415.40
904.23	416.80
904.53	414.00
904.84	410.80
905.14	405.80
905.44	404.20
905.75	405.00
906.05	409.60
906.35	412.80
906.66	406.40
906.96	404.60
907.26	408.60
907.56	411.00
907.87	410.80
908.17	401.40
908.47	408.60
908.77	408.20
909.08	402.80
909.38	405.60
909.68	409.60
909.98	398.00
910.29	407.40
910.59	399.20
910.89	403.80
911.19	402.60
911.50	400.40
911.80	398.00
912.10	397.60
912.40	402.40
912.70	397.40
913.00	394.20
913.31	393.20
913.61	395.40
913.91	393.40
914.21	385.00
914.51	397.00
914.81	393.20
915.12	394.20
915.42	401.60
915.72	393.20
916.02	397.20
916.32	392.20
916.62	394.20
916.92	386.60
917.22	386.60
917.52	385.40
917.83	379.00
918.13	379.20
918.43	380.40
918.73	383.00
919.03	378.80
919.33	377.60
919.63	378.80
919.93	378.20
920.23	375.20
920.53	374.60
920.83	372.80
921.13	376.80
921.43	372.40
921.73	369.00
922.03	373.80
922.33	371.00
922.63	370.60
922.93	369.40
923.23	366.20
923.53	361.40
923.83	364.60
924.13	361.20
924.43	363.00
924.73	363.20
925.03	360.60
925.33	361.00
925.63	357.60
925.93	358.00
926.23	360.40
926.53	351.20
926.83	354.40
927.13	355.20
927.42	355.80
927.72	354.00
928.02	349.60
928.32	350.80
928.62	347.20
928.92	352.60
929.22	349.60
929.52	344.60
929.82	344.80
930.11	340.00
930.41	344.00
930.71	338.00
931.01	339.20
931.31	341.80
931.61	339.80
931.90	337.80
932.20	335.00
932.50	331.80
932.80	332.40
933.10	336.80
933.39	331.40
933.69	328.40
933.99	332.60
934.29	329.20
934.59	328.20
934.88	325.60
935.18	327.80
935.48	326.20
935.78	326.80
936.07	324.80
936.37	322.00
936.67	320.00
936.97	319.80
937.26	319.40
937.56	313.80
937.86	317.20
938.15	314.80
938.45	315.00
938.75	311.60
939.05	313.20
939.34	310.80
939.64	312.40
939.94	306.80
940.23	307.20
940.53	308.80
940.83	306.20
941.12	306.80
941.42	302.40
941.71	302.40
942.01	298.80
942.31	301.60
942.60	299.00
942.90	301.80
943.20	295.40
943.49	292.40
943.79	298.40
944.08	294.20
944.38	292.40
944.68	295.00
944.97	293.00
945.27	290.80
945.56	287.80
945.86	287.40
946.15	286.20
946.45	286.80
946.74	284.20
947.04	283.00
947.34	282.40
947.63	279.40
947.93	282.00
948.22	277.40
948.52	276.00
948.81	275.60
949.11	275.00
949.40	275.60
949.70	275.40
949.99	268.60
950.29	274.00
950.58	269.40
950.87	271.60
951.17	268.00
951.46	268.80
951.76	265.00
952.05	266.20
952.35	261.40
952.64	265.80
952.94	264.00
953.23	262.20
953.52	258.40
953.82	259.60
954.11	258.20
954.41	259.60
954.70	256.40
954.99	256.20
955.29	256.60
955.58	253.80
955.87	254.40
956.17	249.80
956.46	253.40
956.76	253.00
957.05	248.20
957.34	250.20
957.64	245.00
957.93	248.40
958.22	246.20
958.52	241.60
958.81	241.40
959.10	242.00
959.39	242.60
959.69	239.80
959.98	240.20
960.27	237.40
960.57	240.20
960.86	234.20
961.15	239.00
961.44	237.00
961.74	234.80
962.03	234.60
962.32	234.00
962.61	233.00
962.91	229.40
963.20	229.60
963.49	229.40
963.78	230.40
964.07	224.40
964.37	228.00
964.66	225.40
964.95	222.20
965.24	222.80
965.53	224.60
965.83	218.00
966.12	217.80
966.41	218.20
966.70	220.80
966.99	217.80
967.28	216.20
967.57	219.00
967.87	216.80
968.16	216.80
968.45	212.40
968.74	213.40
969.03	211.40
969.32	212.60
969.61	210.80
969.90	210.60
970.19	210.20
970.49	209.20
970.78	205.60
971.07	208.80
971.36	207.80
971.65	205.80
971.94	204.20
972.23	204.40
972.52	203.20
972.81	204.40
973.10	199.40
973.39	201.60
973.68	201.20
973.97	198.20
974.26	199.60
974.55	199.40
974.84	196.40
975.13	196.80
975.42	194.40
975.71	197.20
976.00	195.00
976.29	190.80
976.58	192.00
976.87	189.80
977.16	187.60
977.45	189.40
977.74	188.60
978.03	190.60
978.32	187.80
978.60	187.80
978.89	184.40
979.18	186.00
979.47	184.60
979.76	184.00
980.05	185.00
980.34	183.80
980.63	182.00
980.92	184.40
981.20	179.80
981.49	181.40
981.78	181.40
982.07	180.60
982.36	176.80
982.65	177.00
982.94	176.60
983.22	177.00
983.51	177.00
983.80	176.60
984.09	179.80
984.38	175.20
984.66	173.80
984.95	173.00
985.24	175.80
985.53	173.40
985.82	173.00
986.10	171.20
986.39	171.40
986.68	171.00
986.97	168.80
987.25	170.20
987.54	170.80
987.83	170.20
988.12	172.00
988.40	168.60
988.69	166.40
988.98	167.80
989.26	167.20
989.55	166.60
989.84	167.00
990.12	166.60
990.41	166.00
990.70	164.40
990.98	165.60
991.27	165.60
991.56	164.20
991.84	163.60
992.13	159.20
992.42	161.20
992.70	161.80
992.99	162.20
993.28	160.20
993.56	160.80
993.85	158.80
994.13	157.40
994.42	158.00
994.71	159.80
994.99	158.60
995.28	157.80
995.56	158.20
995.85	160.20
996.14	156.80
996.42	153.20
996.71	154.80
996.99	155.00
997.28	155.40
997.56	154.00
997.85	153.20
998.13	152.20
998.42	154.20
998.70	153.60
998.99	151.40
999.27	152.60
999.56	150.00
999.84	150.20
1000.13	151.40
1000.41	149.00
1000.70	150.40
1000.98	150.40
1001.27	149.20
1001.55	150.40
1001.84	151.20
1002.12	150.00
1002.40	150.60
1002.69	149.20
1002.97	147.00
1003.26	148.00
1003.54	146.60
1003.83	146.40
1004.11	146.00
1004.39	147.00
1004.68	145.20
1004.96	147.20
1005.24	145.60
1005.53	146.60
1005.81	144.00
1006.10	146.60
1006.38	144.40
1006.66	143.60
1006.95	143.00
1007.23	142.60
1007.51	146.00
1007.80	145.00
1008.08	143.00
1008.36	141.60
1008.65	143.20
1008.93	142.80
1009.21	141.80
1009.49	143.00
1009.78	142.40
1010.06	139.80
1010.34	140.20
1010.63	140.80
1010.91	140.80
1011.19	142.00
1011.47	140.40
1011.76	140.00
1012.04	139.00
1012.32	139.80
1012.60	138.80
1012.88	137.20
1013.17	137.80
1013.45	137.40
1013.73	137.60
1014.01	137.20
1014.29	139.60
1014.58	138.80
1014.86	137.20
1015.14	136.60
1015.42	138.00
1015.70	138.00
1015.98	136.60
1016.27	136.00
1016.55	135.60
1016.83	133.80
1017.11	136.00
1017.39	135.00
1017.67	135.80
1017.95	134.80
1018.23	133.80
1018.52	133.20
1018.80	132.40
1019.08	131.80
1019.36	133.80
1019.64	133.00
1019.92	132.00
1020.20	132.00
1020.48	132.40
1020.76	133.60
1021.04	132.40
1021.32	131.20
1021.60	130.00
1021.88	131.20
1022.16	132.80
1022.44	131.40
1022.72	131.60
