	0.0	
339.41	0.00
339.79	103.80
340.17	105.20
340.55	106.20
340.94	107.40
341.32	108.80
341.70	110.80
342.08	111.40
342.46	112.00
342.84	113.00
343.22	114.20
343.60	114.20
343.98	113.60
344.36	112.60
344.74	113.40
345.12	114.40
345.50	114.20
345.88	112.00
346.26	111.20
346.64	112.80
347.02	114.00
347.40	114.60
347.78	115.00
348.15	113.60
348.53	114.00
348.91	116.40
349.29	119.60
349.67	119.40
350.05	118.60
350.43	119.00
350.81	118.60
351.19	118.60
351.57	118.60
351.95	119.20
352.33	119.60
352.71	118.80
353.09	121.00
353.47	120.80
353.84	121.00
354.22	120.80
354.60	120.40
354.98	120.20
355.36	121.80
355.74	121.40
356.12	120.80
356.50	120.80
356.88	122.40
357.25	122.60
357.63	121.60
358.01	121.60
358.39	121.40
358.77	123.20
359.15	124.40
359.53	123.20
359.90	123.60
360.28	124.80
360.66	123.80
361.04	124.20
361.42	124.80
361.80	124.80
362.17	124.60
362.55	125.00
362.93	125.80
363.31	126.40
363.69	126.00
364.06	125.80
364.44	125.20
364.82	125.40
365.20	126.60
365.58	127.20
365.95	128.00
366.33	128.40
366.71	127.60
367.09	127.80
367.46	128.80
367.84	129.20
368.22	128.20
368.60	129.20
368.97	128.60
369.35	128.40
369.73	129.60
370.11	130.40
370.48	131.20
370.86	132.80
371.24	132.40
371.62	132.20
371.99	132.20
372.37	134.20
372.75	133.00
373.12	134.00
373.50	135.20
373.88	134.20
374.25	135.40
374.63	135.20
375.01	136.40
375.38	137.20
375.76	137.00
376.14	137.40
376.51	138.00
376.89	136.60
377.27	138.80
377.64	139.20
378.02	140.00
378.40	139.60
378.77	140.00
379.15	143.40
379.53	143.20
379.90	144.60
380.28	143.40
380.66	143.80
381.03	145.80
381.41	144.60
381.78	145.20
382.16	145.40
382.54	146.00
382.91	149.40
383.29	151.20
383.66	150.80
384.04	149.60
384.42	149.20
384.79	151.80
385.17	153.40
385.54	153.60
385.92	155.20
386.29	153.20
386.67	157.20
387.05	154.80
387.42	155.60
387.80	159.20
388.17	161.60
388.55	162.80
388.92	161.20
389.30	165.60
389.67	164.40
390.05	165.80
390.42	166.40
390.80	168.80
391.17	168.80
391.55	167.00
391.92	171.40
392.30	171.00
392.67	172.40
393.05	173.80
393.42	178.00
393.80	175.40
394.17	177.80
394.55	176.20
394.92	176.40
395.30	178.80
395.67	184.00
396.05	183.60
396.42	183.60
396.80	186.20
397.17	188.80
397.55	186.00
397.92	193.00
398.29	192.20
398.67	192.40
399.04	193.60
399.42	194.40
399.79	192.80
400.17	198.20
400.54	194.40
400.91	197.20
401.29	197.60
401.66	200.40
402.04	202.20
402.41	200.20
402.78	204.60
403.16	205.60
403.53	208.60
403.90	213.20
404.28	210.00
404.65	216.20
405.03	216.20
405.40	218.20
405.77	216.20
406.15	217.40
406.52	218.00
406.89	220.60
407.27	216.20
407.64	226.20
408.01	228.20
408.39	229.20
408.76	229.60
409.13	229.60
409.51	235.20
409.88	233.40
410.25	234.80
410.62	237.40
411.00	241.80
411.37	240.20
411.74	238.60
412.12	246.80
412.49	244.00
412.86	250.40
413.23	249.60
413.61	252.40
413.98	258.20
414.35	256.80
414.73	259.20
415.10	254.80
415.47	266.60
415.84	263.20
416.22	260.20
416.59	260.40
416.96	265.40
417.33	271.00
417.70	271.40
418.08	279.80
418.45	274.80
418.82	279.40
419.19	281.80
419.57	287.60
419.94	282.00
420.31	295.00
420.68	291.40
421.05	289.80
421.42	295.20
421.80	289.20
422.17	298.00
422.54	310.00
422.91	301.20
423.28	301.20
423.65	304.00
424.03	308.80
424.40	312.60
424.77	314.80
425.14	316.60
425.51	313.20
425.88	319.40
426.25	321.80
426.63	328.20
427.00	325.20
427.37	336.80
427.74	346.40
428.11	337.40
428.48	348.40
428.85	345.80
429.22	345.00
429.59	352.60
429.97	354.60
430.34	352.40
430.71	357.00
431.08	362.80
431.45	370.40
431.82	369.80
432.19	371.60
432.56	377.00
432.93	380.40
433.30	381.40
433.67	388.00
434.04	386.40
434.41	396.20
434.78	393.60
435.15	398.80
435.52	412.60
435.89	416.40
436.26	415.20
436.63	415.60
437.00	419.80
437.37	423.40
437.74	417.00
438.11	435.60
438.48	427.60
438.85	441.60
439.22	450.20
439.59	461.60
439.96	449.60
440.33	457.20
440.70	469.20
441.07	464.60
441.44	476.20
441.81	465.40
442.18	472.60
442.55	479.00
442.92	484.40
443.29	482.40
443.66	468.00
444.03	487.80
444.40	490.40
444.77	497.20
445.14	498.60
445.51	514.60
445.88	508.20
446.24	511.00
446.61	514.80
446.98	508.40
447.35	530.00
447.72	530.00
448.09	524.40
448.46	519.60
448.83	530.00
449.20	526.80
449.56	532.80
449.93	538.80
450.30	538.60
450.67	552.80
451.04	536.80
451.41	539.20
451.78	562.00
452.14	555.40
452.51	555.40
452.88	561.60
453.25	549.20
453.62	566.40
453.99	558.80
454.35	565.40
454.72	574.00
455.09	577.00
455.46	584.60
455.83	601.60
456.19	599.20
456.56	596.00
456.93	599.20
457.30	605.80
457.66	602.80
458.03	612.80
458.40	607.20
458.77	617.80
459.14	634.00
459.50	618.20
459.87	601.20
460.24	632.20
460.61	633.00
460.97	641.20
461.34	630.20
461.71	641.40
462.07	639.20
462.44	659.60
462.81	674.80
463.18	662.80
463.54	663.40
463.91	690.60
464.28	676.60
464.64	685.00
465.01	684.40
465.38	708.20
465.75	687.60
466.11	706.60
466.48	709.00
466.85	704.60
467.21	700.80
467.58	724.00
467.95	728.60
468.31	732.60
468.68	742.80
469.04	757.00
469.41	772.60
469.78	760.80
470.14	766.20
470.51	772.20
470.88	782.40
471.24	786.00
471.61	806.60
471.98	801.80
472.34	827.20
472.71	826.60
473.07	839.20
473.44	836.40
473.81	855.60
474.17	853.40
474.54	867.60
474.90	875.60
475.27	873.40
475.63	895.20
476.00	900.00
476.37	904.00
476.73	905.00
477.10	938.20
477.46	941.60
477.83	933.40
478.19	948.80
478.56	973.00
478.92	982.20
479.29	986.00
479.65	988.00
480.02	1000.00
480.38	1013.20
480.75	1030.60
481.11	1036.40
481.48	1046.00
481.84	1050.40
482.21	1068.00
482.57	1078.60
482.94	1088.00
483.30	1099.20
483.67	1112.60
484.03	1109.40
484.40	1126.60
484.76	1135.00
485.13	1141.00
485.49	1156.40
485.86	1167.80
486.22	1168.00
486.59	1188.60
486.95	1191.00
487.31	1202.80
487.68	1207.00
488.04	1220.60
488.41	1241.20
488.77	1229.40
489.14	1241.60
489.50	1248.40
489.86	1262.80
490.23	1273.40
490.59	1270.60
490.96	1294.60
491.32	1292.40
491.68	1305.20
492.05	1307.20
492.41	1314.20
492.77	1332.40
493.14	1329.60
493.50	1334.60
493.87	1343.80
494.23	1351.80
494.59	1362.00
494.96	1374.00
495.32	1367.80
495.68	1378.20
496.05	1394.60
496.41	1390.20
496.77	1397.20
497.14	1394.80
497.50	1407.40
497.86	1412.60
498.23	1411.60
498.59	1407.00
498.95	1419.00
499.31	1432.80
499.68	1435.40
500.04	1444.80
500.40	1442.80
500.77	1442.00
501.13	1447.20
501.49	1448.60
501.85	1443.00
502.22	1457.80
502.58	1465.40
502.94	1475.40
503.30	1471.80
503.67	1471.20
504.03	1484.00
504.39	1475.40
504.75	1493.80
505.12	1492.40
505.48	1492.60
505.84	1493.80
506.20	1503.00
506.56	1507.60
506.93	1496.00
507.29	1526.40
507.65	1504.80
508.01	1523.40
508.37	1531.20
508.74	1522.80
509.10	1541.80
509.46	1549.40
509.82	1539.60
510.18	1547.60
510.54	1550.20
510.91	1550.20
511.27	1550.20
511.63	1567.20
511.99	1569.20
512.35	1571.80
512.71	1565.80
513.07	1579.40
513.43	1578.00
513.80	1578.20
514.16	1588.80
514.52	1599.60
514.88	1609.20
515.24	1616.20
515.60	1624.60
515.96	1626.80
516.32	1627.60
516.68	1641.80
517.04	1642.60
517.41	1634.60
517.77	1652.00
518.13	1643.80
518.49	1657.00
518.85	1665.60
519.21	1667.00
519.57	1672.40
519.93	1679.40
520.29	1683.60
520.65	1697.80
521.01	1707.80
521.37	1701.60
521.73	1697.20
522.09	1716.80
522.45	1726.40
522.81	1719.20
523.17	1739.20
523.53	1735.00
523.89	1729.20
524.25	1746.20
524.61	1744.40
524.97	1738.80
525.33	1757.40
525.69	1744.20
526.05	1769.80
526.41	1778.40
526.77	1777.40
527.13	1783.60
527.49	1800.40
527.85	1777.80
528.21	1815.40
528.57	1815.60
528.93	1812.60
529.29	1818.60
529.65	1816.80
530.00	1819.60
530.36	1822.80
530.72	1844.60
531.08	1831.60
531.44	1839.40
531.80	1849.00
532.16	1858.60
532.52	1849.00
532.88	1863.80
533.24	1845.60
533.59	1867.00
533.95	1852.00
534.31	1881.00
534.67	1863.20
535.03	1884.60
535.39	1875.20
535.75	1894.20
536.11	1886.60
536.46	1884.40
536.82	1876.20
537.18	1892.80
537.54	1908.80
537.90	1914.60
538.26	1899.40
538.61	1897.60
538.97	1932.00
539.33	1914.60
539.69	1922.40
540.05	1927.20
540.40	1916.80
540.76	1927.20
541.12	1925.40
541.48	1953.80
541.84	1939.60
542.19	1931.80
542.55	1954.00
542.91	1942.00
543.27	1954.80
543.62	1962.40
543.98	1943.20
544.34	1939.00
544.70	1974.80
545.05	1978.20
545.41	1968.80
545.77	1958.80
546.12	1981.00
546.48	1972.80
546.84	1965.00
547.20	1970.20
547.55	1981.80
547.91	2012.80
548.27	1979.00
548.62	1987.80
548.98	2000.20
549.34	1995.00
549.69	2012.40
550.05	1997.00
550.41	2016.60
550.77	1998.20
551.12	1998.20
551.48	2005.40
551.83	2024.80
552.19	2014.40
552.55	2021.40
552.90	2023.40
553.26	2042.00
553.62	2039.20
553.97	2039.80
554.33	2041.80
554.69	2040.00
555.04	2042.80
555.40	2041.40
555.75	2059.00
556.11	2071.00
556.47	2068.40
556.82	2078.40
557.18	2083.20
557.53	2067.40
557.89	2082.80
558.24	2092.60
558.60	2080.80
558.96	2105.00
559.31	2096.20
559.67	2105.00
560.02	2106.00
560.38	2085.20
560.73	2114.00
561.09	2125.40
561.44	2133.00
561.80	2116.40
562.16	2128.60
562.51	2127.80
562.87	2151.00
563.22	2147.20
563.58	2143.60
563.93	2160.20
564.29	2148.40
564.64	2173.20
565.00	2167.00
565.35	2160.40
565.71	2150.80
566.06	2176.80
566.41	2201.00
566.77	2175.00
567.12	2202.00
567.48	2197.80
567.83	2204.80
568.19	2206.20
568.54	2215.40
568.90	2217.80
569.25	2218.00
569.60	2227.40
569.96	2238.80
570.31	2224.00
570.67	2242.40
571.02	2243.40
571.38	2245.20
571.73	2243.40
572.08	2284.60
572.44	2252.40
572.79	2259.60
573.15	2262.20
573.50	2245.40
573.85	2275.00
574.21	2261.40
574.56	2255.20
574.91	2280.80
575.27	2256.20
575.62	2265.40
575.97	2267.20
576.33	2257.40
576.68	2278.40
577.03	2272.80
577.39	2263.00
577.74	2270.00
578.09	2272.00
578.45	2278.00
578.80	2271.60
579.15	2252.00
579.51	2270.20
579.86	2274.00
580.21	2277.20
580.57	2278.20
580.92	2277.00
581.27	2278.80
581.62	2268.00
581.98	2259.00
582.33	2274.60
582.68	2266.80
583.03	2278.40
583.39	2280.00
583.74	2277.00
584.09	2266.00
584.44	2279.20
584.80	2277.80
585.15	2255.60
585.50	2266.00
585.85	2272.00
586.21	2259.20
586.56	2268.60
586.91	2272.00
587.26	2272.80
587.61	2279.40
587.97	2236.40
588.32	2265.80
588.67	2258.60
589.02	2268.80
589.37	2241.80
589.73	2254.20
590.08	2267.60
590.43	2254.20
590.78	2261.60
591.13	2249.20
591.48	2260.80
591.83	2253.60
592.19	2249.60
592.54	2256.20
592.89	2248.40
593.24	2276.00
593.59	2257.80
593.94	2252.60
594.29	2273.20
594.64	2271.60
595.00	2278.20
595.35	2280.20
595.70	2258.20
596.05	2262.80
596.40	2256.40
596.75	2265.20
597.10	2276.00
597.45	2256.00
597.80	2268.60
598.15	2270.00
598.50	2275.60
598.85	2284.60
599.20	2277.20
599.55	2269.60
599.90	2275.00
600.26	2273.60
600.61	2280.60
600.96	2285.00
601.31	2285.40
601.66	2296.00
602.01	2276.20
602.36	2284.20
602.71	2279.20
603.06	2290.40
603.41	2289.20
603.76	2299.20
604.11	2300.40
604.46	2287.20
604.81	2300.20
605.16	2293.80
605.50	2300.60
605.85	2308.20
606.20	2315.00
606.55	2318.00
606.90	2301.20
607.25	2311.00
607.60	2320.20
607.95	2313.80
608.30	2309.60
608.65	2322.00
609.00	2321.00
609.35	2320.20
609.70	2335.40
610.05	2327.00
610.40	2342.60
610.74	2337.40
611.09	2336.20
611.44	2335.20
611.79	2354.60
612.14	2354.60
612.49	2353.60
612.84	2340.20
613.19	2354.20
613.53	2345.80
613.88	2376.40
614.23	2350.00
614.58	2357.60
614.93	2364.00
615.28	2355.40
615.62	2364.00
615.97	2377.40
616.32	2373.20
616.67	2370.60
617.02	2364.00
617.37	2371.80
617.71	2371.00
618.06	2398.40
618.41	2388.60
618.76	2378.20
619.11	2384.40
619.45	2383.60
619.80	2397.80
620.15	2366.60
620.50	2370.00
620.84	2398.60
621.19	2391.60
621.54	2377.40
621.89	2394.60
622.23	2370.00
622.58	2379.40
622.93	2367.60
623.28	2399.60
623.62	2381.20
623.97	2387.80
624.32	2412.00
624.66	2392.20
625.01	2382.40
625.36	2368.60
625.71	2365.20
626.05	2386.00
626.40	2390.20
626.75	2373.60
627.09	2373.60
627.44	2366.00
627.79	2370.20
628.13	2337.00
628.48	2354.80
628.83	2350.60
629.17	2328.20
629.52	2359.60
629.87	2355.00
630.21	2357.20
630.56	2365.00
630.90	2351.60
631.25	2361.40
631.60	2332.60
631.94	2332.60
632.29	2340.00
632.63	2341.60
632.98	2316.80
633.33	2305.20
633.67	2307.40
634.02	2314.20
634.36	2306.40
634.71	2288.00
635.06	2329.60
635.40	2288.20
635.75	2328.20
636.09	2290.00
636.44	2298.80
636.78	2282.00
637.13	2286.20
637.47	2258.20
637.82	2274.60
638.16	2242.20
638.51	2267.00
638.86	2242.40
639.20	2262.80
639.55	2250.00
639.89	2243.60
640.24	2234.80
640.58	2238.80
640.93	2230.20
641.27	2216.00
641.62	2242.40
641.96	2225.80
642.30	2202.80
642.65	2212.40
642.99	2213.40
643.34	2191.40
643.68	2204.00
644.03	2200.20
644.37	2193.40
644.72	2188.60
645.06	2188.40
645.40	2190.00
645.75	2188.80
646.09	2169.40
646.44	2195.40
646.78	2174.40
647.13	2166.20
647.47	2166.40
647.81	2174.20
648.16	2138.40
648.50	2157.60
648.85	2140.20
649.19	2136.80
649.53	2150.40
649.88	2137.40
650.22	2176.20
650.56	2147.20
650.91	2141.60
651.25	2138.60
651.59	2130.80
651.94	2141.20
652.28	2139.60
652.62	2132.60
652.97	2139.20
653.31	2138.80
653.65	2119.60
654.00	2127.00
654.34	2116.40
654.68	2111.00
655.03	2103.60
655.37	2103.60
655.71	2116.00
656.05	2105.60
656.40	2103.60
656.74	2095.00
657.08	2106.40
657.43	2124.60
657.77	2084.40
658.11	2114.80
658.45	2105.60
658.80	2091.20
659.14	2101.40
659.48	2089.20
659.82	2105.00
660.16	2098.40
660.51	2086.20
660.85	2092.80
661.19	2086.40
661.53	2095.60
661.87	2101.00
662.22	2107.00
662.56	2088.00
662.90	2118.40
663.24	2089.40
663.58	2087.40
663.93	2094.00
664.27	2073.60
664.61	2096.20
664.95	2090.20
665.29	2076.80
665.63	2069.60
665.98	2081.80
666.32	2073.40
666.66	2065.40
667.00	2065.40
667.34	2076.00
667.68	2078.20
668.02	2056.00
668.36	2093.20
668.70	2083.00
669.05	2054.00
669.39	2081.00
669.73	2077.20
670.07	2069.60
670.41	2070.60
670.75	2080.20
671.09	2073.60
671.43	2071.20
671.77	2068.20
672.11	2062.40
672.45	2054.60
672.79	2038.20
673.13	2074.00
673.47	2047.60
673.81	2064.40
674.16	2043.00
674.50	2063.60
674.84	2047.80
675.18	2040.40
675.52	2057.60
675.86	2032.60
676.20	2060.00
676.54	2033.60
676.88	2016.20
677.22	2036.20
677.56	2007.80
677.90	2033.80
678.23	2010.60
678.57	2011.00
678.91	2025.80
679.25	2021.40
679.59	2013.00
679.93	2000.80
680.27	2017.00
680.61	2000.80
680.95	2001.20
681.29	1993.80
681.63	1986.40
681.97	1996.60
682.31	1981.60
682.65	1979.20
682.99	2003.80
683.32	1970.80
683.66	1983.20
684.00	1975.00
684.34	1968.20
684.68	1933.00
685.02	1970.00
685.36	1938.40
685.70	1947.80
686.03	1943.00
686.37	1944.40
686.71	1935.60
687.05	1909.80
687.39	1919.00
687.73	1907.20
688.07	1903.80
688.40	1902.80
688.74	1903.20
689.08	1892.80
689.42	1909.40
689.76	1893.60
690.09	1885.00
690.43	1857.00
690.77	1886.40
691.11	1850.80
691.45	1845.80
691.78	1864.40
692.12	1856.40
692.46	1846.00
692.80	1839.20
693.13	1840.80
693.47	1820.00
693.81	1825.60
694.15	1817.00
694.48	1811.40
694.82	1788.20
695.16	1797.00
695.50	1793.40
695.83	1776.60
696.17	1781.00
696.51	1780.00
696.84	1762.80
697.18	1771.40
697.52	1755.80
697.85	1751.20
698.19	1768.40
698.53	1745.40
698.87	1740.20
699.20	1722.40
699.54	1715.40
699.88	1724.40
700.21	1720.80
700.55	1699.20
700.88	1706.20
701.22	1693.00
701.56	1701.40
701.89	1688.60
702.23	1686.40
702.57	1691.80
702.90	1668.00
703.24	1678.20
703.57	1665.60
703.91	1659.60
704.25	1664.80
704.58	1660.00
704.92	1654.00
705.25	1640.20
705.59	1633.00
705.93	1622.80
706.26	1634.00
706.60	1630.00
706.93	1614.80
707.27	1600.00
707.60	1622.00
707.94	1596.20
708.27	1592.80
708.61	1608.80
708.95	1597.20
709.28	1574.00
709.62	1578.80
709.95	1582.20
710.29	1579.20
710.62	1568.80
710.96	1560.40
711.29	1564.40
711.63	1563.80
711.96	1560.40
712.30	1559.00
712.63	1543.80
712.96	1535.80
713.30	1538.40
713.63	1541.60
713.97	1539.80
714.30	1534.20
714.64	1515.20
714.97	1530.40
715.31	1524.20
715.64	1523.00
715.97	1521.00
716.31	1518.80
716.64	1500.60
716.98	1509.20
717.31	1506.20
717.64	1503.20
717.98	1492.40
718.31	1499.00
718.65	1487.00
718.98	1479.40
719.31	1493.60
719.65	1488.00
719.98	1475.60
720.32	1465.60
720.65	1476.00
720.98	1472.40
721.32	1469.40
721.65	1466.80
721.98	1463.60
722.32	1472.60
722.65	1453.60
722.98	1474.40
723.32	1455.40
723.65	1454.20
723.98	1454.40
724.31	1436.00
724.65	1452.80
724.98	1451.40
725.31	1433.60
725.65	1448.00
725.98	1448.40
726.31	1437.00
726.64	1430.80
726.98	1439.60
727.31	1428.00
727.64	1438.00
727.97	1439.80
728.31	1436.60
728.64	1431.20
728.97	1429.00
729.30	1432.80
729.64	1441.00
729.97	1417.40
730.30	1415.00
730.63	1405.60
730.96	1417.40
731.30	1405.20
731.63	1420.20
731.96	1402.80
732.29	1415.60
732.62	1416.20
732.96	1393.20
733.29	1399.60
733.62	1394.80
733.95	1397.80
734.28	1401.60
734.61	1378.20
734.94	1402.40
735.28	1395.40
735.61	1378.20
735.94	1388.80
736.27	1387.60
736.60	1388.00
736.93	1388.40
737.26	1392.20
737.59	1387.60
737.92	1389.60
738.26	1381.20
738.59	1361.00
738.92	1372.60
739.25	1361.20
739.58	1354.00
739.91	1354.60
740.24	1368.40
740.57	1355.00
740.90	1364.60
741.23	1351.20
741.56	1342.80
741.89	1351.80
742.22	1337.40
742.55	1362.00
742.88	1364.40
743.21	1337.60
743.54	1346.40
743.87	1345.60
744.20	1348.20
744.53	1332.40
744.86	1343.60
745.19	1329.00
745.52	1325.40
745.85	1332.80
746.18	1322.20
746.51	1324.00
746.84	1328.80
747.17	1317.40
747.50	1306.60
747.83	1308.80
748.16	1307.20
748.49	1301.20
748.82	1295.20
749.15	1293.40
749.48	1313.00
749.81	1302.60
750.14	1284.00
750.46	1297.60
750.79	1273.20
751.12	1287.00
751.45	1278.40
751.78	1268.60
752.11	1271.80
752.44	1271.60
752.77	1265.80
753.10	1260.80
753.42	1258.40
753.75	1255.40
754.08	1269.80
754.41	1244.20
754.74	1242.00
755.07	1234.60
755.39	1223.60
755.72	1233.40
756.05	1226.40
756.38	1225.80
756.71	1232.40
757.04	1214.00
757.36	1209.20
757.69	1201.00
758.02	1213.60
758.35	1200.00
758.67	1199.20
759.00	1206.20
759.33	1184.80
759.66	1181.80
759.99	1174.40
760.31	1170.20
760.64	1167.00
760.97	1166.20
761.30	1158.80
761.62	1162.80
761.95	1151.80
762.28	1148.00
762.60	1137.60
762.93	1135.00
763.26	1145.80
763.59	1131.60
763.91	1135.80
764.24	1117.60
764.57	1126.60
764.89	1114.80
765.22	1109.80
765.55	1106.00
765.87	1107.40
766.20	1083.80
766.53	1083.40
766.85	1088.40
767.18	1083.80
767.51	1081.00
767.83	1069.60
768.16	1070.00
768.48	1069.20
768.81	1059.20
769.14	1056.60
769.46	1058.00
769.79	1052.40
770.12	1041.00
770.44	1040.00
770.77	1037.80
771.09	1023.60
771.42	1015.00
771.74	1018.80
772.07	1027.40
772.40	1007.80
772.72	1014.20
773.05	1001.20
773.37	1001.40
773.70	984.20
774.02	982.60
774.35	981.80
774.67	962.60
775.00	973.40
775.32	968.80
775.65	956.80
775.97	960.80
776.30	956.40
776.63	945.00
776.95	951.80
777.27	940.00
777.60	930.20
777.92	920.00
778.25	932.40
778.57	931.00
778.90	926.60
779.22	906.60
779.55	916.00
779.87	911.80
780.20	908.00
780.52	905.20
780.85	902.60
781.17	886.00
781.49	885.20
781.82	887.20
782.14	877.00
782.47	880.60
782.79	874.00
783.11	874.80
783.44	866.80
783.76	866.60
784.09	854.60
784.41	852.80
784.73	839.00
785.06	841.40
785.38	832.60
785.70	833.20
786.03	830.40
786.35	828.20
786.67	820.20
787.00	823.60
787.32	813.80
787.64	810.80
787.97	809.60
788.29	802.60
788.61	809.80
788.94	811.00
789.26	804.60
789.58	804.00
789.91	809.80
790.23	811.60
790.55	810.40
790.87	793.80
791.20	803.20
791.52	801.80
791.84	795.20
792.16	802.00
792.49	792.00
792.81	796.60
793.13	800.20
793.45	790.20
793.78	801.00
794.10	792.60
794.42	791.60
794.74	793.40
795.06	788.20
795.39	794.40
795.71	793.60
796.03	799.40
796.35	800.00
796.67	795.60
797.00	794.20
797.32	801.20
797.64	793.80
797.96	799.00
798.28	799.60
798.60	810.00
798.93	794.40
799.25	797.20
799.57	797.60
799.89	796.40
800.21	788.80
800.53	789.60
800.85	804.80
801.17	798.40
801.50	796.40
801.82	791.20
802.14	795.40
802.46	792.00
802.78	791.60
803.10	800.00
803.42	795.80
803.74	792.80
804.06	786.80
804.38	793.40
804.70	786.80
805.02	792.40
805.34	796.80
805.66	789.20
805.98	790.00
806.30	794.80
806.62	784.00
806.94	791.80
807.26	782.20
807.58	775.60
807.90	785.40
808.22	781.80
808.54	789.80
808.86	785.80
809.18	780.60
809.50	785.60
809.82	788.20
810.14	775.60
810.46	782.00
810.78	780.60
811.10	785.40
811.42	783.00
811.74	771.40
812.06	783.00
812.38	778.60
812.70	765.40
813.02	768.40
813.34	771.00
813.66	768.40
813.97	769.20
814.29	761.60
814.61	757.80
814.93	766.80
815.25	768.40
815.57	761.40
815.89	764.20
816.21	753.60
816.52	764.00
816.84	758.20
817.16	758.20
817.48	754.20
817.80	758.20
818.12	754.60
818.43	755.00
818.75	758.80
819.07	745.80
819.39	743.60
819.71	742.80
820.03	741.20
820.34	750.20
820.66	744.60
820.98	729.80
821.30	736.00
821.61	732.20
821.93	741.40
822.25	740.80
822.57	730.40
822.88	729.40
823.20	724.40
823.52	733.40
823.84	732.40
824.15	727.80
824.47	727.00
824.79	729.20
825.11	722.00
825.42	719.80
825.74	717.60
826.06	727.40
826.37	718.20
826.69	716.80
827.01	720.60
827.32	717.20
827.64	716.60
827.96	705.20
828.27	714.80
828.59	715.80
828.91	706.80
829.22	710.20
829.54	700.40
829.86	701.40
830.17	693.20
830.49	699.40
830.81	699.40
831.12	697.80
831.44	694.60
831.75	699.20
832.07	696.20
832.39	696.60
832.70	693.20
833.02	683.60
833.33	683.60
833.65	686.80
833.96	690.40
834.28	690.60
834.60	688.80
834.91	676.60
835.23	680.80
835.54	677.00
835.86	679.60
836.17	680.80
836.49	674.20
836.80	674.40
837.12	675.00
837.43	676.40
837.75	667.60
838.06	672.40
838.38	662.60
838.69	669.00
839.01	654.40
839.32	660.80
839.64	657.80
839.95	670.00
840.27	655.20
840.58	654.00
840.90	644.80
841.21	655.80
841.53	644.20
841.84	648.80
842.15	640.20
842.47	640.60
842.78	637.80
843.10	638.60
843.41	643.20
843.72	635.80
844.04	629.80
844.35	628.00
844.67	623.00
844.98	627.00
845.29	627.40
845.61	620.80
845.92	624.00
846.23	618.40
846.55	629.20
846.86	614.40
847.18	613.40
847.49	609.00
847.80	614.00
848.12	604.20
848.43	597.80
848.74	603.00
849.05	595.40
849.37	592.20
849.68	594.20
849.99	591.00
850.31	586.60
850.62	582.60
850.93	588.00
851.24	587.60
851.56	579.00
851.87	574.40
852.18	575.60
852.50	578.60
852.81	574.20
853.12	573.60
853.43	576.40
853.74	570.20
854.06	567.00
854.37	561.00
854.68	561.20
854.99	560.20
855.31	552.00
855.62	552.00
855.93	548.80
856.24	543.80
856.55	544.40
856.87	540.80
857.18	538.60
857.49	544.00
857.80	538.80
858.11	524.60
858.42	523.60
858.73	528.20
859.05	527.60
859.36	519.40
859.67	519.60
859.98	519.40
860.29	512.20
860.60	516.80
860.91	508.40
861.22	513.80
861.54	509.80
861.85	511.80
862.16	509.60
862.47	495.20
862.78	500.00
863.09	497.00
863.40	497.00
863.71	495.00
864.02	491.60
864.33	491.20
864.64	484.40
864.95	482.40
865.26	474.80
865.57	478.80
865.88	474.60
866.19	480.80
866.50	466.80
866.81	471.60
867.12	464.00
867.43	470.80
867.74	466.40
868.05	461.80
868.36	463.20
868.67	459.00
868.98	460.20
869.29	453.60
869.60	453.20
869.91	452.00
870.22	450.00
870.53	448.40
870.84	441.60
871.15	442.00
871.46	439.00
871.77	436.60
872.08	435.40
872.39	435.40
872.69	426.40
873.00	427.20
873.31	418.00
873.62	424.00
873.93	416.60
874.24	418.40
874.55	415.60
874.86	412.20
875.16	409.60
875.47	413.00
875.78	406.00
876.09	405.80
876.40	403.00
876.71	400.20
877.01	403.40
877.32	399.60
877.63	398.60
877.94	395.40
878.25	392.60
878.56	386.00
878.86	389.60
879.17	386.40
879.48	380.60
879.79	384.80
880.09	381.20
880.40	381.60
880.71	376.80
881.02	376.00
881.32	371.20
881.63	370.60
881.94	371.40
882.25	370.20
882.55	369.60
882.86	364.80
883.17	367.60
883.48	367.20
883.78	362.20
884.09	358.60
884.40	358.60
884.70	363.80
885.01	357.20
885.32	365.40
885.62	362.40
885.93	356.00
886.24	363.20
886.54	355.00
886.85	353.00
887.16	358.20
887.46	351.80
887.77	354.00
888.08	355.80
888.38	355.80
888.69	357.40
888.99	344.60
889.30	348.80
889.61	345.80
889.91	347.80
890.22	348.40
890.52	351.80
890.83	350.20
891.14	346.40
891.44	346.00
891.75	349.60
892.05	344.60
892.36	345.40
892.66	348.80
892.97	346.80
893.27	348.00
893.58	346.80
893.89	349.40
894.19	345.60
894.50	346.80
894.80	343.60
895.11	346.20
895.41	348.00
895.72	346.00
896.02	343.00
896.33	342.20
896.63	346.40
896.93	341.80
897.24	339.80
897.54	348.80
897.85	344.40
898.15	338.80
898.46	344.00
898.76	345.20
899.07	343.00
899.37	344.60
899.67	345.60
899.98	344.40
900.28	342.20
900.59	345.80
900.89	345.80
901.19	341.60
901.50	344.00
901.80	349.00
902.11	346.80
902.41	345.80
902.71	346.00
903.02	348.40
903.32	342.60
903.62	346.60
903.93	341.20
904.23	347.00
904.53	343.20
904.84	349.00
905.14	342.40
905.44	338.00
905.75	338.00
906.05	341.80
906.35	339.60
906.66	337.80
906.96	336.60
907.26	337.80
907.56	333.80
907.87	339.00
908.17	337.20
908.47	338.80
908.77	340.60
909.08	338.20
909.38	333.60
909.68	341.20
909.98	332.40
910.29	338.60
910.59	338.60
910.89	332.80
911.19	335.80
911.50	337.80
911.80	333.80
912.10	336.20
912.40	333.20
912.70	331.80
913.00	333.80
913.31	331.40
913.61	333.40
913.91	326.80
914.21	330.60
914.51	331.80
914.81	333.00
915.12	328.00
915.42	326.20
915.72	327.80
916.02	328.00
916.32	327.00
916.62	326.20
916.92	328.40
917.22	326.80
917.52	322.40
917.83	320.40
918.13	316.60
918.43	321.60
918.73	312.20
919.03	320.00
919.33	318.40
919.63	316.40
919.93	315.00
920.23	312.40
920.53	317.80
920.83	314.00
921.13	310.60
921.43	309.20
921.73	305.20
922.03	309.80
922.33	305.60
922.63	306.60
922.93	311.00
923.23	308.40
923.53	304.20
923.83	307.20
924.13	305.20
924.43	304.60
924.73	301.60
925.03	301.00
925.33	303.80
925.63	301.60
925.93	299.00
926.23	298.60
926.53	293.60
926.83	297.00
927.13	301.80
927.42	296.60
927.72	294.40
928.02	294.20
928.32	293.20
928.62	294.60
928.92	293.60
929.22	294.00
929.52	291.80
929.82	291.40
930.11	289.40
930.41	290.80
930.71	286.40
931.01	285.40
931.31	285.20
931.61	286.00
931.90	283.60
932.20	284.20
932.50	280.00
932.80	285.80
933.10	278.20
933.39	280.00
933.69	280.80
933.99	279.80
934.29	280.00
934.59	277.80
934.88	277.40
935.18	273.40
935.48	274.00
935.78	273.20
936.07	274.80
936.37	271.40
936.67	271.80
936.97	269.40
937.26	266.60
937.56	266.60
937.86	269.60
938.15	266.20
938.45	264.20
938.75	262.00
939.05	261.80
939.34	263.80
939.64	263.20
939.94	263.80
940.23	262.00
940.53	255.20
940.83	261.40
941.12	258.00
941.42	260.20
941.71	259.60
942.01	257.20
942.31	253.80
942.60	256.40
942.90	255.80
943.20	251.80
943.49	249.80
943.79	254.40
944.08	248.80
944.38	249.40
944.68	248.00
944.97	247.40
945.27	248.00
945.56	246.40
945.86	244.60
946.15	244.60
946.45	241.80
946.74	248.00
947.04	245.80
947.34	239.00
947.63	244.40
947.93	242.20
948.22	237.40
948.52	237.00
948.81	239.00
949.11	239.60
949.40	234.60
949.70	235.80
949.99	233.00
950.29	232.60
950.58	229.40
950.87	230.40
951.17	231.40
951.46	231.60
951.76	230.00
952.05	227.00
952.35	228.40
952.64	230.80
952.94	228.20
953.23	223.60
953.52	221.60
953.82	227.40
954.11	223.60
954.41	222.20
954.70	227.00
954.99	221.40
955.29	218.80
955.58	215.80
955.87	216.60
956.17	220.00
956.46	217.60
956.76	215.80
957.05	215.40
957.34	213.20
957.64	214.20
957.93	211.80
958.22	210.60
958.52	212.80
958.81	209.00
959.10	210.40
959.39	208.20
959.69	208.20
959.98	211.20
960.27	209.00
960.57	207.00
960.86	203.00
961.15	205.60
961.44	203.40
961.74	202.80
962.03	206.40
962.32	202.80
962.61	203.80
962.91	201.20
963.20	201.80
963.49	201.60
963.78	201.20
964.07	200.40
964.37	199.80
964.66	197.40
964.95	199.00
965.24	198.00
965.53	194.20
965.83	194.40
966.12	192.20
966.41	193.00
966.70	192.40
966.99	191.20
967.28	187.40
967.57	189.60
967.87	192.80
968.16	187.80
968.45	189.60
968.74	190.20
969.03	185.40
969.32	186.60
969.61	185.20
969.90	185.80
970.19	186.80
970.49	183.20
970.78	183.40
971.07	182.00
971.36	181.20
971.65	183.20
971.94	181.00
972.23	180.40
972.52	180.00
972.81	178.40
973.10	178.40
973.39	179.00
973.68	177.60
973.97	176.40
974.26	177.60
974.55	175.60
974.84	177.40
975.13	176.40
975.42	176.20
975.71	173.40
976.00	171.80
976.29	173.20
976.58	174.80
976.87	170.80
977.16	171.40
977.45	170.40
977.74	170.40
978.03	169.00
978.32	171.00
978.60	169.00
978.89	170.00
979.18	167.20
979.47	167.20
979.76	166.00
980.05	166.00
980.34	166.60
980.63	164.20
980.92	164.60
981.20	164.00
981.49	165.80
981.78	164.20
982.07	162.80
982.36	163.40
982.65	161.80
982.94	161.80
983.22	162.00
983.51	161.20
983.80	160.80
984.09	158.80
984.38	157.80
984.66	158.20
984.95	158.60
985.24	158.60
985.53	159.00
985.82	155.80
986.10	158.80
986.39	156.40
986.68	156.00
986.97	154.80
987.25	154.80
987.54	155.20
987.83	154.00
988.12	154.00
988.40	154.40
988.69	153.60
988.98	153.60
989.26	152.60
989.55	152.00
989.84	150.20
990.12	151.20
990.41	151.60
990.70	150.20
990.98	150.00
991.27	150.20
991.56	152.20
991.84	151.20
992.13	149.20
992.42	148.80
992.70	148.20
992.99	147.40
993.28	147.40
993.56	148.60
993.85	146.20
994.13	146.80
994.42	145.80
994.71	146.80
994.99	145.40
995.28	145.60
995.56	149.20
995.85	148.00
996.14	144.80
996.42	144.20
996.71	144.20
996.99	143.40
997.28	142.60
997.56	142.00
997.85	143.60
998.13	142.20
998.42	141.60
998.70	142.20
998.99	143.40
999.27	141.20
999.56	140.40
999.84	140.00
1000.13	140.80
1000.41	140.80
1000.70	141.00
1000.98	143.20
1001.27	141.40
1001.55	140.80
1001.84	139.80
1002.12	140.20
1002.40	139.60
1002.69	139.60
1002.97	140.40
1003.26	140.40
1003.54	137.40
1003.83	138.00
1004.11	137.60
1004.39	136.20
1004.68	135.60
1004.96	138.00
1005.24	136.00
1005.53	135.20
1005.81	135.00
1006.10	135.60
1006.38	137.60
1006.66	135.00
1006.95	134.60
1007.23	135.40
1007.51	136.40
1007.80	135.00
1008.08	133.60
1008.36	132.80
1008.65	131.60
1008.93	133.60
1009.21	134.60
1009.49	135.00
1009.78	133.80
1010.06	132.80
1010.34	133.00
1010.63	133.60
1010.91	134.00
1011.19	132.60
1011.47	132.60
1011.76	132.60
1012.04	130.80
1012.32	131.60
1012.60	132.60
1012.88	130.80
1013.17	128.60
1013.45	129.00
1013.73	129.40
1014.01	128.20
1014.29	128.60
1014.58	130.40
1014.86	129.00
1015.14	129.80
1015.42	130.00
1015.70	129.20
1015.98	130.40
1016.27	130.60
1016.55	129.40
1016.83	129.20
1017.11	129.00
1017.39	130.00
1017.67	129.40
1017.95	129.80
1018.23	127.80
1018.52	127.80
1018.80	127.60
1019.08	127.40
1019.36	127.00
1019.64	128.40
1019.92	127.80
1020.20	126.80
1020.48	126.20
1020.76	125.40
1021.04	124.20
1021.32	125.40
1021.60	127.40
1021.88	125.80
1022.16	127.00
1022.44	126.40
1022.72	126.60
