	0.0	
339.41	0.00
339.79	105.20
340.17	106.00
340.55	107.60
340.94	108.20
341.32	110.20
341.70	111.20
342.08	111.00
342.46	111.80
342.84	112.20
343.22	112.40
343.60	113.40
343.98	113.60
344.36	113.80
344.74	113.60
345.12	114.80
345.50	115.20
345.88	114.20
346.26	113.80
346.64	114.00
347.02	113.40
347.40	113.00
347.78	113.00
348.15	112.80
348.53	114.00
348.91	117.20
349.29	118.00
349.67	119.00
350.05	119.00
350.43	119.20
350.81	119.60
351.19	120.00
351.57	119.60
351.95	119.00
352.33	119.60
352.71	120.00
353.09	120.60
353.47	120.80
353.84	120.40
354.22	121.80
354.60	123.00
354.98	123.40
355.36	122.40
355.74	121.80
356.12	122.00
356.50	123.60
356.88	124.60
357.25	122.60
357.63	123.00
358.01	124.60
358.39	124.40
358.77	124.60
359.15	123.80
359.53	125.00
359.90	125.60
360.28	123.80
360.66	124.80
361.04	125.80
361.42	125.60
361.80	125.80
362.17	126.40
362.55	127.80
362.93	129.20
363.31	128.60
363.69	127.40
364.06	128.40
364.44	128.20
364.82	129.60
365.20	130.40
365.58	130.00
365.95	129.20
366.33	130.00
366.71	130.80
367.09	130.20
367.46	131.00
367.84	131.80
368.22	130.80
368.60	130.80
368.97	130.80
369.35	131.00
369.73	132.00
370.11	133.40
370.48	134.60
370.86	133.80
371.24	134.20
371.62	135.00
371.99	136.80
372.37	136.80
372.75	137.00
373.12	135.80
373.50	135.40
373.88	137.40
374.25	137.00
374.63	138.60
375.01	141.40
375.38	141.40
375.76	140.00
376.14	143.00
376.51	142.60
376.89	141.00
377.27	142.60
377.64	145.40
378.02	145.60
378.40	146.00
378.77	147.40
379.15	146.80
379.53	148.00
379.90	147.40
380.28	149.20
380.66	150.00
381.03	151.60
381.41	151.80
381.78	154.60
382.16	153.80
382.54	154.40
382.91	153.60
383.29	155.20
383.66	156.40
384.04	156.00
384.42	159.20
384.79	159.80
385.17	161.40
385.54	161.00
385.92	162.20
386.29	161.80
386.67	162.40
387.05	166.60
387.42	168.60
387.80	167.20
388.17	168.00
388.55	170.40
388.92	173.60
389.30	174.00
389.67	175.40
390.05	177.20
390.42	174.60
390.80	177.80
391.17	179.20
391.55	180.00
391.92	179.80
392.30	182.80
392.67	183.20
393.05	184.80
393.42	188.40
393.80	186.80
394.17	189.20
394.55	191.80
394.92	190.40
395.30	192.20
395.67	197.60
396.05	197.40
396.42	201.80
396.80	199.60
397.17	202.40
397.55	202.20
397.92	206.40
398.29	209.20
398.67	208.80
399.04	208.40
399.42	211.20
399.79	218.80
400.17	216.80
400.54	213.80
400.91	213.00
401.29	217.00
401.66	222.40
402.04	223.20
402.41	223.60
402.78	223.40
403.16	226.20
403.53	224.20
403.90	232.40
404.28	225.60
404.65	235.80
405.03	236.00
405.40	242.60
405.77	239.40
406.15	239.20
406.52	240.80
406.89	245.20
407.27	241.00
407.64	249.20
408.01	248.80
408.39	254.20
408.76	257.80
409.13	252.20
409.51	260.20
409.88	264.40
410.25	263.60
410.62	262.20
411.00	267.20
411.37	266.60
411.74	265.00
412.12	275.60
412.49	273.60
412.86	278.40
413.23	277.20
413.61	280.40
413.98	293.80
414.35	289.00
414.73	288.00
415.10	280.80
415.47	297.00
415.84	299.80
416.22	295.00
416.59	297.40
416.96	305.40
417.33	307.00
417.70	310.00
418.08	318.80
418.45	308.20
418.82	317.20
419.19	323.40
419.57	328.40
419.94	325.60
420.31	335.80
420.68	329.40
421.05	330.40
421.42	339.00
421.80	337.40
422.17	339.60
422.54	348.40
422.91	344.80
423.28	346.40
423.65	352.80
424.03	360.40
424.40	351.60
424.77	358.20
425.14	355.80
425.51	361.80
425.88	370.00
426.25	373.20
426.63	374.60
427.00	375.80
427.37	386.60
427.74	404.00
428.11	386.20
428.48	403.00
428.85	400.20
429.22	400.40
429.59	408.40
429.97	406.40
430.34	414.80
430.71	413.20
431.08	423.20
431.45	435.40
431.82	430.40
432.19	430.80
432.56	438.80
432.93	438.40
433.30	442.00
433.67	449.60
434.04	451.80
434.41	461.00
434.78	465.00
435.15	463.20
435.52	480.20
435.89	486.40
436.26	481.00
436.63	486.60
437.00	493.60
437.37	495.60
437.74	491.80
438.11	511.00
438.48	496.00
438.85	521.40
439.22	533.80
439.59	544.00
439.96	521.60
440.33	535.60
440.70	555.40
441.07	547.20
441.44	564.00
441.81	546.80
442.18	558.60
442.55	562.20
442.92	572.00
443.29	567.60
443.66	565.20
444.03	577.60
444.40	576.60
444.77	591.40
445.14	590.60
445.51	602.20
445.88	597.00
446.24	600.60
446.61	613.20
446.98	602.60
447.35	630.80
447.72	626.20
448.09	623.60
448.46	620.20
448.83	632.40
449.20	632.60
449.56	632.80
449.93	645.40
450.30	638.60
450.67	662.40
451.04	638.80
451.41	639.60
451.78	666.20
452.14	658.00
452.51	661.80
452.88	659.60
453.25	660.60
453.62	677.00
453.99	675.40
454.35	678.80
454.72	686.60
455.09	689.40
455.46	692.60
455.83	710.40
456.19	710.20
456.56	713.00
456.93	715.20
457.30	724.00
457.66	724.60
458.03	728.00
458.40	729.40
458.77	740.40
459.14	749.20
459.50	750.80
459.87	724.60
460.24	760.60
460.61	757.40
460.97	770.80
461.34	756.60
461.71	767.00
462.07	761.20
462.44	793.20
462.81	806.40
463.18	803.60
463.54	800.00
463.91	830.40
464.28	817.60
464.64	817.60
465.01	819.60
465.38	852.20
465.75	831.60
466.11	846.80
466.48	842.80
466.85	848.60
467.21	849.60
467.58	860.40
467.95	879.40
468.31	879.60
468.68	893.00
469.04	905.40
469.41	927.40
469.78	920.80
470.14	933.60
470.51	938.40
470.88	955.20
471.24	955.20
471.61	986.60
471.98	976.20
472.34	999.40
472.71	1004.40
473.07	1009.20
473.44	1016.80
473.81	1034.40
474.17	1027.00
474.54	1064.20
474.90	1065.20
475.27	1054.80
475.63	1083.80
476.00	1090.00
476.37	1093.60
476.73	1110.20
477.10	1142.00
477.46	1140.80
477.83	1136.80
478.19	1157.80
478.56	1179.80
478.92	1196.00
479.29	1196.40
479.65	1204.40
480.02	1209.40
480.38	1243.60
480.75	1239.20
481.11	1264.00
481.48	1280.40
481.84	1291.00
482.21	1297.40
482.57	1312.80
482.94	1330.40
483.30	1335.40
483.67	1365.40
484.03	1360.80
484.40	1369.60
484.76	1390.20
485.13	1396.60
485.49	1418.80
485.86	1421.60
486.22	1443.00
486.59	1456.20
486.95	1457.00
487.31	1469.40
487.68	1476.20
488.04	1495.00
488.41	1508.80
488.77	1517.40
489.14	1527.60
489.50	1541.00
489.86	1544.20
490.23	1553.00
490.59	1570.00
490.96	1576.60
491.32	1585.40
491.68	1606.40
492.05	1600.40
492.41	1607.00
492.77	1633.40
493.14	1625.80
493.50	1655.00
493.87	1656.60
494.23	1664.20
494.59	1670.80
494.96	1678.40
495.32	1676.60
495.68	1690.80
496.05	1705.80
496.41	1699.00
496.77	1709.60
497.14	1714.00
497.50	1723.80
497.86	1730.60
498.23	1733.60
498.59	1728.00
498.95	1746.80
499.31	1742.60
499.68	1755.60
500.04	1770.20
500.40	1772.00
500.77	1768.60
501.13	1779.20
501.49	1770.80
501.85	1792.00
502.22	1789.20
502.58	1792.00
502.94	1808.60
503.30	1814.20
503.67	1796.60
504.03	1829.80
504.39	1805.80
504.75	1842.60
505.12	1829.40
505.48	1846.00
505.84	1856.00
506.20	1836.00
506.56	1837.60
506.93	1844.00
507.29	1864.20
507.65	1864.80
508.01	1868.60
508.37	1890.40
508.74	1874.80
509.10	1891.20
509.46	1894.20
509.82	1893.00
510.18	1903.40
510.54	1907.00
510.91	1902.00
511.27	1905.60
511.63	1922.60
511.99	1928.60
512.35	1925.20
512.71	1946.60
513.07	1948.20
513.43	1952.20
513.80	1953.60
514.16	1961.20
514.52	1970.00
514.88	1982.60
515.24	1989.00
515.60	1991.80
515.96	1999.60
516.32	2003.00
516.68	2019.00
517.04	2022.80
517.41	2018.80
517.77	2040.80
518.13	2027.00
518.49	2047.20
518.85	2048.40
519.21	2065.80
519.57	2058.40
519.93	2073.60
520.29	2079.00
520.65	2087.60
521.01	2089.60
521.37	2108.80
521.73	2087.40
522.09	2119.20
522.45	2125.60
522.81	2123.80
523.17	2137.60
523.53	2138.40
523.89	2152.20
524.25	2161.60
524.61	2168.60
524.97	2156.00
525.33	2174.00
525.69	2176.00
526.05	2179.60
526.41	2199.80
526.77	2196.20
527.13	2187.00
527.49	2228.60
527.85	2206.60
528.21	2242.20
528.57	2238.20
528.93	2237.60
529.29	2233.60
529.65	2244.40
530.00	2240.40
530.36	2242.80
530.72	2272.60
531.08	2253.40
531.44	2273.00
531.80	2286.40
532.16	2289.20
532.52	2292.40
532.88	2307.20
533.24	2286.40
533.59	2318.00
533.95	2287.60
534.31	2317.60
534.67	2309.40
535.03	2341.40
535.39	2313.20
535.75	2333.20
536.11	2313.00
536.46	2327.60
536.82	2330.00
537.18	2336.20
537.54	2349.40
537.90	2351.40
538.26	2342.20
538.61	2356.20
538.97	2380.00
539.33	2377.80
539.69	2383.00
540.05	2377.80
540.40	2364.60
540.76	2387.80
541.12	2383.00
541.48	2417.40
541.84	2382.00
542.19	2387.80
542.55	2405.60
542.91	2378.80
543.27	2410.40
543.62	2427.80
543.98	2417.40
544.34	2407.60
544.70	2432.60
545.05	2436.80
545.41	2444.40
545.77	2437.00
546.12	2446.00
546.48	2439.20
546.84	2420.60
547.20	2442.40
547.55	2453.00
547.91	2476.40
548.27	2452.00
548.62	2453.80
548.98	2475.20
549.34	2467.20
549.69	2485.00
550.05	2471.00
550.41	2485.40
550.77	2485.40
551.12	2462.60
551.48	2471.40
551.83	2508.40
552.19	2495.40
552.55	2500.00
552.90	2488.60
553.26	2512.20
553.62	2514.40
553.97	2527.00
554.33	2517.60
554.69	2541.00
555.04	2521.20
555.40	2529.80
555.75	2527.80
556.11	2564.60
556.47	2557.60
556.82	2564.20
557.18	2579.40
557.53	2555.00
557.89	2577.20
558.24	2584.60
558.60	2563.60
558.96	2600.20
559.31	2595.20
559.67	2606.40
560.02	2606.40
560.38	2582.60
560.73	2621.00
561.09	2622.20
561.44	2634.00
561.80	2618.20
562.16	2631.40
562.51	2647.60
562.87	2667.60
563.22	2656.40
563.58	2663.40
563.93	2685.60
564.29	2662.20
564.64	2696.60
565.00	2683.20
565.35	2691.00
565.71	2689.60
566.06	2699.00
566.41	2713.60
566.77	2678.60
567.12	2728.20
567.48	2721.80
567.83	2723.80
568.19	2731.40
568.54	2747.20
568.90	2733.60
569.25	2735.80
569.60	2752.80
569.96	2784.60
570.31	2734.40
570.67	2760.80
571.02	2775.20
571.38	2772.60
571.73	2771.00
572.08	2814.80
572.44	2779.60
572.79	2786.20
573.15	2791.20
573.50	2789.60
573.85	2816.20
574.21	2798.60
574.56	2800.40
574.91	2813.20
575.27	2813.40
575.62	2789.00
575.97	2805.00
576.33	2804.80
576.68	2818.80
577.03	2807.20
577.39	2810.20
577.74	2806.20
578.09	2815.00
578.45	2802.00
578.80	2821.60
579.15	2799.80
579.51	2822.40
579.86	2818.00
580.21	2826.80
580.57	2829.40
580.92	2835.40
581.27	2812.80
581.62	2825.20
581.98	2815.60
582.33	2814.20
582.68	2805.00
583.03	2819.20
583.39	2829.00
583.74	2839.80
584.09	2816.60
584.44	2814.60
584.80	2809.00
585.15	2791.40
585.50	2805.60
585.85	2824.00
586.21	2790.40
586.56	2823.80
586.91	2805.60
587.26	2805.00
587.61	2816.60
587.97	2793.20
588.32	2810.20
588.67	2798.20
589.02	2810.40
589.37	2765.60
589.73	2781.40
590.08	2813.40
590.43	2793.40
590.78	2811.00
591.13	2791.20
591.48	2816.00
591.83	2791.00
592.19	2789.20
592.54	2779.20
592.89	2789.60
593.24	2810.60
593.59	2796.80
593.94	2802.40
594.29	2808.80
594.64	2787.40
595.00	2816.80
595.35	2811.80
595.70	2783.00
596.05	2791.20
596.40	2800.00
596.75	2802.60
597.10	2821.40
597.45	2787.60
597.80	2822.20
598.15	2822.20
598.50	2820.60
598.85	2822.20
599.20	2812.40
599.55	2822.20
599.90	2808.60
600.26	2823.00
600.61	2830.40
600.96	2843.80
601.31	2829.60
601.66	2842.40
602.01	2827.80
602.36	2842.60
602.71	2834.20
603.06	2842.40
603.41	2842.40
603.76	2843.40
604.11	2871.40
604.46	2829.80
604.81	2862.00
605.16	2848.00
605.50	2853.60
605.85	2862.60
606.20	2872.40
606.55	2870.80
606.90	2864.60
607.25	2865.60
607.60	2868.20
607.95	2857.00
608.30	2862.60
608.65	2883.20
609.00	2879.80
609.35	2857.00
609.70	2885.40
610.05	2880.40
610.40	2902.80
610.74	2904.20
611.09	2897.00
611.44	2902.00
611.79	2912.20
612.14	2919.80
612.49	2912.60
612.84	2895.40
613.19	2902.60
613.53	2899.00
613.88	2944.00
614.23	2939.40
614.58	2907.40
614.93	2919.80
615.28	2908.20
615.62	2927.00
615.97	2935.80
616.32	2950.20
616.67	2942.00
617.02	2932.20
617.37	2944.40
617.71	2951.00
618.06	2964.00
618.41	2949.20
618.76	2950.60
619.11	2956.60
619.45	2965.40
619.80	2966.20
620.15	2939.60
620.50	2960.20
620.84	2965.60
621.19	2959.40
621.54	2967.00
621.89	2976.20
622.23	2944.20
622.58	2948.60
622.93	2952.60
623.28	2967.20
623.62	2938.80
623.97	2968.00
624.32	2967.40
624.66	2963.20
625.01	2967.20
625.36	2947.80
625.71	2938.60
626.05	2960.60
626.40	2956.60
626.75	2944.40
627.09	2959.40
627.44	2936.80
627.79	2945.60
628.13	2891.60
628.48	2930.20
628.83	2922.00
629.17	2881.00
629.52	2919.20
629.87	2919.40
630.21	2927.40
630.56	2927.80
630.90	2931.20
631.25	2912.80
631.60	2907.60
631.94	2896.40
632.29	2898.40
632.63	2912.60
632.98	2877.20
633.33	2865.40
633.67	2876.20
634.02	2879.40
634.36	2850.80
634.71	2861.00
635.06	2885.00
635.40	2851.00
635.75	2872.80
636.09	2839.20
636.44	2847.80
636.78	2827.60
637.13	2820.80
637.47	2804.00
637.82	2818.00
638.16	2780.20
638.51	2822.00
638.86	2787.80
639.20	2806.60
639.55	2783.80
639.89	2786.20
640.24	2774.40
640.58	2800.40
640.93	2761.80
641.27	2768.00
641.62	2791.40
641.96	2776.40
642.30	2757.40
642.65	2761.20
642.99	2735.00
643.34	2747.00
643.68	2735.80
644.03	2728.00
644.37	2736.60
644.72	2739.00
645.06	2715.20
645.40	2725.80
645.75	2727.00
646.09	2700.60
646.44	2730.80
646.78	2699.80
647.13	2708.20
647.47	2669.20
647.81	2674.80
648.16	2670.20
648.50	2682.60
648.85	2681.80
649.19	2655.60
649.53	2660.00
649.88	2672.80
650.22	2677.40
650.56	2676.40
650.91	2653.80
651.25	2668.00
651.59	2632.80
651.94	2657.60
652.28	2653.00
652.62	2643.60
652.97	2646.80
653.31	2651.00
653.65	2636.80
654.00	2640.80
654.34	2638.60
654.68	2647.60
655.03	2610.60
655.37	2630.40
655.71	2626.40
656.05	2622.00
656.40	2615.00
656.74	2612.40
657.08	2618.80
657.43	2630.80
657.77	2587.20
658.11	2617.00
658.45	2628.60
658.80	2608.80
659.14	2613.80
659.48	2598.80
659.82	2615.40
660.16	2620.80
660.51	2596.60
660.85	2598.40
661.19	2603.60
661.53	2614.80
661.87	2601.60
662.22	2620.40
662.56	2595.40
662.90	2633.20
663.24	2594.80
663.58	2596.40
663.93	2608.00
664.27	2568.40
664.61	2599.20
664.95	2583.60
665.29	2586.20
665.63	2567.00
665.98	2583.60
666.32	2585.80
666.66	2572.20
667.00	2569.20
667.34	2589.80
667.68	2592.60
668.02	2559.80
668.36	2591.60
668.70	2595.20
669.05	2553.20
669.39	2589.80
669.73	2570.00
670.07	2571.40
670.41	2578.20
670.75	2569.60
671.09	2576.00
671.43	2557.40
671.77	2559.60
672.11	2561.40
672.45	2555.60
672.79	2540.20
673.13	2554.40
673.47	2541.60
673.81	2569.80
674.16	2549.00
674.50	2550.40
674.84	2536.60
675.18	2543.80
675.52	2548.80
675.86	2542.00
676.20	2552.20
676.54	2516.80
676.88	2520.60
677.22	2524.00
677.56	2501.00
677.90	2508.00
678.23	2508.00
678.57	2511.60
678.91	2513.80
679.25	2511.20
679.59	2490.40
679.93	2482.80
680.27	2501.40
680.61	2495.20
680.95	2486.60
681.29	2478.60
681.63	2455.60
681.97	2494.80
682.31	2451.20
682.65	2465.00
682.99	2489.60
683.32	2450.00
683.66	2467.60
684.00	2449.40
684.34	2435.00
684.68	2411.20
685.02	2449.60
685.36	2424.40
685.70	2428.80
686.03	2416.80
686.37	2417.40
686.71	2417.60
687.05	2391.80
687.39	2377.40
687.73	2384.00
688.07	2372.60
688.40	2362.00
688.74	2378.00
689.08	2354.80
689.42	2366.00
689.76	2356.20
690.09	2345.00
690.43	2327.40
690.77	2341.80
691.11	2308.00
691.45	2303.00
691.78	2322.80
692.12	2297.40
692.46	2295.20
692.80	2285.40
693.13	2291.40
693.47	2278.00
693.81	2267.20
694.15	2268.40
694.48	2257.20
694.82	2228.80
695.16	2235.60
695.50	2230.80
695.83	2209.80
696.17	2207.60
696.51	2207.00
696.84	2205.00
697.18	2196.40
697.52	2198.60
697.85	2183.00
698.19	2188.40
698.53	2181.20
698.87	2150.40
699.20	2151.40
699.54	2132.80
699.88	2139.80
700.21	2147.20
700.55	2100.60
700.88	2103.80
701.22	2107.80
701.56	2115.00
701.89	2106.00
702.23	2091.20
702.57	2104.20
702.90	2073.00
703.24	2084.40
703.57	2060.20
703.91	2059.80
704.25	2062.60
704.58	2062.60
704.92	2063.80
705.25	2036.40
705.59	2041.80
705.93	2026.40
706.26	2027.20
706.60	2040.80
706.93	2011.60
707.27	1984.60
707.60	2000.80
707.94	1986.20
708.27	1997.80
708.61	1993.40
708.95	1982.00
709.28	1963.00
709.62	1969.40
709.95	1976.00
710.29	1972.60
710.62	1941.40
710.96	1946.80
711.29	1935.40
711.63	1945.00
711.96	1932.80
712.30	1937.20
712.63	1925.00
712.96	1924.60
713.30	1934.20
713.63	1907.20
713.97	1910.20
714.30	1909.80
714.64	1888.80
714.97	1888.60
715.31	1908.80
715.64	1900.40
715.97	1895.20
716.31	1888.00
716.64	1864.40
716.98	1874.40
717.31	1890.00
717.64	1868.20
717.98	1862.60
718.31	1870.60
718.65	1859.00
718.98	1846.40
719.31	1848.20
719.65	1852.20
719.98	1827.40
720.32	1834.80
720.65	1843.80
720.98	1815.80
721.32	1817.00
721.65	1816.20
721.98	1817.80
722.32	1831.00
722.65	1824.00
722.98	1815.60
723.32	1815.20
723.65	1790.20
723.98	1818.00
724.31	1787.80
724.65	1805.20
724.98	1803.40
725.31	1795.00
725.65	1796.20
725.98	1795.60
726.31	1786.40
726.64	1779.80
726.98	1783.80
727.31	1775.80
727.64	1791.60
727.97	1782.20
728.31	1788.40
728.64	1792.40
728.97	1783.60
729.30	1786.60
729.64	1788.40
729.97	1755.00
730.30	1755.20
730.63	1753.20
730.96	1762.00
731.30	1748.00
731.63	1750.80
731.96	1753.80
732.29	1745.20
732.62	1760.00
732.96	1742.40
733.29	1737.20
733.62	1740.00
733.95	1727.00
734.28	1733.40
734.61	1721.20
734.94	1731.40
735.28	1722.80
735.61	1725.80
735.94	1732.20
736.27	1729.00
736.60	1725.60
736.93	1733.40
737.26	1717.40
737.59	1726.60
737.92	1716.40
738.26	1709.60
738.59	1690.40
738.92	1702.60
739.25	1699.60
739.58	1667.00
739.91	1705.60
740.24	1689.60
740.57	1691.80
740.90	1695.20
741.23	1692.20
741.56	1694.60
741.89	1683.60
742.22	1667.00
742.55	1683.20
742.88	1684.40
743.21	1671.80
743.54	1686.60
743.87	1677.60
744.20	1670.00
744.53	1653.40
744.86	1664.60
745.19	1658.60
745.52	1647.40
745.85	1659.20
746.18	1647.80
746.51	1629.40
746.84	1641.00
747.17	1626.00
747.50	1625.80
747.83	1623.80
748.16	1620.60
748.49	1625.20
748.82	1611.80
749.15	1619.00
749.48	1614.20
749.81	1605.60
750.14	1600.80
750.46	1613.60
750.79	1587.40
751.12	1602.80
751.45	1590.80
751.78	1573.00
752.11	1589.40
752.44	1567.60
752.77	1562.00
753.10	1557.60
753.42	1561.40
753.75	1569.60
754.08	1550.00
754.41	1537.40
754.74	1549.40
755.07	1537.80
755.39	1523.60
755.72	1524.60
756.05	1521.80
756.38	1522.40
756.71	1526.20
757.04	1510.80
757.36	1501.20
757.69	1500.20
758.02	1500.60
758.35	1491.20
758.67	1498.60
759.00	1482.40
759.33	1479.00
759.66	1470.40
759.99	1449.00
760.31	1459.20
760.64	1453.20
760.97	1449.40
761.30	1429.60
761.62	1433.40
761.95	1424.80
762.28	1431.60
762.60	1406.60
762.93	1406.20
763.26	1413.00
763.59	1405.80
763.91	1400.20
764.24	1386.00
764.57	1393.60
764.89	1380.80
765.22	1369.40
765.55	1371.20
765.87	1366.60
766.20	1337.80
766.53	1347.00
766.85	1345.00
767.18	1338.40
767.51	1349.00
767.83	1322.00
768.16	1328.80
768.48	1326.60
768.81	1319.00
769.14	1308.60
769.46	1301.00
769.79	1305.60
770.12	1287.20
770.44	1277.00
770.77	1290.80
771.09	1273.40
771.42	1267.60
771.74	1253.00
772.07	1258.00
772.40	1246.20
772.72	1259.80
773.05	1238.20
773.37	1240.60
773.70	1224.40
774.02	1221.80
774.35	1225.40
774.67	1204.40
775.00	1209.20
775.32	1206.40
775.65	1188.60
775.97	1196.80
776.30	1188.40
776.63	1167.40
776.95	1183.40
777.27	1157.60
777.60	1157.20
777.92	1150.60
778.25	1151.80
778.57	1135.00
778.90	1146.80
779.22	1124.20
779.55	1136.40
779.87	1123.20
780.20	1127.60
780.52	1119.20
780.85	1102.20
781.17	1098.40
781.49	1093.60
781.82	1092.80
782.14	1081.60
782.47	1092.40
782.79	1080.00
783.11	1068.60
783.44	1069.00
783.76	1062.60
784.09	1048.80
784.41	1056.40
784.73	1046.20
785.06	1030.60
785.38	1029.80
785.70	1025.60
786.03	1022.60
786.35	1017.20
786.67	1016.60
787.00	1016.80
787.32	1010.40
787.64	1012.60
787.97	999.00
788.29	990.60
788.61	987.40
788.94	1003.00
789.26	995.00
789.58	989.20
789.91	995.00
790.23	997.40
790.55	1000.20
790.87	981.40
791.20	990.00
791.52	988.00
791.84	982.00
792.16	984.80
792.49	970.00
792.81	970.60
793.13	967.40
793.45	974.20
793.78	984.20
794.10	978.60
794.42	976.60
794.74	977.80
795.06	978.80
795.39	976.60
795.71	987.20
796.03	983.20
796.35	995.40
796.67	986.00
797.00	988.40
797.32	985.60
797.64	978.20
797.96	982.00
798.28	994.00
798.60	994.80
798.93	991.40
799.25	980.60
799.57	988.00
799.89	989.80
800.21	979.80
800.53	980.40
800.85	984.60
801.17	981.60
801.50	980.60
801.82	976.40
802.14	984.20
802.46	977.40
802.78	982.40
803.10	985.80
803.42	981.20
803.74	977.80
804.06	969.20
804.38	984.20
804.70	971.60
805.02	972.40
805.34	974.40
805.66	974.60
805.98	968.60
806.30	974.80
806.62	965.60
806.94	971.60
807.26	961.80
807.58	958.60
807.90	969.20
808.22	964.60
808.54	965.00
808.86	969.60
809.18	958.80
809.50	974.20
809.82	962.20
810.14	954.20
810.46	963.20
810.78	954.40
811.10	966.60
811.42	965.00
811.74	953.20
812.06	966.80
812.38	955.00
812.70	941.60
813.02	942.00
813.34	953.00
813.66	945.40
813.97	950.60
814.29	945.20
814.61	928.40
814.93	946.00
815.25	938.80
815.57	943.00
815.89	946.00
816.21	925.00
816.52	933.20
816.84	936.00
817.16	934.80
817.48	931.00
817.80	924.40
818.12	925.80
818.43	929.40
818.75	929.20
819.07	914.20
819.39	915.00
819.71	917.60
820.03	911.80
820.34	913.60
820.66	914.60
820.98	894.20
821.30	903.60
821.61	898.60
821.93	908.20
822.25	904.20
822.57	903.40
822.88	893.80
823.20	890.40
823.52	897.60
823.84	887.40
824.15	887.20
824.47	883.60
824.79	886.00
825.11	895.20
825.42	889.40
825.74	877.60
826.06	883.20
826.37	883.00
826.69	872.40
827.01	881.40
827.32	869.40
827.64	867.60
827.96	868.20
828.27	872.40
828.59	866.80
828.91	871.40
829.22	870.60
829.54	858.00
829.86	858.20
830.17	860.20
830.49	865.20
830.81	857.20
831.12	863.00
831.44	857.40
831.75	858.60
832.07	858.60
832.39	847.00
832.70	848.00
833.02	843.20
833.33	837.40
833.65	849.60
833.96	853.20
834.28	843.40
834.60	825.20
834.91	837.60
835.23	841.80
835.54	822.20
835.86	831.20
836.17	829.20
836.49	821.40
836.80	827.40
837.12	827.80
837.43	820.80
837.75	810.60
838.06	817.80
838.38	817.20
838.69	813.40
839.01	809.80
839.32	816.60
839.64	800.80
839.95	809.60
840.27	806.00
840.58	800.20
840.90	791.80
841.21	803.40
841.53	793.40
841.84	798.60
842.15	788.80
842.47	790.40
842.78	780.20
843.10	777.60
843.41	790.00
843.72	780.00
844.04	776.20
844.35	768.60
844.67	765.40
844.98	765.40
845.29	763.40
845.61	759.20
845.92	752.80
846.23	763.00
846.55	753.80
846.86	754.80
847.18	744.00
847.49	746.80
847.80	748.00
848.12	744.40
848.43	738.20
848.74	738.20
849.05	731.60
849.37	725.00
849.68	721.20
849.99	724.60
850.31	713.20
850.62	718.20
850.93	710.00
851.24	709.40
851.56	706.40
851.87	700.60
852.18	706.20
852.50	703.60
852.81	705.00
853.12	704.40
853.43	696.40
853.74	698.80
854.06	686.20
854.37	681.00
854.68	676.80
854.99	682.80
855.31	674.80
855.62	662.80
855.93	675.00
856.24	662.00
856.55	661.40
856.87	656.40
857.18	649.80
857.49	651.00
857.80	655.80
858.11	639.40
858.42	641.20
858.73	648.60
859.05	635.20
859.36	630.40
859.67	626.20
859.98	630.60
860.29	628.20
860.60	630.60
860.91	622.20
861.22	622.80
861.54	617.40
861.85	618.40
862.16	611.60
862.47	606.60
862.78	610.20
863.09	604.80
863.40	604.40
863.71	603.20
864.02	595.40
864.33	596.40
864.64	589.80
864.95	585.20
865.26	579.40
865.57	576.40
865.88	566.20
866.19	570.60
866.50	567.00
866.81	571.80
867.12	564.60
867.43	570.60
867.74	565.60
868.05	559.40
868.36	555.20
868.67	552.40
868.98	557.20
869.29	546.80
869.60	545.80
869.91	549.00
870.22	543.60
870.53	545.00
870.84	532.40
871.15	529.00
871.46	527.40
871.77	530.00
872.08	526.00
872.39	520.00
872.69	513.80
873.00	515.00
873.31	509.80
873.62	512.00
873.93	509.40
874.24	500.60
874.55	500.20
874.86	497.40
875.16	497.80
875.47	498.00
875.78	489.80
876.09	484.60
876.40	485.60
876.71	485.20
877.01	478.60
877.32	477.00
877.63	478.80
877.94	474.00
878.25	476.40
878.56	468.40
878.86	470.20
879.17	466.40
879.48	461.40
879.79	458.00
880.09	461.40
880.40	458.40
880.71	455.00
881.02	449.00
881.32	448.20
881.63	449.00
881.94	443.20
882.25	442.40
882.55	445.20
882.86	437.00
883.17	436.00
883.48	435.00
883.78	437.40
884.09	430.80
884.40	431.40
884.70	427.20
885.01	432.40
885.32	426.60
885.62	431.00
885.93	429.80
886.24	425.60
886.54	423.00
886.85	423.20
887.16	421.80
887.46	416.60
887.77	425.60
888.08	423.20
888.38	421.60
888.69	423.20
888.99	421.00
889.30	422.00
889.61	419.00
889.91	423.80
890.22	417.20
890.52	414.20
890.83	419.00
891.14	417.00
891.44	419.20
891.75	421.40
892.05	413.20
892.36	419.40
892.66	411.80
892.97	414.60
893.27	417.40
893.58	411.60
893.89	417.80
894.19	412.20
894.50	409.40
894.80	412.20
895.11	411.40
895.41	415.20
895.72	413.60
896.02	409.00
896.33	409.60
896.63	408.20
896.93	401.40
897.24	412.40
897.54	413.40
897.85	406.00
898.15	413.20
898.46	406.20
898.76	406.80
899.07	415.20
899.37	412.40
899.67	409.60
899.98	415.80
900.28	411.80
900.59	413.40
900.89	413.60
901.19	414.20
901.50	414.20
901.80	417.40
902.11	413.60
902.41	414.60
902.71	411.20
903.02	413.20
903.32	413.20
903.62	407.60
903.93	411.80
904.23	416.40
904.53	412.80
904.84	408.80
905.14	406.80
905.44	404.00
905.75	405.80
906.05	408.60
906.35	410.60
906.66	398.80
906.96	405.40
907.26	404.60
907.56	403.20
907.87	402.20
908.17	402.60
908.47	404.80
908.77	406.40
909.08	402.00
909.38	397.20
909.68	404.20
909.98	394.80
910.29	400.40
910.59	403.40
910.89	402.80
911.19	399.60
911.50	403.00
911.80	392.00
912.10	396.60
912.40	397.80
912.70	395.20
913.00	396.40
913.31	396.00
913.61	394.60
913.91	393.60
914.21	392.40
914.51	394.60
914.81	394.60
915.12	389.80
915.42	392.40
915.72	393.20
916.02	391.60
916.32	389.20
916.62	390.20
916.92	386.80
917.22	382.20
917.52	382.60
917.83	378.80
918.13	377.80
918.43	378.20
918.73	381.20
919.03	378.80
919.33	383.20
919.63	375.80
919.93	372.40
920.23	371.40
920.53	377.60
920.83	366.80
921.13	373.80
921.43	364.00
921.73	362.00
922.03	365.00
922.33	366.80
922.63	365.00
922.93	364.60
923.23	360.80
923.53	358.00
923.83	356.20
924.13	354.00
924.43	354.40
924.73	354.60
925.03	358.00
925.33	354.00
925.63	355.60
925.93	355.00
926.23	349.20
926.53	348.60
926.83	350.00
927.13	348.80
927.42	343.20
927.72	350.40
928.02	346.60
928.32	346.00
928.62	349.00
928.92	339.20
929.22	341.40
929.52	340.20
929.82	343.40
930.11	341.80
930.41	339.20
930.71	341.80
931.01	337.00
931.31	336.40
931.61	335.40
931.90	333.20
932.20	330.60
932.50	327.20
932.80	328.80
933.10	326.80
933.39	329.20
933.69	329.20
933.99	324.40
934.29	327.60
934.59	326.40
934.88	328.00
935.18	317.40
935.48	321.00
935.78	316.20
936.07	320.00
936.37	318.40
936.67	316.40
936.97	310.60
937.26	311.60
937.56	311.20
937.86	308.80
938.15	308.60
938.45	312.80
938.75	311.20
939.05	302.80
939.34	309.80
939.64	305.80
939.94	300.00
940.23	304.20
940.53	299.20
940.83	301.80
941.12	295.80
941.42	294.00
941.71	298.60
942.01	296.80
942.31	297.20
942.60	290.60
942.90	294.60
943.20	290.60
943.49	292.80
943.79	289.80
944.08	292.60
944.38	289.80
944.68	286.60
944.97	288.20
945.27	280.00
945.56	280.20
945.86	279.40
946.15	283.20
946.45	282.20
946.74	277.60
947.04	278.80
947.34	275.00
947.63	276.60
947.93	280.00
948.22	278.60
948.52	272.60
948.81	272.40
949.11	272.60
949.40	268.60
949.70	271.40
949.99	265.20
950.29	267.80
950.58	264.60
950.87	269.60
951.17	260.20
951.46	266.60
951.76	260.00
952.05	260.20
952.35	260.60
952.64	258.40
952.94	256.20
953.23	258.80
953.52	258.20
953.82	257.20
954.11	254.20
954.41	251.00
954.70	253.00
954.99	251.40
955.29	250.00
955.58	246.60
955.87	246.80
956.17	247.80
956.46	247.00
956.76	246.60
957.05	246.60
957.34	247.60
957.64	238.00
957.93	238.40
958.22	239.00
958.52	242.00
958.81	238.00
959.10	240.40
959.39	237.80
959.69	235.60
959.98	236.80
960.27	237.20
960.57	235.60
960.86	231.80
961.15	231.80
961.44	228.00
961.74	233.40
962.03	229.40
962.32	229.80
962.61	228.00
962.91	228.20
963.20	223.20
963.49	223.40
963.78	227.20
964.07	225.00
964.37	221.80
964.66	218.80
964.95	221.00
965.24	219.00
965.53	216.40
965.83	215.20
966.12	214.40
966.41	216.60
966.70	212.60
966.99	213.00
967.28	213.00
967.57	212.00
967.87	208.60
968.16	209.20
968.45	209.80
968.74	208.80
969.03	211.40
969.32	208.60
969.61	206.20
969.90	204.00
970.19	204.60
970.49	205.40
970.78	201.80
971.07	202.20
971.36	201.60
971.65	200.40
971.94	203.60
972.23	203.80
972.52	200.80
972.81	197.00
973.10	195.60
973.39	194.20
973.68	195.60
973.97	195.20
974.26	192.60
974.55	196.40
974.84	192.60
975.13	191.60
975.42	192.60
975.71	193.00
976.00	188.60
976.29	189.40
976.58	189.80
976.87	187.00
977.16	186.20
977.45	185.00
977.74	185.00
978.03	184.60
978.32	184.80
978.60	181.60
978.89	183.80
979.18	183.60
979.47	178.40
979.76	182.80
980.05	179.60
980.34	177.80
980.63	178.00
980.92	178.00
981.20	179.00
981.49	178.40
981.78	179.00
982.07	175.80
982.36	175.20
982.65	174.40
982.94	174.20
983.22	174.80
983.51	173.80
983.80	173.00
984.09	170.20
984.38	170.80
984.66	171.40
984.95	168.20
985.24	170.80
985.53	169.80
985.82	167.40
986.10	168.60
986.39	164.80
986.68	168.20
986.97	166.60
987.25	168.80
987.54	163.60
987.83	165.60
988.12	165.20
988.40	165.40
988.69	163.80
988.98	161.80
989.26	164.60
989.55	163.80
989.84	162.00
990.12	159.20
990.41	162.20
990.70	161.80
990.98	158.80
991.27	158.20
991.56	159.20
991.84	161.00
992.13	159.60
992.42	159.00
992.70	159.40
992.99	157.40
993.28	158.60
993.56	158.20
993.85	158.60
994.13	158.60
994.42	158.60
994.71	155.00
994.99	154.80
995.28	153.40
995.56	154.60
995.85	154.20
996.14	154.20
996.42	153.60
996.71	154.60
996.99	154.40
997.28	152.80
997.56	152.60
997.85	152.20
998.13	151.60
998.42	150.00
998.70	150.00
998.99	151.00
999.27	151.20
999.56	149.00
999.84	150.20
1000.13	150.40
1000.41	147.80
1000.70	145.80
1000.98	148.40
1001.27	146.60
1001.55	146.20
1001.84	147.40
1002.12	146.60
1002.40	147.60
1002.69	146.20
1002.97	144.20
1003.26	144.40
1003.54	143.20
1003.83	142.00
1004.11	141.80
1004.39	144.60
1004.68	142.80
1004.96	143.80
1005.24	143.40
1005.53	140.80
1005.81	140.60
1006.10	140.60
1006.38	138.20
1006.66	139.20
1006.95	140.80
1007.23	142.60
1007.51	142.20
1007.80	140.40
1008.08	138.80
1008.36	138.80
1008.65	138.20
1008.93	139.80
1009.21	139.40
1009.49	138.40
1009.78	138.80
1010.06	139.20
1010.34	138.40
1010.63	137.60
1010.91	135.80
1011.19	134.20
1011.47	137.40
1011.76	136.00
1012.04	136.40
1012.32	135.80
1012.60	136.60
1012.88	135.80
1013.17	134.60
1013.45	135.40
1013.73	134.60
1014.01	133.80
1014.29	133.20
1014.58	133.40
1014.86	133.80
1015.14	134.00
1015.42	134.40
1015.70	134.40
1015.98	133.40
1016.27	134.80
1016.55	133.80
1016.83	132.60
1017.11	133.00
1017.39	132.60
1017.67	132.20
1017.95	132.60
1018.23	133.60
1018.52	133.00
1018.80	132.60
1019.08	132.60
1019.36	132.00
1019.64	131.40
1019.92	132.40
1020.20	130.80
1020.48	130.40
1020.76	130.60
1021.04	130.00
1021.32	131.40
1021.60	131.00
1021.88	129.00
1022.16	128.00
1022.44	129.40
1022.72	127.20
