	0.0	
339.41	0.00
339.79	105.00
340.17	106.40
340.55	108.00
340.94	108.60
341.32	109.20
341.70	109.60
342.08	111.40
342.46	113.00
342.84	113.20
343.22	113.80
343.60	114.00
343.98	114.40
344.36	115.00
344.74	115.20
345.12	115.40
345.50	115.00
345.88	115.20
346.26	115.00
346.64	113.60
347.02	113.00
347.40	114.00
347.78	114.60
348.15	115.20
348.53	114.40
348.91	116.20
349.29	119.00
349.67	119.40
350.05	119.80
350.43	118.40
350.81	118.40
351.19	118.40
351.57	119.60
351.95	119.40
352.33	119.40
352.71	119.80
353.09	121.00
353.47	121.40
353.84	119.80
354.22	120.20
354.60	121.20
354.98	123.20
355.36	123.40
355.74	122.40
356.12	123.00
356.50	123.20
356.88	122.00
357.25	121.80
357.63	123.20
358.01	124.80
358.39	126.00
358.77	124.80
359.15	123.00
359.53	123.20
359.90	123.20
360.28	123.60
360.66	124.40
361.04	124.80
361.42	125.00
361.80	125.00
362.17	124.80
362.55	125.20
362.93	126.40
363.31	127.80
363.69	129.00
364.06	127.60
364.44	129.00
364.82	128.40
365.20	128.60
365.58	129.80
365.95	129.40
366.33	128.20
366.71	128.60
367.09	127.40
367.46	130.20
367.84	131.80
368.22	130.80
368.60	132.00
368.97	130.80
369.35	129.60
369.73	130.80
370.11	133.00
370.48	133.20
370.86	132.80
371.24	132.40
371.62	134.00
371.99	134.80
372.37	133.80
372.75	136.00
373.12	137.20
373.50	136.60
373.88	137.80
374.25	138.20
374.63	136.80
375.01	137.80
375.38	137.80
375.76	138.40
376.14	139.20
376.51	139.80
376.89	141.80
377.27	142.60
377.64	142.80
378.02	142.40
378.40	142.60
378.77	145.20
379.15	147.00
379.53	146.80
379.90	147.80
380.28	149.20
380.66	148.20
381.03	147.40
381.41	150.80
381.78	150.00
382.16	149.60
382.54	149.60
382.91	153.20
383.29	153.80
383.66	156.60
384.04	155.20
384.42	154.80
384.79	155.00
385.17	157.60
385.54	160.20
385.92	161.20
386.29	161.00
386.67	162.40
387.05	162.00
387.42	164.20
387.80	163.80
388.17	163.20
388.55	165.80
388.92	167.00
389.30	168.60
389.67	171.00
390.05	171.40
390.42	172.00
390.80	173.00
391.17	174.20
391.55	176.00
391.92	176.40
392.30	176.00
392.67	176.60
393.05	179.20
393.42	183.20
393.80	181.20
394.17	184.20
394.55	184.40
394.92	185.80
395.30	185.40
395.67	189.60
396.05	191.80
396.42	194.00
396.80	194.00
397.17	195.80
397.55	195.20
397.92	202.40
398.29	202.00
398.67	204.20
399.04	205.00
399.42	206.00
399.79	206.40
400.17	209.20
400.54	208.40
400.91	210.20
401.29	209.80
401.66	214.00
402.04	210.40
402.41	211.20
402.78	215.20
403.16	217.20
403.53	222.00
403.90	224.60
404.28	223.40
404.65	229.00
405.03	226.40
405.40	226.20
405.77	228.80
406.15	228.40
406.52	230.40
406.89	231.80
407.27	235.00
407.64	238.20
408.01	239.40
408.39	242.80
408.76	245.20
409.13	244.40
409.51	247.60
409.88	255.60
410.25	257.60
410.62	253.20
411.00	254.60
411.37	257.80
411.74	256.60
412.12	260.80
412.49	258.00
412.86	268.80
413.23	267.40
413.61	269.40
413.98	281.20
414.35	274.80
414.73	277.80
415.10	269.20
415.47	284.40
415.84	283.40
416.22	279.20
416.59	285.80
416.96	292.60
417.33	292.60
417.70	293.40
418.08	305.20
418.45	299.00
418.82	302.20
419.19	305.20
419.57	316.00
419.94	313.80
420.31	319.60
420.68	316.80
421.05	311.80
421.42	317.20
421.80	323.80
422.17	325.80
422.54	334.80
422.91	331.60
423.28	330.60
423.65	335.40
424.03	336.40
424.40	336.40
424.77	345.00
425.14	346.00
425.51	346.40
425.88	353.60
426.25	354.60
426.63	359.20
427.00	354.20
427.37	369.60
427.74	376.40
428.11	368.20
428.48	380.60
428.85	375.60
429.22	384.20
429.59	382.40
429.97	386.40
430.34	389.20
430.71	395.40
431.08	400.00
431.45	412.00
431.82	403.20
432.19	406.00
432.56	417.20
432.93	413.80
433.30	422.80
433.67	423.00
434.04	429.60
434.41	439.80
434.78	438.80
435.15	437.60
435.52	450.80
435.89	453.40
436.26	460.40
436.63	458.20
437.00	469.40
437.37	471.60
437.74	466.80
438.11	484.00
438.48	479.80
438.85	497.20
439.22	499.20
439.59	508.20
439.96	498.00
440.33	509.20
440.70	520.40
441.07	517.40
441.44	530.80
441.81	514.80
442.18	527.00
442.55	524.00
442.92	534.40
443.29	537.40
443.66	528.20
444.03	541.20
444.40	545.40
444.77	560.60
445.14	553.40
445.51	573.20
445.88	565.80
446.24	570.20
446.61	583.20
446.98	563.40
447.35	594.20
447.72	589.80
448.09	586.60
448.46	584.80
448.83	590.40
449.20	596.60
449.56	589.80
449.93	606.40
450.30	597.60
450.67	621.80
451.04	600.60
451.41	600.00
451.78	631.00
452.14	621.80
452.51	620.80
452.88	620.20
453.25	623.80
453.62	637.00
453.99	631.00
454.35	642.60
454.72	648.00
455.09	648.20
455.46	662.00
455.83	669.80
456.19	669.00
456.56	667.20
456.93	666.60
457.30	677.00
457.66	678.20
458.03	690.80
458.40	689.00
458.77	696.40
459.14	700.20
459.50	700.60
459.87	687.40
460.24	714.00
460.61	714.40
460.97	724.20
461.34	707.00
461.71	728.00
462.07	716.40
462.44	747.40
462.81	760.40
463.18	758.20
463.54	747.80
463.91	770.00
464.28	772.20
464.64	771.00
465.01	773.80
465.38	799.40
465.75	775.40
466.11	800.00
466.48	797.00
466.85	792.40
467.21	798.40
467.58	812.80
467.95	821.20
468.31	829.60
468.68	847.20
469.04	863.40
469.41	872.00
469.78	861.20
470.14	875.20
470.51	876.40
470.88	891.40
471.24	893.40
471.61	921.60
471.98	913.20
472.34	932.00
472.71	940.60
473.07	951.20
473.44	953.00
473.81	965.40
474.17	965.60
474.54	988.80
474.90	997.00
475.27	984.80
475.63	1009.80
476.00	1028.40
476.37	1024.60
476.73	1031.40
477.10	1068.80
477.46	1068.60
477.83	1061.80
478.19	1079.80
478.56	1105.40
478.92	1116.00
479.29	1122.20
479.65	1124.20
480.02	1138.80
480.38	1167.60
480.75	1167.80
481.11	1176.00
481.48	1193.80
481.84	1187.60
482.21	1210.20
482.57	1223.40
482.94	1245.60
483.30	1253.20
483.67	1262.40
484.03	1271.00
484.40	1290.00
484.76	1292.00
485.13	1304.40
485.49	1330.80
485.86	1335.60
486.22	1349.80
486.59	1357.80
486.95	1366.20
487.31	1383.80
487.68	1383.20
488.04	1404.40
488.41	1414.40
488.77	1408.60
489.14	1434.60
489.50	1434.40
489.86	1447.20
490.23	1447.60
490.59	1459.80
490.96	1491.00
491.32	1490.00
491.68	1490.40
492.05	1495.20
492.41	1501.00
492.77	1524.60
493.14	1523.20
493.50	1541.20
493.87	1548.80
494.23	1564.20
494.59	1557.00
494.96	1571.60
495.32	1560.60
495.68	1580.20
496.05	1596.00
496.41	1593.40
496.77	1609.20
497.14	1605.60
497.50	1611.00
497.86	1617.60
498.23	1618.20
498.59	1616.80
498.95	1627.80
499.31	1638.40
499.68	1651.60
500.04	1657.20
500.40	1657.00
500.77	1657.20
501.13	1661.00
501.49	1666.00
501.85	1667.80
502.22	1671.40
502.58	1681.00
502.94	1693.80
503.30	1690.60
503.67	1690.60
504.03	1707.60
504.39	1699.80
504.75	1723.60
505.12	1710.00
505.48	1728.40
505.84	1731.60
506.20	1722.40
506.56	1715.40
506.93	1721.60
507.29	1742.40
507.65	1742.60
508.01	1755.80
508.37	1768.40
508.74	1746.20
509.10	1763.20
509.46	1779.40
509.82	1780.00
510.18	1775.00
510.54	1784.20
510.91	1775.80
511.27	1792.80
511.63	1800.60
511.99	1803.20
512.35	1807.00
512.71	1817.00
513.07	1805.40
513.43	1823.80
513.80	1821.60
514.16	1840.60
514.52	1842.60
514.88	1852.80
515.24	1858.20
515.60	1873.60
515.96	1857.60
516.32	1891.00
516.68	1883.20
517.04	1886.20
517.41	1881.40
517.77	1903.40
518.13	1897.60
518.49	1920.00
518.85	1912.00
519.21	1912.00
519.57	1941.80
519.93	1949.20
520.29	1940.00
520.65	1949.60
521.01	1962.00
521.37	1970.00
521.73	1953.80
522.09	1975.60
522.45	1991.80
522.81	1992.20
523.17	1997.80
523.53	2011.60
523.89	1995.60
524.25	2018.60
524.61	2016.80
524.97	2008.00
525.33	2032.00
525.69	2041.20
526.05	2047.60
526.41	2059.60
526.77	2065.80
527.13	2066.60
527.49	2075.20
527.85	2057.40
528.21	2089.20
528.57	2091.20
528.93	2097.60
529.29	2089.80
529.65	2094.60
530.00	2109.60
530.36	2107.80
530.72	2125.00
531.08	2123.20
531.44	2123.00
531.80	2133.40
532.16	2146.80
532.52	2144.40
532.88	2154.00
533.24	2146.80
533.59	2166.60
533.95	2144.20
534.31	2175.20
534.67	2163.60
535.03	2186.60
535.39	2166.20
535.75	2186.60
536.11	2190.80
536.46	2178.00
536.82	2183.60
537.18	2191.20
537.54	2201.80
537.90	2195.00
538.26	2189.80
538.61	2200.20
538.97	2227.80
539.33	2214.00
539.69	2215.00
540.05	2231.60
540.40	2218.40
540.76	2232.80
541.12	2237.60
541.48	2251.60
541.84	2240.00
542.19	2231.00
542.55	2243.20
542.91	2238.20
543.27	2247.00
543.62	2266.80
543.98	2253.80
544.34	2251.60
544.70	2271.60
545.05	2272.40
545.41	2279.60
545.77	2267.40
546.12	2291.80
546.48	2275.20
546.84	2284.20
547.20	2284.80
547.55	2287.20
547.91	2332.00
548.27	2295.00
548.62	2281.80
548.98	2298.80
549.34	2310.00
549.69	2318.20
550.05	2307.00
550.41	2324.40
550.77	2307.80
551.12	2320.40
551.48	2310.60
551.83	2339.60
552.19	2329.60
552.55	2342.00
552.90	2339.60
553.26	2348.40
553.62	2364.00
553.97	2353.60
554.33	2347.60
554.69	2355.00
555.04	2354.00
555.40	2365.40
555.75	2377.00
556.11	2401.60
556.47	2384.00
556.82	2394.60
557.18	2421.00
557.53	2388.40
557.89	2404.00
558.24	2424.60
558.60	2398.00
558.96	2436.40
559.31	2416.80
559.67	2437.20
560.02	2442.80
560.38	2424.40
560.73	2447.00
561.09	2469.60
561.44	2467.00
561.80	2448.20
562.16	2474.60
562.51	2462.40
562.87	2488.00
563.22	2476.00
563.58	2481.60
563.93	2503.40
564.29	2482.60
564.64	2517.80
565.00	2498.60
565.35	2514.80
565.71	2492.60
566.06	2534.20
566.41	2539.80
566.77	2513.60
567.12	2546.80
567.48	2545.00
567.83	2560.20
568.19	2563.20
568.54	2590.40
568.90	2566.00
569.25	2576.40
569.60	2585.40
569.96	2598.60
570.31	2567.20
570.67	2587.20
571.02	2603.20
571.38	2602.40
571.73	2596.60
572.08	2638.40
572.44	2603.80
572.79	2617.60
573.15	2627.60
573.50	2599.00
573.85	2642.80
574.21	2625.80
574.56	2611.40
574.91	2644.40
575.27	2625.60
575.62	2609.40
575.97	2611.00
576.33	2627.40
576.68	2632.40
577.03	2631.40
577.39	2620.60
577.74	2632.00
578.09	2637.40
578.45	2633.60
578.80	2640.80
579.15	2617.20
579.51	2641.20
579.86	2640.00
580.21	2660.60
580.57	2646.40
580.92	2644.20
581.27	2628.40
581.62	2660.40
581.98	2628.60
582.33	2646.00
582.68	2644.00
583.03	2633.20
583.39	2638.80
583.74	2643.80
584.09	2640.00
584.44	2641.60
584.80	2634.60
585.15	2615.80
585.50	2640.00
585.85	2630.40
586.21	2615.00
586.56	2642.80
586.91	2642.40
587.26	2640.80
587.61	2645.80
587.97	2600.00
588.32	2628.20
588.67	2632.60
589.02	2639.80
589.37	2598.00
589.73	2610.00
590.08	2637.60
590.43	2624.40
590.78	2619.40
591.13	2611.20
591.48	2640.60
591.83	2616.80
592.19	2626.60
592.54	2627.60
592.89	2615.20
593.24	2622.00
593.59	2629.80
593.94	2613.80
594.29	2636.80
594.64	2627.00
595.00	2635.80
595.35	2627.20
595.70	2620.00
596.05	2611.40
596.40	2623.00
596.75	2625.40
597.10	2630.80
597.45	2616.20
597.80	2643.00
598.15	2645.40
598.50	2639.20
598.85	2632.60
599.20	2638.80
599.55	2639.40
599.90	2632.80
600.26	2640.80
600.61	2657.80
600.96	2644.20
601.31	2660.20
601.66	2652.80
602.01	2637.00
602.36	2649.60
602.71	2649.00
603.06	2664.80
603.41	2674.80
603.76	2665.40
604.11	2692.40
604.46	2651.80
604.81	2682.00
605.16	2674.40
605.50	2687.80
605.85	2679.60
606.20	2696.20
606.55	2684.20
606.90	2676.00
607.25	2691.00
607.60	2689.80
607.95	2686.40
608.30	2691.80
608.65	2703.80
609.00	2695.00
609.35	2690.60
609.70	2699.80
610.05	2693.20
610.40	2706.00
610.74	2705.40
611.09	2700.20
611.44	2710.00
611.79	2721.60
612.14	2731.80
612.49	2734.60
612.84	2720.80
613.19	2728.60
613.53	2720.40
613.88	2734.00
614.23	2736.60
614.58	2740.40
614.93	2750.00
615.28	2748.20
615.62	2735.80
615.97	2744.00
616.32	2752.80
616.67	2746.60
617.02	2741.80
617.37	2752.20
617.71	2775.40
618.06	2778.60
618.41	2764.20
618.76	2759.60
619.11	2771.00
619.45	2778.80
619.80	2798.00
620.15	2760.80
620.50	2776.00
620.84	2783.20
621.19	2776.20
621.54	2784.20
621.89	2777.60
622.23	2753.80
622.58	2767.00
622.93	2765.00
623.28	2770.20
623.62	2752.20
623.97	2778.60
624.32	2772.20
624.66	2774.80
625.01	2774.80
625.36	2752.40
625.71	2769.80
626.05	2765.60
626.40	2766.60
626.75	2764.80
627.09	2763.20
627.44	2760.80
627.79	2762.40
628.13	2713.80
628.48	2758.00
628.83	2742.00
629.17	2716.40
629.52	2745.60
629.87	2726.80
630.21	2737.20
630.56	2730.20
630.90	2730.80
631.25	2731.80
631.60	2714.00
631.94	2724.00
632.29	2711.60
632.63	2727.80
632.98	2710.60
633.33	2694.00
633.67	2679.00
634.02	2698.80
634.36	2681.20
634.71	2670.60
635.06	2693.80
635.40	2664.60
635.75	2679.40
636.09	2653.00
636.44	2670.60
636.78	2650.40
637.13	2660.40
637.47	2637.00
637.82	2650.80
638.16	2607.40
638.51	2655.60
638.86	2625.00
639.20	2655.40
639.55	2623.80
639.89	2615.40
640.24	2607.60
640.58	2615.80
640.93	2580.60
641.27	2586.80
641.62	2607.60
641.96	2589.00
642.30	2558.80
642.65	2570.60
642.99	2565.80
643.34	2563.40
643.68	2565.80
644.03	2559.20
644.37	2555.40
644.72	2544.40
645.06	2559.80
645.40	2545.80
645.75	2553.80
646.09	2532.20
646.44	2556.60
646.78	2525.40
647.13	2536.60
647.47	2515.00
647.81	2510.60
648.16	2501.20
648.50	2511.80
648.85	2518.80
649.19	2500.80
649.53	2507.40
649.88	2502.80
650.22	2499.60
650.56	2500.20
650.91	2499.20
651.25	2487.80
651.59	2472.40
651.94	2486.00
652.28	2483.80
652.62	2492.60
652.97	2481.00
653.31	2470.20
653.65	2478.80
654.00	2472.20
654.34	2474.40
654.68	2470.80
655.03	2449.80
655.37	2470.20
655.71	2473.60
656.05	2448.20
656.40	2443.00
656.74	2448.00
657.08	2449.60
657.43	2470.60
657.77	2438.00
658.11	2449.60
658.45	2451.20
658.80	2451.20
659.14	2454.40
659.48	2433.40
659.82	2442.80
660.16	2455.80
660.51	2427.60
660.85	2438.80
661.19	2431.60
661.53	2444.60
661.87	2449.20
662.22	2453.20
662.56	2435.20
662.90	2457.40
663.24	2428.80
663.58	2427.40
663.93	2425.20
664.27	2414.00
664.61	2430.60
664.95	2433.00
665.29	2426.20
665.63	2417.80
665.98	2427.20
666.32	2431.00
666.66	2405.00
667.00	2403.40
667.34	2423.80
667.68	2419.20
668.02	2400.40
668.36	2440.00
668.70	2438.40
669.05	2387.60
669.39	2422.80
669.73	2412.80
670.07	2412.00
670.41	2407.60
670.75	2399.60
671.09	2409.00
671.43	2395.60
671.77	2411.60
672.11	2404.80
672.45	2403.40
672.79	2376.40
673.13	2398.00
673.47	2377.80
673.81	2407.40
674.16	2376.40
674.50	2393.80
674.84	2376.80
675.18	2385.80
675.52	2396.20
675.86	2375.80
676.20	2373.20
676.54	2359.60
676.88	2359.00
677.22	2370.80
677.56	2348.80
677.90	2356.80
678.23	2348.00
678.57	2359.80
678.91	2350.80
679.25	2350.80
679.59	2342.20
679.93	2344.80
680.27	2344.80
680.61	2326.20
680.95	2317.60
681.29	2333.60
681.63	2310.00
681.97	2338.60
682.31	2318.20
682.65	2327.40
682.99	2341.00
683.32	2292.60
683.66	2315.20
684.00	2296.00
684.34	2288.60
684.68	2261.80
685.02	2286.80
685.36	2268.00
685.70	2269.60
686.03	2261.60
686.37	2283.80
686.71	2249.80
687.05	2243.80
687.39	2223.60
687.73	2229.00
688.07	2224.60
688.40	2222.60
688.74	2225.40
689.08	2195.40
689.42	2210.20
689.76	2203.60
690.09	2186.80
690.43	2164.00
690.77	2208.60
691.11	2168.80
691.45	2148.60
691.78	2171.80
692.12	2153.60
692.46	2153.40
692.80	2159.40
693.13	2156.20
693.47	2131.00
693.81	2128.80
694.15	2120.80
694.48	2113.00
694.82	2099.40
695.16	2098.40
695.50	2098.20
695.83	2080.20
696.17	2078.20
696.51	2072.60
696.84	2072.60
697.18	2068.40
697.52	2058.40
697.85	2036.20
698.19	2052.20
698.53	2048.20
698.87	2022.60
699.20	2022.40
699.54	2003.80
699.88	2013.00
700.21	2001.60
700.55	1990.20
700.88	1991.80
701.22	1978.40
701.56	1994.80
701.89	1965.60
702.23	1966.00
702.57	1968.20
702.90	1939.20
703.24	1958.00
703.57	1939.00
703.91	1932.60
704.25	1932.80
704.58	1937.00
704.92	1919.20
705.25	1902.20
705.59	1910.80
705.93	1906.20
706.26	1888.60
706.60	1898.60
706.93	1884.60
707.27	1868.40
707.60	1888.40
707.94	1859.40
708.27	1864.00
708.61	1881.20
708.95	1845.80
709.28	1827.20
709.62	1846.60
709.95	1852.40
710.29	1845.20
710.62	1812.40
710.96	1825.00
711.29	1808.00
711.63	1821.00
711.96	1814.20
712.30	1819.40
712.63	1807.00
712.96	1805.60
713.30	1805.60
713.63	1786.20
713.97	1802.80
714.30	1793.00
714.64	1777.20
714.97	1773.00
715.31	1778.00
715.64	1766.00
715.97	1765.80
716.31	1760.20
716.64	1747.60
716.98	1761.60
717.31	1762.60
717.64	1752.80
717.98	1753.40
718.31	1746.60
718.65	1739.60
718.98	1715.40
719.31	1745.60
719.65	1732.80
719.98	1725.00
720.32	1728.40
720.65	1721.60
720.98	1715.80
721.32	1713.80
721.65	1708.40
721.98	1709.00
722.32	1717.40
722.65	1716.60
722.98	1681.40
723.32	1692.60
723.65	1674.40
723.98	1689.80
724.31	1677.80
724.65	1691.60
724.98	1676.80
725.31	1674.40
725.65	1684.80
725.98	1694.60
726.31	1663.80
726.64	1664.60
726.98	1672.20
727.31	1675.60
727.64	1683.60
727.97	1673.60
728.31	1663.80
728.64	1665.20
728.97	1659.20
729.30	1662.40
729.64	1686.00
729.97	1660.20
730.30	1654.20
730.63	1661.60
730.96	1653.60
731.30	1649.40
731.63	1656.20
731.96	1647.60
732.29	1650.40
732.62	1649.20
732.96	1627.20
733.29	1632.80
733.62	1632.80
733.95	1622.40
734.28	1631.40
734.61	1619.00
734.94	1630.80
735.28	1623.00
735.61	1617.40
735.94	1621.60
736.27	1609.00
736.60	1612.80
736.93	1622.80
737.26	1609.40
737.59	1606.40
737.92	1615.80
738.26	1608.00
738.59	1583.60
738.92	1598.00
739.25	1594.00
739.58	1589.60
739.91	1595.20
740.24	1584.40
740.57	1581.40
740.90	1589.60
741.23	1581.00
741.56	1574.80
741.89	1576.40
742.22	1559.60
742.55	1583.00
742.88	1582.60
743.21	1561.00
743.54	1568.00
743.87	1562.20
744.20	1565.00
744.53	1555.40
744.86	1554.40
745.19	1548.40
745.52	1545.80
745.85	1554.00
746.18	1553.00
746.51	1526.40
746.84	1540.60
747.17	1533.40
747.50	1523.20
747.83	1523.40
748.16	1523.60
748.49	1529.60
748.82	1512.80
749.15	1512.40
749.48	1521.00
749.81	1517.60
750.14	1505.60
750.46	1509.40
750.79	1489.40
751.12	1494.80
751.45	1491.80
751.78	1480.60
752.11	1484.80
752.44	1480.20
752.77	1474.00
753.10	1472.40
753.42	1467.80
753.75	1467.60
754.08	1455.60
754.41	1443.40
754.74	1446.20
755.07	1448.00
755.39	1419.40
755.72	1431.00
756.05	1428.80
756.38	1429.20
756.71	1438.00
757.04	1400.40
757.36	1415.60
757.69	1405.60
758.02	1408.80
758.35	1399.80
758.67	1395.20
759.00	1395.40
759.33	1380.20
759.66	1372.40
759.99	1355.40
760.31	1354.40
760.64	1357.00
760.97	1367.00
761.30	1341.60
761.62	1343.60
761.95	1341.20
762.28	1343.00
762.60	1323.20
762.93	1324.80
763.26	1340.60
763.59	1308.60
763.91	1319.80
764.24	1307.00
764.57	1305.60
764.89	1294.40
765.22	1298.80
765.55	1287.20
765.87	1289.20
766.20	1253.20
766.53	1265.60
766.85	1266.60
767.18	1256.80
767.51	1256.60
767.83	1248.20
768.16	1252.00
768.48	1252.60
768.81	1236.40
769.14	1232.80
769.46	1220.80
769.79	1224.20
770.12	1216.00
770.44	1203.40
770.77	1213.00
771.09	1196.40
771.42	1185.00
771.74	1179.80
772.07	1182.80
772.40	1172.20
772.72	1178.20
773.05	1170.40
773.37	1168.60
773.70	1155.80
774.02	1148.80
774.35	1148.80
774.67	1128.80
775.00	1132.00
775.32	1124.80
775.65	1112.60
775.97	1119.60
776.30	1112.00
776.63	1094.00
776.95	1111.60
777.27	1090.60
777.60	1077.20
777.92	1078.40
778.25	1085.00
778.57	1078.80
778.90	1076.80
779.22	1070.00
779.55	1071.60
779.87	1056.20
780.20	1055.80
780.52	1051.00
780.85	1038.00
781.17	1030.60
781.49	1030.00
781.82	1030.40
782.14	1021.80
782.47	1029.20
782.79	1009.20
783.11	1003.60
783.44	998.60
783.76	1001.80
784.09	978.00
784.41	989.40
784.73	980.00
785.06	966.60
785.38	973.40
785.70	968.80
786.03	975.00
786.35	953.20
786.67	955.00
787.00	961.20
787.32	949.00
787.64	949.00
787.97	945.20
788.29	935.20
788.61	931.60
788.94	945.00
789.26	939.00
789.58	927.80
789.91	936.80
790.23	933.80
790.55	939.20
790.87	925.60
791.20	930.00
791.52	928.40
791.84	923.80
792.16	926.80
792.49	924.40
792.81	919.00
793.13	925.20
793.45	910.00
793.78	924.20
794.10	925.00
794.42	918.80
794.74	915.60
795.06	921.60
795.39	926.20
795.71	926.40
796.03	927.00
796.35	922.00
796.67	923.00
797.00	925.80
797.32	925.20
797.64	916.40
797.96	925.20
798.28	930.60
798.60	939.80
798.93	927.40
799.25	926.40
799.57	931.00
799.89	923.20
800.21	917.60
800.53	919.00
800.85	931.20
801.17	930.40
801.50	933.20
801.82	921.00
802.14	924.00
802.46	920.60
802.78	921.40
803.10	930.00
803.42	925.00
803.74	917.20
804.06	915.20
804.38	921.40
804.70	909.60
805.02	917.80
805.34	917.80
805.66	917.40
805.98	914.80
806.30	918.00
806.62	912.00
806.94	917.60
807.26	904.40
807.58	901.60
807.90	915.80
808.22	909.40
808.54	922.60
808.86	918.20
809.18	906.60
809.50	917.40
809.82	909.00
810.14	905.60
810.46	905.00
810.78	908.80
811.10	912.40
811.42	906.40
811.74	899.60
812.06	911.40
812.38	892.60
812.70	887.20
813.02	890.80
813.34	896.40
813.66	878.00
813.97	888.80
814.29	886.80
814.61	876.00
814.93	886.20
815.25	883.00
815.57	886.60
815.89	883.20
816.21	873.00
816.52	873.20
816.84	877.80
817.16	882.00
817.48	881.40
817.80	871.00
818.12	874.60
818.43	874.80
818.75	868.80
819.07	856.20
819.39	861.80
819.71	860.60
820.03	858.00
820.34	856.00
820.66	857.20
820.98	844.40
821.30	863.20
821.61	847.00
821.93	859.00
822.25	847.60
822.57	851.60
822.88	842.40
823.20	836.20
823.52	834.60
823.84	832.20
824.15	843.20
824.47	834.00
824.79	847.60
825.11	842.60
825.42	843.40
825.74	834.00
826.06	832.20
826.37	837.80
826.69	826.40
827.01	826.60
827.32	821.60
827.64	821.40
827.96	822.40
828.27	820.60
828.59	823.80
828.91	815.20
829.22	818.00
829.54	816.60
829.86	808.60
830.17	812.60
830.49	819.80
830.81	809.60
831.12	811.00
831.44	804.00
831.75	807.40
832.07	801.00
832.39	810.60
832.70	799.60
833.02	791.20
833.33	795.20
833.65	800.60
833.96	799.60
834.28	797.80
834.60	789.00
834.91	785.40
835.23	789.80
835.54	782.80
835.86	785.80
836.17	785.40
836.49	784.00
836.80	784.80
837.12	776.40
837.43	774.00
837.75	779.80
838.06	776.20
838.38	767.80
838.69	762.40
839.01	761.80
839.32	763.60
839.64	757.40
839.95	768.60
840.27	765.20
840.58	754.60
840.90	750.40
841.21	757.60
841.53	755.00
841.84	749.40
842.15	748.20
842.47	753.80
842.78	737.00
843.10	745.20
843.41	744.40
843.72	732.80
844.04	729.60
844.35	729.60
844.67	725.40
844.98	722.40
845.29	723.00
845.61	713.60
845.92	712.80
846.23	720.80
846.55	721.00
846.86	706.80
847.18	704.20
847.49	706.00
847.80	706.60
848.12	701.00
848.43	693.80
848.74	693.20
849.05	686.40
849.37	692.20
849.68	690.40
849.99	681.20
850.31	672.00
850.62	673.60
850.93	674.40
851.24	672.00
851.56	673.40
851.87	664.00
852.18	663.80
852.50	668.40
852.81	672.00
853.12	660.00
853.43	662.40
853.74	656.20
854.06	648.60
854.37	649.80
854.68	652.40
854.99	643.00
855.31	643.00
855.62	634.80
855.93	637.60
856.24	632.80
856.55	622.60
856.87	621.60
857.18	620.00
857.49	623.00
857.80	609.60
858.11	605.40
858.42	611.60
858.73	610.40
859.05	604.00
859.36	599.80
859.67	596.40
859.98	590.00
860.29	589.80
860.60	593.60
860.91	588.00
861.22	584.00
861.54	583.60
861.85	588.40
862.16	576.80
862.47	577.40
862.78	575.80
863.09	569.80
863.40	570.40
863.71	569.00
864.02	565.20
864.33	564.00
864.64	559.20
864.95	558.00
865.26	550.60
865.57	548.80
865.88	543.00
866.19	546.00
866.50	540.20
866.81	543.80
867.12	539.20
867.43	545.80
867.74	527.60
868.05	532.80
868.36	528.40
868.67	528.60
868.98	522.20
869.29	519.40
869.60	519.80
869.91	523.60
870.22	521.00
870.53	515.60
870.84	506.80
871.15	507.80
871.46	505.40
871.77	500.80
872.08	498.80
872.39	492.60
872.69	490.80
873.00	488.20
873.31	484.40
873.62	482.20
873.93	480.20
874.24	476.00
874.55	478.80
874.86	476.00
875.16	473.00
875.47	471.20
875.78	467.40
876.09	460.40
876.40	466.40
876.71	451.20
877.01	454.60
877.32	455.80
877.63	454.00
877.94	454.20
878.25	445.60
878.56	443.20
878.86	437.00
879.17	444.40
879.48	434.80
879.79	440.40
880.09	441.80
880.40	430.20
880.71	433.60
881.02	433.40
881.32	433.20
881.63	426.80
881.94	425.80
882.25	425.80
882.55	425.60
882.86	421.00
883.17	420.20
883.48	419.60
883.78	417.80
884.09	415.20
884.40	413.80
884.70	409.00
885.01	408.00
885.32	410.00
885.62	407.00
885.93	409.80
886.24	406.40
886.54	404.60
886.85	401.40
887.16	407.40
887.46	399.60
887.77	407.40
888.08	405.60
888.38	403.60
888.69	404.00
888.99	397.40
889.30	408.80
889.61	400.00
889.91	401.40
890.22	402.00
890.52	401.00
890.83	400.20
891.14	398.00
891.44	396.00
891.75	398.20
892.05	395.00
892.36	397.40
892.66	392.80
892.97	394.40
893.27	393.20
893.58	390.60
893.89	397.20
894.19	395.40
894.50	391.80
894.80	397.20
895.11	393.00
895.41	399.40
895.72	395.20
896.02	392.60
896.33	395.60
896.63	397.60
896.93	393.00
897.24	393.40
897.54	394.40
897.85	394.40
898.15	386.20
898.46	390.40
898.76	399.20
899.07	396.40
899.37	394.00
899.67	393.20
899.98	397.80
900.28	395.00
900.59	394.20
900.89	389.60
901.19	391.80
901.50	394.40
901.80	395.20
902.11	395.20
902.41	398.40
902.71	393.80
903.02	393.40
903.32	392.60
903.62	391.20
903.93	395.40
904.23	393.00
904.53	395.00
904.84	391.00
905.14	389.20
905.44	384.20
905.75	384.60
906.05	392.60
906.35	392.80
906.66	388.80
906.96	387.20
907.26	386.80
907.56	385.00
907.87	394.60
908.17	385.40
908.47	386.00
908.77	384.00
909.08	382.40
909.38	385.20
909.68	387.20
909.98	383.00
910.29	385.20
910.59	384.60
910.89	383.40
911.19	382.60
911.50	380.20
911.80	376.00
912.10	381.40
912.40	380.60
912.70	377.60
913.00	379.00
913.31	375.40
913.61	378.20
913.91	381.00
914.21	378.80
914.51	379.00
914.81	377.80
915.12	372.00
915.42	383.80
915.72	374.00
916.02	369.60
916.32	371.40
916.62	375.20
916.92	372.80
917.22	366.80
917.52	367.80
917.83	365.00
918.13	364.20
918.43	358.40
918.73	363.80
919.03	364.20
919.33	362.80
919.63	364.40
919.93	359.20
920.23	358.00
920.53	357.60
920.83	352.80
921.13	357.60
921.43	351.80
921.73	346.60
922.03	353.40
922.33	351.40
922.63	347.40
922.93	348.60
923.23	347.20
923.53	344.60
923.83	341.40
924.13	339.20
924.43	348.00
924.73	341.20
925.03	341.20
925.33	344.80
925.63	340.40
925.93	336.60
926.23	338.00
926.53	333.60
926.83	333.20
927.13	335.00
927.42	331.00
927.72	333.60
928.02	329.60
928.32	330.20
928.62	335.40
928.92	332.00
929.22	333.80
929.52	328.40
929.82	326.20
930.11	321.20
930.41	326.60
930.71	325.40
931.01	323.00
931.31	326.80
931.61	323.20
931.90	324.20
932.20	321.40
932.50	318.00
932.80	318.60
933.10	318.60
933.39	316.80
933.69	316.60
933.99	316.60
934.29	313.00
934.59	314.20
934.88	312.00
935.18	307.40
935.48	307.80
935.78	308.40
936.07	308.40
936.37	303.20
936.67	304.20
936.97	297.60
937.26	306.40
937.56	299.40
937.86	302.40
938.15	298.40
938.45	298.00
938.75	295.00
939.05	296.40
939.34	294.20
939.64	295.40
939.94	289.40
940.23	290.60
940.53	287.20
940.83	287.60
941.12	291.40
941.42	287.20
941.71	287.60
942.01	286.60
942.31	284.80
942.60	283.40
942.90	281.60
943.20	282.60
943.49	279.00
943.79	282.80
944.08	276.40
944.38	279.60
944.68	279.40
944.97	277.00
945.27	274.60
945.56	274.00
945.86	273.60
946.15	272.80
946.45	274.00
946.74	267.60
947.04	270.80
947.34	266.60
947.63	266.00
947.93	266.00
948.22	266.40
948.52	264.20
948.81	262.00
949.11	260.20
949.40	257.40
949.70	260.00
949.99	259.20
950.29	258.60
950.58	260.80
950.87	253.20
951.17	256.40
951.46	252.00
951.76	252.80
952.05	249.60
952.35	252.20
952.64	249.80
952.94	251.40
953.23	250.80
953.52	250.80
953.82	248.80
954.11	248.60
954.41	248.00
954.70	242.40
954.99	244.20
955.29	244.40
955.58	241.80
955.87	238.80
956.17	238.80
956.46	235.60
956.76	240.80
957.05	234.20
957.34	231.40
957.64	234.80
957.93	234.20
958.22	232.60
958.52	231.80
958.81	231.60
959.10	229.80
959.39	227.40
959.69	226.60
959.98	229.80
960.27	225.60
960.57	226.40
960.86	224.00
961.15	222.40
961.44	225.00
961.74	222.80
962.03	227.80
962.32	224.20
962.61	224.40
962.91	221.00
963.20	218.20
963.49	219.80
963.78	216.20
964.07	213.60
964.37	215.00
964.66	213.40
964.95	211.80
965.24	213.20
965.53	212.80
965.83	213.40
966.12	208.80
966.41	209.80
966.70	207.00
966.99	209.20
967.28	207.40
967.57	208.00
967.87	204.60
968.16	204.80
968.45	203.60
968.74	202.80
969.03	203.80
969.32	203.20
969.61	198.80
969.90	201.60
970.19	198.00
970.49	199.20
970.78	200.60
971.07	195.60
971.36	197.00
971.65	196.60
971.94	196.80
972.23	194.20
972.52	194.00
972.81	189.60
973.10	192.20
973.39	189.40
973.68	188.60
973.97	189.80
974.26	191.20
974.55	186.40
974.84	189.00
975.13	190.80
975.42	185.60
975.71	186.00
976.00	184.60
976.29	181.80
976.58	184.40
976.87	178.80
977.16	186.40
977.45	183.20
977.74	182.40
978.03	181.40
978.32	182.00
978.60	180.40
978.89	181.60
979.18	180.00
979.47	177.00
979.76	179.40
980.05	178.20
980.34	178.80
980.63	177.40
980.92	177.40
981.20	176.20
981.49	173.20
981.78	174.20
982.07	173.00
982.36	172.80
982.65	171.20
982.94	168.80
983.22	172.40
983.51	170.20
983.80	168.20
984.09	168.80
984.38	168.00
984.66	166.40
984.95	165.20
985.24	166.40
985.53	165.80
985.82	165.20
986.10	165.20
986.39	164.00
986.68	163.20
986.97	164.00
987.25	164.60
987.54	163.60
987.83	162.20
988.12	162.20
988.40	163.40
988.69	160.80
988.98	162.00
989.26	161.60
989.55	159.80
989.84	158.60
990.12	159.20
990.41	160.40
990.70	156.00
990.98	154.20
991.27	157.20
991.56	158.20
991.84	157.80
992.13	157.00
992.42	156.00
992.70	154.40
992.99	158.00
993.28	155.20
993.56	151.60
993.85	153.00
994.13	154.20
994.42	152.40
994.71	153.00
994.99	151.40
995.28	152.00
995.56	151.40
995.85	152.00
996.14	152.00
996.42	150.00
996.71	150.20
996.99	150.40
997.28	148.80
997.56	149.60
997.85	150.00
998.13	149.60
998.42	147.80
998.70	147.00
998.99	147.80
999.27	148.60
999.56	146.60
999.84	149.40
1000.13	148.20
1000.41	145.20
1000.70	145.80
1000.98	146.20
1001.27	145.20
1001.55	144.60
1001.84	145.60
1002.12	143.40
1002.40	142.60
1002.69	143.00
1002.97	143.40
1003.26	144.20
1003.54	141.40
1003.83	140.60
1004.11	142.00
1004.39	140.80
1004.68	141.80
1004.96	142.40
1005.24	140.80
1005.53	140.20
1005.81	141.20
1006.10	139.40
1006.38	140.20
1006.66	139.80
1006.95	139.60
1007.23	141.00
1007.51	138.80
1007.80	137.80
1008.08	137.80
1008.36	137.20
1008.65	138.00
1008.93	137.80
1009.21	137.20
1009.49	136.80
1009.78	137.40
1010.06	135.20
1010.34	136.60
1010.63	136.00
1010.91	134.20
1011.19	133.80
1011.47	133.80
1011.76	134.00
1012.04	134.80
1012.32	136.40
1012.60	135.80
1012.88	133.60
1013.17	133.20
1013.45	133.60
1013.73	133.40
1014.01	134.20
1014.29	134.20
1014.58	132.40
1014.86	132.80
1015.14	133.60
1015.42	133.40
1015.70	132.40
1015.98	132.60
1016.27	131.40
1016.55	130.40
1016.83	131.80
1017.11	131.20
1017.39	131.60
1017.67	131.80
1017.95	131.40
1018.23	130.60
1018.52	130.60
1018.80	130.80
1019.08	132.00
1019.36	131.60
1019.64	129.40
1019.92	127.60
1020.20	128.80
1020.48	129.60
1020.76	131.00
1021.04	132.20
1021.32	131.20
1021.60	129.80
1021.88	129.40
1022.16	129.40
1022.44	130.00
1022.72	129.00
