	0.0	
339.41	0.00
339.79	113.20
340.17	114.20
340.55	115.00
340.94	116.40
341.32	117.40
341.70	118.40
342.08	119.80
342.46	120.40
342.84	121.40
343.22	121.80
343.60	122.40
343.98	121.20
344.36	120.80
344.74	122.00
345.12	121.60
345.50	120.60
345.88	121.20
346.26	121.80
346.64	121.00
347.02	119.40
347.40	120.60
347.78	120.80
348.15	120.60
348.53	123.00
348.91	127.80
349.29	128.20
349.67	129.20
350.05	127.80
350.43	127.80
350.81	128.20
351.19	128.00
351.57	129.60
351.95	130.60
352.33	130.20
352.71	129.20
353.09	130.00
353.47	130.60
353.84	129.20
354.22	130.60
354.60	129.40
354.98	129.60
355.36	130.20
355.74	132.00
356.12	131.80
356.50	132.60
356.88	133.20
357.25	134.80
357.63	134.40
358.01	133.40
358.39	133.80
358.77	135.00
359.15	134.00
359.53	135.20
359.90	135.20
360.28	136.20
360.66	135.80
361.04	135.40
361.42	136.00
361.80	138.20
362.17	138.60
362.55	137.40
362.93	140.20
363.31	140.00
363.69	140.40
364.06	138.80
364.44	140.20
364.82	139.80
365.20	140.80
365.58	141.80
365.95	140.40
366.33	142.40
366.71	143.20
367.09	142.80
367.46	141.00
367.84	141.20
368.22	142.20
368.60	143.20
368.97	144.80
369.35	143.60
369.73	145.60
370.11	145.80
370.48	146.40
370.86	147.80
371.24	149.60
371.62	150.60
371.99	150.80
372.37	150.40
372.75	151.20
373.12	151.40
373.50	153.80
373.88	152.00
374.25	151.20
374.63	152.00
375.01	151.40
375.38	157.40
375.76	155.60
376.14	157.60
376.51	159.60
376.89	159.00
377.27	157.80
377.64	163.00
378.02	161.60
378.40	162.80
378.77	164.80
379.15	166.00
379.53	165.20
379.90	168.60
380.28	165.60
380.66	167.60
381.03	169.00
381.41	170.80
381.78	169.00
382.16	171.60
382.54	176.20
382.91	176.20
383.29	175.60
383.66	177.20
384.04	181.00
384.42	180.20
384.79	180.00
385.17	182.00
385.54	184.00
385.92	189.40
386.29	185.60
386.67	184.80
387.05	188.20
387.42	192.00
387.80	192.80
388.17	192.20
388.55	194.00
388.92	195.80
389.30	199.00
389.67	202.00
390.05	203.20
390.42	205.40
390.80	205.80
391.17	207.80
391.55	207.80
391.92	212.40
392.30	211.40
392.67	213.60
393.05	214.60
393.42	216.60
393.80	220.20
394.17	221.60
394.55	223.80
394.92	221.00
395.30	225.60
395.67	229.40
396.05	229.40
396.42	234.00
396.80	234.20
397.17	233.80
397.55	234.20
397.92	243.20
398.29	245.00
398.67	242.80
399.04	244.80
399.42	250.80
399.79	250.80
400.17	254.40
400.54	257.60
400.91	254.80
401.29	261.00
401.66	261.80
402.04	264.20
402.41	264.40
402.78	269.00
403.16	268.40
403.53	271.00
403.90	280.80
404.28	271.60
404.65	284.60
405.03	279.40
405.40	286.20
405.77	284.40
406.15	283.60
406.52	287.20
406.89	295.80
407.27	289.60
407.64	301.80
408.01	303.00
408.39	308.60
408.76	307.80
409.13	307.40
409.51	316.80
409.88	316.00
410.25	322.80
410.62	322.60
411.00	334.60
411.37	326.80
411.74	325.40
412.12	339.00
412.49	330.40
412.86	340.60
413.23	340.40
413.61	344.20
413.98	356.40
414.35	354.80
414.73	357.80
415.10	347.00
415.47	364.20
415.84	361.20
416.22	361.20
416.59	368.40
416.96	375.00
417.33	375.00
417.70	373.60
418.08	395.40
418.45	386.60
418.82	390.20
419.19	397.80
419.57	410.00
419.94	400.00
420.31	416.60
420.68	411.60
421.05	408.20
421.42	415.80
421.80	412.40
422.17	418.00
422.54	438.60
422.91	427.60
423.28	430.00
423.65	435.20
424.03	442.20
424.40	441.20
424.77	446.60
425.14	451.00
425.51	453.20
425.88	462.80
426.25	464.20
426.63	473.20
427.00	468.80
427.37	488.40
427.74	502.00
428.11	486.40
428.48	495.00
428.85	506.20
429.22	505.40
429.59	508.80
429.97	516.80
430.34	512.00
430.71	525.40
431.08	527.60
431.45	549.20
431.82	537.60
432.19	540.60
432.56	556.60
432.93	551.00
433.30	557.60
433.67	569.80
434.04	568.40
434.41	585.00
434.78	576.60
435.15	587.40
435.52	608.20
435.89	611.60
436.26	607.40
436.63	613.80
437.00	623.00
437.37	624.40
437.74	625.80
438.11	650.00
438.48	638.40
438.85	655.40
439.22	672.00
439.59	685.60
439.96	668.20
440.33	683.00
440.70	697.60
441.07	692.20
441.44	717.40
441.81	695.60
442.18	704.00
442.55	711.80
442.92	731.40
443.29	724.40
443.66	711.20
444.03	730.80
444.40	739.40
444.77	759.60
445.14	752.20
445.51	772.80
445.88	765.80
446.24	766.00
446.61	777.60
446.98	766.00
447.35	799.00
447.72	804.80
448.09	801.00
448.46	781.80
448.83	805.60
449.20	803.80
449.56	806.80
449.93	827.60
450.30	806.00
450.67	848.00
451.04	811.20
451.41	817.20
451.78	847.40
452.14	839.80
452.51	843.40
452.88	840.80
453.25	843.80
453.62	862.20
453.99	864.40
454.35	864.00
454.72	879.60
455.09	884.80
455.46	896.40
455.83	916.20
456.19	917.80
456.56	912.00
456.93	912.00
457.30	922.20
457.66	934.80
458.03	933.80
458.40	938.00
458.77	948.00
459.14	960.80
459.50	959.80
459.87	925.60
460.24	979.60
460.61	975.00
460.97	990.60
461.34	980.80
461.71	982.60
462.07	984.20
462.44	1018.60
462.81	1048.00
463.18	1032.40
463.54	1022.40
463.91	1069.00
464.28	1049.20
464.64	1058.20
465.01	1059.20
465.38	1083.60
465.75	1065.40
466.11	1093.00
466.48	1090.40
466.85	1087.40
467.21	1098.80
467.58	1116.60
467.95	1127.60
468.31	1135.20
468.68	1153.00
469.04	1174.60
469.41	1197.40
469.78	1180.80
470.14	1208.60
470.51	1203.80
470.88	1225.20
471.24	1222.00
471.61	1263.60
471.98	1246.40
472.34	1288.20
472.71	1292.60
473.07	1305.00
473.44	1302.20
473.81	1338.00
474.17	1323.80
474.54	1362.20
474.90	1369.80
475.27	1364.00
475.63	1393.20
476.00	1399.20
476.37	1407.00
476.73	1416.60
477.10	1462.80
477.46	1474.00
477.83	1468.20
478.19	1502.40
478.56	1518.20
478.92	1538.60
479.29	1544.20
479.65	1554.20
480.02	1555.60
480.38	1589.20
480.75	1609.20
481.11	1626.60
481.48	1657.40
481.84	1665.40
482.21	1686.20
482.57	1691.20
482.94	1715.80
483.30	1726.40
483.67	1744.00
484.03	1762.00
484.40	1773.40
484.76	1783.80
485.13	1811.20
485.49	1824.40
485.86	1854.00
486.22	1854.60
486.59	1858.80
486.95	1888.20
487.31	1898.00
487.68	1908.20
488.04	1937.00
488.41	1945.00
488.77	1943.40
489.14	1969.20
489.50	1977.80
489.86	1991.40
490.23	2008.60
490.59	2013.60
490.96	2048.80
491.32	2044.20
491.68	2071.60
492.05	2066.80
492.41	2081.80
492.77	2098.40
493.14	2105.00
493.50	2126.20
493.87	2125.00
494.23	2139.40
494.59	2150.60
494.96	2163.60
495.32	2147.60
495.68	2190.40
496.05	2181.40
496.41	2218.20
496.77	2218.40
497.14	2210.80
497.50	2234.60
497.86	2228.60
498.23	2229.00
498.59	2231.40
498.95	2248.00
499.31	2270.20
499.68	2269.20
500.04	2286.00
500.40	2289.80
500.77	2286.00
501.13	2294.60
501.49	2294.20
501.85	2300.60
502.22	2306.20
502.58	2308.20
502.94	2325.40
503.30	2321.40
503.67	2326.20
504.03	2348.00
504.39	2340.40
504.75	2374.40
505.12	2361.80
505.48	2388.40
505.84	2371.80
506.20	2383.80
506.56	2381.00
506.93	2378.20
507.29	2421.20
507.65	2390.60
508.01	2417.00
508.37	2422.60
508.74	2408.80
509.10	2436.60
509.46	2440.00
509.82	2449.60
510.18	2475.20
510.54	2468.40
510.91	2467.60
511.27	2459.80
511.63	2482.20
511.99	2483.40
512.35	2485.40
512.71	2497.20
513.07	2522.00
513.43	2497.60
513.80	2514.20
514.16	2520.40
514.52	2530.40
514.88	2546.40
515.24	2552.60
515.60	2568.00
515.96	2556.40
516.32	2579.40
516.68	2583.40
517.04	2596.80
517.41	2592.80
517.77	2608.20
518.13	2615.00
518.49	2632.60
518.85	2638.20
519.21	2655.00
519.57	2648.60
519.93	2664.60
520.29	2676.00
520.65	2679.00
521.01	2692.40
521.37	2706.40
521.73	2700.00
522.09	2722.60
522.45	2747.80
522.81	2734.80
523.17	2757.20
523.53	2758.20
523.89	2746.80
524.25	2770.00
524.61	2763.60
524.97	2769.60
525.33	2795.80
525.69	2796.20
526.05	2819.20
526.41	2822.60
526.77	2853.20
527.13	2826.80
527.49	2873.20
527.85	2835.80
528.21	2887.00
528.57	2888.80
528.93	2880.80
529.29	2882.80
529.65	2877.20
530.00	2899.60
530.36	2885.40
530.72	2917.00
531.08	2910.20
531.44	2933.80
531.80	2939.80
532.16	2957.00
532.52	2943.00
532.88	2950.20
533.24	2957.40
533.59	2972.80
533.95	2953.00
534.31	2986.60
534.67	2978.00
535.03	2998.20
535.39	2981.20
535.75	3006.00
536.11	2985.20
536.46	2990.60
536.82	2980.00
537.18	3007.00
537.54	3021.80
537.90	3016.80
538.26	3014.00
538.61	3016.00
538.97	3059.20
539.33	3047.20
539.69	3062.20
540.05	3049.00
540.40	3037.40
540.76	3063.40
541.12	3067.20
541.48	3111.00
541.84	3055.00
542.19	3078.60
542.55	3076.80
542.91	3067.60
543.27	3095.20
543.62	3121.80
543.98	3100.20
544.34	3088.20
544.70	3136.60
545.05	3132.40
545.41	3120.80
545.77	3122.20
546.12	3129.20
546.48	3125.40
546.84	3124.60
547.20	3127.40
547.55	3145.00
547.91	3174.60
548.27	3139.60
548.62	3153.40
548.98	3165.80
549.34	3149.20
549.69	3170.20
550.05	3158.40
550.41	3173.60
550.77	3157.20
551.12	3171.40
551.48	3188.60
551.83	3205.60
552.19	3195.20
552.55	3206.60
552.90	3200.60
553.26	3222.20
553.62	3220.00
553.97	3233.60
554.33	3233.40
554.69	3260.00
555.04	3247.80
555.40	3260.40
555.75	3268.00
556.11	3294.40
556.47	3263.40
556.82	3301.80
557.18	3321.40
557.53	3269.40
557.89	3307.80
558.24	3297.60
558.60	3295.20
558.96	3333.40
559.31	3314.20
559.67	3334.60
560.02	3339.80
560.38	3323.20
560.73	3363.20
561.09	3365.00
561.44	3379.00
561.80	3355.80
562.16	3387.40
562.51	3382.20
562.87	3425.00
563.22	3408.00
563.58	3405.40
563.93	3405.40
564.29	3416.20
564.64	3429.40
565.00	3425.60
565.35	3417.60
565.71	3426.60
566.06	3462.20
566.41	3459.00
566.77	3440.60
567.12	3490.80
567.48	3481.20
567.83	3488.80
568.19	3496.20
568.54	3521.20
568.90	3510.40
569.25	3501.00
569.60	3521.40
569.96	3537.00
570.31	3503.80
570.67	3536.00
571.02	3541.60
571.38	3543.40
571.73	3564.20
572.08	3600.60
572.44	3552.00
572.79	3571.00
573.15	3566.60
573.50	3562.20
573.85	3603.40
574.21	3584.20
574.56	3561.60
574.91	3600.80
575.27	3595.20
575.62	3579.00
575.97	3598.00
576.33	3597.20
576.68	3590.60
577.03	3597.20
577.39	3581.00
577.74	3595.60
578.09	3601.00
578.45	3606.20
578.80	3600.00
579.15	3590.40
579.51	3608.20
579.86	3599.80
580.21	3616.80
580.57	3617.40
580.92	3607.60
581.27	3602.60
581.62	3620.40
581.98	3596.00
582.33	3604.00
582.68	3597.80
583.03	3592.20
583.39	3604.00
583.74	3613.00
584.09	3603.20
584.44	3607.80
584.80	3597.80
585.15	3558.80
585.50	3590.40
585.85	3608.40
586.21	3565.20
586.56	3594.60
586.91	3588.80
587.26	3605.40
587.61	3603.40
587.97	3556.20
588.32	3589.20
588.67	3572.00
589.02	3595.80
589.37	3555.20
589.73	3573.60
590.08	3587.80
590.43	3540.20
590.78	3569.40
591.13	3570.40
591.48	3586.60
591.83	3566.80
592.19	3561.20
592.54	3573.40
592.89	3571.60
593.24	3596.40
593.59	3571.80
593.94	3560.20
594.29	3596.40
594.64	3582.00
595.00	3608.80
595.35	3587.60
595.70	3565.00
596.05	3565.60
596.40	3568.20
596.75	3564.00
597.10	3600.80
597.45	3565.40
597.80	3590.60
598.15	3599.40
598.50	3586.00
598.85	3606.20
599.20	3579.40
599.55	3591.00
599.90	3582.80
600.26	3603.60
600.61	3592.60
600.96	3609.00
601.31	3596.60
601.66	3610.60
602.01	3596.20
602.36	3613.20
602.71	3611.00
603.06	3612.00
603.41	3612.60
603.76	3621.00
604.11	3645.20
604.46	3617.60
604.81	3626.20
605.16	3641.20
605.50	3638.60
605.85	3650.40
606.20	3669.00
606.55	3645.40
606.90	3659.80
607.25	3643.40
607.60	3653.20
607.95	3645.20
608.30	3667.60
608.65	3689.00
609.00	3690.20
609.35	3661.20
609.70	3674.20
610.05	3669.20
610.40	3700.80
610.74	3680.60
611.09	3699.80
611.44	3688.40
611.79	3685.40
612.14	3704.00
612.49	3699.20
612.84	3691.20
613.19	3713.80
613.53	3709.00
613.88	3752.40
614.23	3735.00
614.58	3706.60
614.93	3712.60
615.28	3724.60
615.62	3739.00
615.97	3720.20
616.32	3750.00
616.67	3734.40
617.02	3736.20
617.37	3754.80
617.71	3762.00
618.06	3766.20
618.41	3746.00
618.76	3775.40
619.11	3756.80
619.45	3767.20
619.80	3774.00
620.15	3757.40
620.50	3754.00
620.84	3776.80
621.19	3780.80
621.54	3778.60
621.89	3770.20
622.23	3741.20
622.58	3770.40
622.93	3758.80
623.28	3791.80
623.62	3741.80
623.97	3757.80
624.32	3766.20
624.66	3753.00
625.01	3761.40
625.36	3750.00
625.71	3747.00
626.05	3758.60
626.40	3761.40
626.75	3754.00
627.09	3757.60
627.44	3735.40
627.79	3769.60
628.13	3707.00
628.48	3737.40
628.83	3726.60
629.17	3688.60
629.52	3722.40
629.87	3713.60
630.21	3720.20
630.56	3723.20
630.90	3711.20
631.25	3693.60
631.60	3688.20
631.94	3693.60
632.29	3686.20
632.63	3718.80
632.98	3686.00
633.33	3668.80
633.67	3661.00
634.02	3678.80
634.36	3652.40
634.71	3628.80
635.06	3676.20
635.40	3621.40
635.75	3653.60
636.09	3594.20
636.44	3619.20
636.78	3587.40
637.13	3601.40
637.47	3586.40
637.82	3611.00
638.16	3550.60
638.51	3594.80
638.86	3559.20
639.20	3582.80
639.55	3560.00
639.89	3549.60
640.24	3525.00
640.58	3543.60
640.93	3519.40
641.27	3510.00
641.62	3554.60
641.96	3501.20
642.30	3501.20
642.65	3512.60
642.99	3484.40
643.34	3477.80
643.68	3465.40
644.03	3475.40
644.37	3485.40
644.72	3476.80
645.06	3462.00
645.40	3460.60
645.75	3450.60
646.09	3416.00
646.44	3459.80
646.78	3428.40
647.13	3432.60
647.47	3405.60
647.81	3420.80
648.16	3395.20
648.50	3426.40
648.85	3407.80
649.19	3394.80
649.53	3402.40
649.88	3412.00
650.22	3409.00
650.56	3395.40
650.91	3385.00
651.25	3382.40
651.59	3374.20
651.94	3386.00
652.28	3395.00
652.62	3381.40
652.97	3375.40
653.31	3374.60
653.65	3362.20
654.00	3364.40
654.34	3374.60
654.68	3346.00
655.03	3326.20
655.37	3339.40
655.71	3353.60
656.05	3326.40
656.40	3331.00
656.74	3325.60
657.08	3316.60
657.43	3334.80
657.77	3313.80
658.11	3337.60
658.45	3345.60
658.80	3330.40
659.14	3331.60
659.48	3302.80
659.82	3326.20
660.16	3320.80
660.51	3303.20
660.85	3310.00
661.19	3314.00
661.53	3349.20
661.87	3309.60
662.22	3313.00
662.56	3298.60
662.90	3339.00
663.24	3299.80
663.58	3287.20
663.93	3278.40
664.27	3272.20
664.61	3313.60
664.95	3298.00
665.29	3285.20
665.63	3273.00
665.98	3268.60
666.32	3318.60
666.66	3279.40
667.00	3282.00
667.34	3294.40
667.68	3298.20
668.02	3248.40
668.36	3286.80
668.70	3294.80
669.05	3276.80
669.39	3288.60
669.73	3278.00
670.07	3273.80
670.41	3260.00
670.75	3269.40
671.09	3275.00
671.43	3261.00
671.77	3265.80
672.11	3258.80
672.45	3258.20
672.79	3233.40
673.13	3270.40
673.47	3242.20
673.81	3278.00
674.16	3218.80
674.50	3243.00
674.84	3239.80
675.18	3227.00
675.52	3241.80
675.86	3223.60
676.20	3228.60
676.54	3221.80
676.88	3203.00
677.22	3222.20
677.56	3194.00
677.90	3200.00
678.23	3199.60
678.57	3197.60
678.91	3203.60
679.25	3213.00
679.59	3189.80
679.93	3165.60
680.27	3176.80
680.61	3173.20
680.95	3162.20
681.29	3173.40
681.63	3137.40
681.97	3162.80
682.31	3135.40
682.65	3151.20
682.99	3177.20
683.32	3123.40
683.66	3137.00
684.00	3120.00
684.34	3101.60
684.68	3060.20
685.02	3114.80
685.36	3076.40
685.70	3065.80
686.03	3064.60
686.37	3098.00
686.71	3056.40
687.05	3059.60
687.39	3043.80
687.73	3018.00
688.07	3015.40
688.40	3021.40
688.74	3015.40
689.08	2983.00
689.42	2991.40
689.76	3004.00
690.09	2982.80
690.43	2962.80
690.77	2981.60
691.11	2934.40
691.45	2916.60
691.78	2934.00
692.12	2918.40
692.46	2937.40
692.80	2910.80
693.13	2917.80
693.47	2896.00
693.81	2893.20
694.15	2895.20
694.48	2882.60
694.82	2852.60
695.16	2863.80
695.50	2854.60
695.83	2829.40
696.17	2826.80
696.51	2819.60
696.84	2799.60
697.18	2800.00
697.52	2798.80
697.85	2773.40
698.19	2772.60
698.53	2771.20
698.87	2761.20
699.20	2760.80
699.54	2730.20
699.88	2746.40
700.21	2724.60
700.55	2719.20
700.88	2702.20
701.22	2690.80
701.56	2693.20
701.89	2678.60
702.23	2675.60
702.57	2667.00
702.90	2639.60
703.24	2661.40
703.57	2632.40
703.91	2639.40
704.25	2625.40
704.58	2635.20
704.92	2615.00
705.25	2598.00
705.59	2590.00
705.93	2590.20
706.26	2582.40
706.60	2579.00
706.93	2557.20
707.27	2548.20
707.60	2562.00
707.94	2527.20
708.27	2536.00
708.61	2548.00
708.95	2520.20
709.28	2503.20
709.62	2511.80
709.95	2523.60
710.29	2502.20
710.62	2482.20
710.96	2472.20
711.29	2457.00
711.63	2487.80
711.96	2462.60
712.30	2447.60
712.63	2452.40
712.96	2437.20
713.30	2444.20
713.63	2437.00
713.97	2427.40
714.30	2428.00
714.64	2401.80
714.97	2418.60
715.31	2405.00
715.64	2414.40
715.97	2395.80
716.31	2394.60
716.64	2364.60
716.98	2378.80
717.31	2379.80
717.64	2375.00
717.98	2366.20
718.31	2373.00
718.65	2362.80
718.98	2339.20
719.31	2361.60
719.65	2356.40
719.98	2332.60
720.32	2350.60
720.65	2340.40
720.98	2317.40
721.32	2313.40
721.65	2326.00
721.98	2324.20
722.32	2342.40
722.65	2333.60
722.98	2313.80
723.32	2312.00
723.65	2283.60
723.98	2299.40
724.31	2274.80
724.65	2293.00
724.98	2282.60
725.31	2277.60
725.65	2296.00
725.98	2278.00
726.31	2269.60
726.64	2256.80
726.98	2261.20
727.31	2268.20
727.64	2257.80
727.97	2263.00
728.31	2250.00
728.64	2259.20
728.97	2248.40
729.30	2242.40
729.64	2278.00
729.97	2231.20
730.30	2224.00
730.63	2229.20
730.96	2239.40
731.30	2230.00
731.63	2237.00
731.96	2233.20
732.29	2228.00
732.62	2229.20
732.96	2220.00
733.29	2222.60
733.62	2228.40
733.95	2220.80
734.28	2208.20
734.61	2209.80
734.94	2213.60
735.28	2198.80
735.61	2187.80
735.94	2196.20
736.27	2186.00
736.60	2182.20
736.93	2174.00
737.26	2182.20
737.59	2177.60
737.92	2188.60
738.26	2176.80
738.59	2142.60
738.92	2163.20
739.25	2159.80
739.58	2156.60
739.91	2160.80
740.24	2154.60
740.57	2154.00
740.90	2144.00
741.23	2137.00
741.56	2128.00
741.89	2142.40
742.22	2119.20
742.55	2144.60
742.88	2129.80
743.21	2121.00
743.54	2129.00
743.87	2128.80
744.20	2128.80
744.53	2096.80
744.86	2108.60
745.19	2089.80
745.52	2087.40
745.85	2100.20
746.18	2093.60
746.51	2084.60
746.84	2106.20
747.17	2058.20
747.50	2059.60
747.83	2060.40
748.16	2063.40
748.49	2064.80
748.82	2030.60
749.15	2050.20
749.48	2045.40
749.81	2039.60
750.14	2043.20
750.46	2031.40
750.79	2007.60
751.12	2020.80
751.45	2024.00
751.78	2004.80
752.11	2007.20
752.44	1993.20
752.77	1983.40
753.10	1985.20
753.42	1975.00
753.75	1965.40
754.08	1964.40
754.41	1956.60
754.74	1958.40
755.07	1954.60
755.39	1922.80
755.72	1935.80
756.05	1917.80
756.38	1929.40
756.71	1931.40
757.04	1911.20
757.36	1896.20
757.69	1903.40
758.02	1891.40
758.35	1889.40
758.67	1889.40
759.00	1877.20
759.33	1862.20
759.66	1867.80
759.99	1835.80
760.31	1847.00
760.64	1850.60
760.97	1850.60
761.30	1815.00
761.62	1822.00
761.95	1815.80
762.28	1805.00
762.60	1784.60
762.93	1794.80
763.26	1793.20
763.59	1767.20
763.91	1770.40
764.24	1751.00
764.57	1766.40
764.89	1751.80
765.22	1741.00
765.55	1738.80
765.87	1731.80
766.20	1701.00
766.53	1712.20
766.85	1705.00
767.18	1690.80
767.51	1699.80
767.83	1678.40
768.16	1682.40
768.48	1664.60
768.81	1649.80
769.14	1653.60
769.46	1645.80
769.79	1639.20
770.12	1632.20
770.44	1626.20
770.77	1627.60
771.09	1587.60
771.42	1599.80
771.74	1595.80
772.07	1607.60
772.40	1589.20
772.72	1597.20
773.05	1577.40
773.37	1562.80
773.70	1539.00
774.02	1553.80
774.35	1537.00
774.67	1518.20
775.00	1522.40
775.32	1508.80
775.65	1505.00
775.97	1502.20
776.30	1505.60
776.63	1475.00
776.95	1484.60
777.27	1471.40
777.60	1457.60
777.92	1464.40
778.25	1461.40
778.57	1444.80
778.90	1457.80
779.22	1430.20
779.55	1425.40
779.87	1422.80
780.20	1420.20
780.52	1413.40
780.85	1404.20
781.17	1394.60
781.49	1376.80
781.82	1386.60
782.14	1370.60
782.47	1379.60
782.79	1371.00
783.11	1348.20
783.44	1335.80
783.76	1344.20
784.09	1328.40
784.41	1336.40
784.73	1317.00
785.06	1315.60
785.38	1305.00
785.70	1308.00
786.03	1296.60
786.35	1291.60
786.67	1280.80
787.00	1283.20
787.32	1270.00
787.64	1276.40
787.97	1262.60
788.29	1250.80
788.61	1249.60
788.94	1261.00
789.26	1249.80
789.58	1249.20
789.91	1244.60
790.23	1257.40
790.55	1248.20
790.87	1228.20
791.20	1243.60
791.52	1240.60
791.84	1238.40
792.16	1239.20
792.49	1237.40
792.81	1234.20
793.13	1234.00
793.45	1223.80
793.78	1255.00
794.10	1238.00
794.42	1223.60
794.74	1221.40
795.06	1237.40
795.39	1243.00
795.71	1227.40
796.03	1246.20
796.35	1245.60
796.67	1233.40
797.00	1236.40
797.32	1240.20
797.64	1244.00
797.96	1239.00
798.28	1246.40
798.60	1257.80
798.93	1252.60
799.25	1239.20
799.57	1240.60
799.89	1250.40
800.21	1237.60
800.53	1234.60
800.85	1234.80
801.17	1226.20
801.50	1240.40
801.82	1238.40
802.14	1244.20
802.46	1240.40
802.78	1252.80
803.10	1247.60
803.42	1238.60
803.74	1233.80
804.06	1230.60
804.38	1233.00
804.70	1226.40
805.02	1216.00
805.34	1232.60
805.66	1222.80
805.98	1228.00
806.30	1246.20
806.62	1226.80
806.94	1230.00
807.26	1211.20
807.58	1224.20
807.90	1234.00
808.22	1225.20
808.54	1217.40
808.86	1233.60
809.18	1214.80
809.50	1221.00
809.82	1212.60
810.14	1214.60
810.46	1211.20
810.78	1212.40
811.10	1207.40
811.42	1212.20
811.74	1199.20
812.06	1211.00
812.38	1212.40
812.70	1183.00
813.02	1187.20
813.34	1203.40
813.66	1187.20
813.97	1196.60
814.29	1183.00
814.61	1174.80
814.93	1201.00
815.25	1190.60
815.57	1195.80
815.89	1185.80
816.21	1175.40
816.52	1172.20
816.84	1173.60
817.16	1171.20
817.48	1170.20
817.80	1168.80
818.12	1167.80
818.43	1165.60
818.75	1160.20
819.07	1155.00
819.39	1159.80
819.71	1154.20
820.03	1161.60
820.34	1148.20
820.66	1149.40
820.98	1139.20
821.30	1142.40
821.61	1126.80
821.93	1142.00
822.25	1134.80
822.57	1132.80
822.88	1135.80
823.20	1122.00
823.52	1124.40
823.84	1125.20
824.15	1135.00
824.47	1129.60
824.79	1124.60
825.11	1121.20
825.42	1127.80
825.74	1120.20
826.06	1108.40
826.37	1114.00
826.69	1114.40
827.01	1110.00
827.32	1109.00
827.64	1097.00
827.96	1085.00
828.27	1104.80
828.59	1087.40
828.91	1086.00
829.22	1092.60
829.54	1090.60
829.86	1085.00
830.17	1095.20
830.49	1085.00
830.81	1076.60
831.12	1069.80
831.44	1077.80
831.75	1071.80
832.07	1076.60
832.39	1075.40
832.70	1061.60
833.02	1057.40
833.33	1053.20
833.65	1065.20
833.96	1062.40
834.28	1061.60
834.60	1053.80
834.91	1034.60
835.23	1043.60
835.54	1046.20
835.86	1051.60
836.17	1049.80
836.49	1031.20
836.80	1037.80
837.12	1033.00
837.43	1031.20
837.75	1025.60
838.06	1032.60
838.38	1031.40
838.69	1026.40
839.01	1014.40
839.32	1022.60
839.64	1013.00
839.95	1023.40
840.27	1012.40
840.58	1012.40
840.90	1002.40
841.21	1006.60
841.53	993.80
841.84	991.60
842.15	994.80
842.47	999.80
842.78	988.80
843.10	989.00
843.41	979.20
843.72	980.00
844.04	976.00
844.35	967.40
844.67	968.60
844.98	965.80
845.29	959.20
845.61	957.80
845.92	961.00
846.23	950.60
846.55	951.40
846.86	946.40
847.18	941.40
847.49	938.40
847.80	940.00
848.12	929.20
848.43	920.00
848.74	933.60
849.05	922.80
849.37	918.20
849.68	921.00
849.99	907.00
850.31	902.80
850.62	898.00
850.93	895.20
851.24	896.80
851.56	893.60
851.87	885.20
852.18	886.80
852.50	890.80
852.81	890.40
853.12	880.20
853.43	873.00
853.74	876.20
854.06	865.00
854.37	863.40
854.68	859.40
854.99	862.00
855.31	847.40
855.62	839.20
855.93	841.20
856.24	838.80
856.55	826.00
856.87	830.60
857.18	821.20
857.49	821.40
857.80	824.20
858.11	810.80
858.42	806.40
858.73	814.80
859.05	800.40
859.36	789.60
859.67	792.00
859.98	786.80
860.29	795.20
860.60	786.80
860.91	787.60
861.22	785.20
861.54	778.60
861.85	777.20
862.16	763.40
862.47	759.00
862.78	762.40
863.09	759.80
863.40	752.60
863.71	754.40
864.02	755.80
864.33	750.40
864.64	736.40
864.95	735.00
865.26	724.20
865.57	726.20
865.88	719.20
866.19	726.60
866.50	714.60
866.81	722.40
867.12	715.60
867.43	707.00
867.74	699.80
868.05	695.40
868.36	694.20
868.67	691.60
868.98	688.00
869.29	686.00
869.60	682.00
869.91	689.40
870.22	683.60
870.53	678.00
870.84	663.00
871.15	657.20
871.46	662.80
871.77	652.80
872.08	658.80
872.39	649.80
872.69	642.60
873.00	645.00
873.31	642.20
873.62	637.00
873.93	634.40
874.24	634.20
874.55	624.20
874.86	626.60
875.16	623.20
875.47	610.00
875.78	615.60
876.09	606.20
876.40	602.40
876.71	596.40
877.01	601.40
877.32	594.20
877.63	596.20
877.94	591.20
878.25	588.40
878.56	585.20
878.86	587.40
879.17	576.80
879.48	573.80
879.79	569.20
880.09	566.20
880.40	562.80
880.71	559.80
881.02	556.60
881.32	559.60
881.63	557.80
881.94	555.80
882.25	551.80
882.55	552.60
882.86	545.60
883.17	544.60
883.48	546.60
883.78	549.80
884.09	540.20
884.40	541.00
884.70	538.80
885.01	533.40
885.32	531.00
885.62	531.20
885.93	535.20
886.24	530.40
886.54	532.60
886.85	526.20
887.16	524.60
887.46	519.00
887.77	532.00
888.08	521.20
888.38	523.40
888.69	523.80
888.99	516.60
889.30	523.40
889.61	522.60
889.91	525.40
890.22	514.80
890.52	526.20
890.83	514.60
891.14	521.80
891.44	519.80
891.75	525.80
892.05	516.20
892.36	520.40
892.66	514.80
892.97	513.80
893.27	514.40
893.58	510.40
893.89	518.60
894.19	514.00
894.50	512.20
894.80	514.60
895.11	518.20
895.41	520.00
895.72	518.00
896.02	512.60
896.33	519.40
896.63	522.40
896.93	511.00
897.24	509.60
897.54	514.60
897.85	511.80
898.15	515.00
898.46	512.20
898.76	514.20
899.07	517.60
899.37	519.40
899.67	513.80
899.98	514.00
900.28	514.00
900.59	514.80
900.89	515.20
901.19	516.00
901.50	518.20
901.80	511.20
902.11	516.80
902.41	517.60
902.71	514.80
903.02	509.00
903.32	514.60
903.62	511.40
903.93	509.80
904.23	517.80
904.53	518.40
904.84	517.40
905.14	516.40
905.44	507.20
905.75	511.20
906.05	513.20
906.35	513.40
906.66	508.00
906.96	511.60
907.26	517.60
907.56	504.60
907.87	506.60
908.17	503.00
908.47	507.40
908.77	505.40
909.08	498.60
909.38	501.40
909.68	504.20
909.98	496.80
910.29	501.80
910.59	502.20
910.89	495.60
911.19	495.60
911.50	492.00
911.80	491.60
912.10	491.00
912.40	501.80
912.70	491.60
913.00	494.60
913.31	490.00
913.61	490.60
913.91	483.60
914.21	485.80
914.51	487.00
914.81	491.60
915.12	482.20
915.42	487.00
915.72	482.40
916.02	479.40
916.32	480.60
916.62	475.20
916.92	478.80
917.22	477.80
917.52	477.40
917.83	470.40
918.13	470.60
918.43	471.00
918.73	472.40
919.03	468.60
919.33	471.80
919.63	467.00
919.93	465.60
920.23	462.60
920.53	462.00
920.83	460.20
921.13	460.60
921.43	453.00
921.73	453.80
922.03	458.40
922.33	453.60
922.63	457.60
922.93	454.60
923.23	448.80
923.53	449.80
923.83	445.80
924.13	443.40
924.43	444.40
924.73	444.40
925.03	442.00
925.33	441.40
925.63	443.00
925.93	436.40
926.23	437.60
926.53	432.40
926.83	435.60
927.13	431.40
927.42	430.80
927.72	429.80
928.02	425.20
928.32	422.00
928.62	426.20
928.92	424.00
929.22	423.20
929.52	417.20
929.82	427.60
930.11	416.40
930.41	422.20
930.71	416.00
931.01	415.00
931.31	416.60
931.61	416.00
931.90	411.80
932.20	408.40
932.50	404.60
932.80	404.20
933.10	409.40
933.39	401.40
933.69	400.80
933.99	403.20
934.29	398.40
934.59	399.00
934.88	399.20
935.18	394.00
935.48	397.00
935.78	391.00
936.07	383.80
936.37	384.00
936.67	389.20
936.97	385.80
937.26	384.80
937.56	386.00
937.86	382.80
938.15	382.40
938.45	380.60
938.75	377.40
939.05	379.00
939.34	377.40
939.64	374.80
939.94	375.40
940.23	375.20
940.53	371.80
940.83	369.00
941.12	365.40
941.42	369.40
941.71	363.60
942.01	364.80
942.31	358.40
942.60	355.20
942.90	356.40
943.20	355.20
943.49	357.40
943.79	355.20
944.08	352.40
944.38	351.60
944.68	349.40
944.97	348.20
945.27	351.00
945.56	344.20
945.86	341.20
946.15	349.60
946.45	344.40
946.74	337.20
947.04	332.40
947.34	335.60
947.63	336.00
947.93	337.60
948.22	334.00
948.52	330.80
948.81	326.80
949.11	327.20
949.40	325.80
949.70	324.20
949.99	322.80
950.29	322.40
950.58	320.20
950.87	322.60
951.17	316.60
951.46	318.40
951.76	316.20
952.05	316.20
952.35	310.20
952.64	311.20
952.94	310.20
953.23	309.80
953.52	305.20
953.82	307.80
954.11	304.40
954.41	302.20
954.70	302.60
954.99	301.00
955.29	297.80
955.58	300.40
955.87	298.40
956.17	297.60
956.46	297.00
956.76	293.20
957.05	293.00
957.34	295.60
957.64	291.20
957.93	288.40
958.22	285.20
958.52	285.40
958.81	282.00
959.10	283.80
959.39	283.80
959.69	285.60
959.98	279.60
960.27	281.60
960.57	279.80
960.86	274.40
961.15	278.20
961.44	275.60
961.74	273.00
962.03	272.20
962.32	273.20
962.61	271.40
962.91	267.20
963.20	267.80
963.49	264.60
963.78	264.80
964.07	266.40
964.37	261.20
964.66	262.60
964.95	259.20
965.24	259.40
965.53	255.20
965.83	258.00
966.12	256.00
966.41	255.40
966.70	254.00
966.99	249.60
967.28	254.40
967.57	250.00
967.87	247.80
968.16	244.00
968.45	245.60
968.74	246.20
969.03	245.80
969.32	245.20
969.61	241.80
969.90	243.40
970.19	240.40
970.49	238.80
970.78	233.40
971.07	238.00
971.36	233.20
971.65	236.60
971.94	233.20
972.23	228.00
972.52	232.80
972.81	229.40
973.10	230.80
973.39	227.00
973.68	225.60
973.97	223.80
974.26	223.80
974.55	226.20
974.84	225.60
975.13	224.20
975.42	218.00
975.71	222.40
976.00	218.20
976.29	220.00
976.58	217.80
976.87	212.00
977.16	215.60
977.45	215.80
977.74	216.20
978.03	212.00
978.32	214.40
978.60	212.40
978.89	211.40
979.18	212.80
979.47	210.20
979.76	206.00
980.05	207.20
980.34	207.40
980.63	202.40
980.92	205.60
981.20	203.40
981.49	205.20
981.78	203.20
982.07	200.20
982.36	200.00
982.65	200.00
982.94	196.40
983.22	198.80
983.51	198.40
983.80	199.60
984.09	195.60
984.38	193.80
984.66	194.40
984.95	190.20
985.24	195.40
985.53	195.80
985.82	191.20
986.10	190.00
986.39	189.80
986.68	191.20
986.97	188.20
987.25	186.00
987.54	188.40
987.83	187.20
988.12	187.20
988.40	184.00
988.69	187.40
988.98	184.60
989.26	182.60
989.55	183.00
989.84	183.40
990.12	184.20
990.41	181.80
990.70	179.20
990.98	180.80
991.27	181.00
991.56	181.40
991.84	177.20
992.13	180.60
992.42	180.20
992.70	178.20
992.99	175.80
993.28	176.00
993.56	173.80
993.85	173.40
994.13	174.80
994.42	173.80
994.71	173.40
994.99	173.80
995.28	169.40
995.56	170.20
995.85	171.20
996.14	171.00
996.42	170.60
996.71	170.60
996.99	171.60
997.28	169.80
997.56	168.80
997.85	168.20
998.13	167.60
998.42	165.60
998.70	168.80
998.99	169.00
999.27	165.80
999.56	165.20
999.84	166.40
1000.13	165.40
1000.41	165.20
1000.70	162.20
1000.98	166.40
1001.27	164.40
1001.55	163.80
1001.84	161.60
1002.12	162.40
1002.40	162.20
1002.69	162.60
1002.97	163.40
1003.26	161.60
1003.54	161.40
1003.83	162.60
1004.11	157.60
1004.39	159.20
1004.68	159.60
1004.96	160.00
1005.24	160.00
1005.53	159.00
1005.81	158.60
1006.10	158.00
1006.38	155.00
1006.66	155.40
1006.95	155.60
1007.23	154.40
1007.51	155.60
1007.80	157.20
1008.08	153.80
1008.36	156.00
1008.65	154.40
1008.93	153.40
1009.21	151.40
1009.49	154.40
1009.78	152.60
1010.06	151.80
1010.34	152.40
1010.63	152.60
1010.91	150.80
1011.19	149.80
1011.47	150.20
1011.76	150.80
1012.04	150.40
1012.32	152.60
1012.60	148.60
1012.88	148.40
1013.17	147.40
1013.45	149.40
1013.73	147.60
1014.01	149.00
1014.29	146.20
1014.58	146.80
1014.86	146.00
1015.14	148.00
1015.42	147.20
1015.70	146.20
1015.98	145.40
1016.27	147.40
1016.55	147.40
1016.83	146.00
1017.11	144.60
1017.39	143.80
1017.67	142.80
1017.95	145.20
1018.23	143.80
1018.52	142.60
1018.80	142.60
1019.08	143.20
1019.36	144.20
1019.64	141.60
1019.92	144.00
1020.20	144.00
1020.48	144.20
1020.76	143.40
1021.04	142.00
1021.32	140.20
1021.60	140.60
1021.88	142.60
1022.16	141.20
1022.44	140.00
1022.72	140.40
